start	end	obs	exp	var
0	49999	1.4649978209	1.4649978209	0.0
50000	99999	1.6979883574466081	1.4649978209	0.23299053654660806
100000	149999	2.525083786	1.4649978209	1.0600859651
150000	199999	2.3186110211	1.4649978209	0.8536132002000001
200000	249999	2.1195444279458133	1.4649978209	0.6545466070458132
250000	299999	1.7332430654558473	1.4649978209	0.2682452445558472
300000	349999	1.2574804949819451	1.4649978209	-0.20751732591805494
350000	399999	2.3376283357	1.4649978209	0.8726305147999998
400000	449999	1.7426859210654482	1.4649978209	0.2776881001654481
450000	499999	1.579386119403138	1.4649978209	0.11438829850313792
500000	549999	1.5820990347508652	1.4649978209	0.11710121385086514
550000	599999	2.2821801275	1.4649978209	0.8171823066000001
600000	649999	1.9163892318224793	1.4649978209	0.45139141092247925
650000	699999	2.2981128681357115	1.4649978209	0.8331150472357114
700000	749999	0.9271624146401674	1.4649978209	-0.5378354062598327
750000	799999	0.6215706701860291	1.4649978209	-0.843427150713971
800000	849999	1.72454070417652	1.4649978209	0.25954288327651986
850000	899999	2.0681035143724245	1.4649978209	0.6031056934724244
900000	949999	1.5562689031465637	1.4649978209	0.09127108224656366
950000	999999	1.481795142157567	1.4649978209	0.016797321257566944
1000000	1049999	2.0887639751072387	1.4649978209	0.6237661542072386
1050000	1099999	1.4454103031947358	1.4649978209	-0.019587517705264235
1100000	1149999	1.9453334847178652	1.4649978209	0.4803356638178651
1150000	1199999	1.3491006525813607	1.4649978209	-0.11589716831863939
1200000	1249999	1.9368990791475678	1.4649978209	0.4719012582475677
1250000	1299999	1.6109926149214449	1.4649978209	0.14599479402144477
1300000	1349999	1.8838117282335083	1.4649978209	0.4188139073335082
1350000	1399999	1.890974459561249	1.4649978209	0.4259766386612489
1400000	1449999	1.7948001475917024	1.4649978209	0.3298023266917023
1450000	1499999	0.9408309965056427	1.4649978209	-0.5241668243943574
1500000	1549999	1.1437580247533967	1.4649978209	-0.32123979614660336
1550000	1599999	1.4943250784390687	1.4649978209	0.02932725753906862
1600000	1649999	1.5564169771107301	1.4649978209	0.09141915621073005
1650000	1699999	1.7002342463918518	1.4649978209	0.23523642549185175
1700000	1749999	1.4011799985404991	1.4649978209	-0.06381782235950095
1750000	1799999	1.2171775153776472	1.4649978209	-0.2478203055223529
1800000	1849999	1.2217399814081025	1.4649978209	-0.2432578394918976
1850000	1899999	1.3857496524466675	1.4649978209	-0.0792481684533326
1900000	1949999	1.1176520402240624	1.4649978209	-0.3473457806759377
1950000	1999999	1.3787029186160944	1.4649978209	-0.08629490228390568
2000000	2049999	1.6121646969174348	1.4649978209	0.14716687601743472
2050000	2099999	1.8879762746890931	1.4649978209	0.42297845378909305
2100000	2149999	1.2597161271141455	1.4649978209	-0.2052816937858546
2150000	2199999	0.7089596459478974	1.4649978209	-0.7560381749521027
2200000	2249999	1.4867918623769594	1.4649978209	0.02179404147695929
2250000	2299999	2.2587147054053163	1.4649978209	0.7937168845053162
2300000	2349999	1.19598424242233	1.4649978209	-0.26901357847767016
2350000	2399999	1.5331049699814088	1.4649978209	0.06810714908140869
2400000	2449999	1.1122536581163391	1.4649978209	-0.35274416278366094
2450000	2499999	1.418114808649496	1.4649978209	-0.046883012250504175
2500000	2549999	1.6059845614431336	1.4649978209	0.14098674054313354
2550000	2599999	2.2024802263322205	1.4649978209	0.7374824054322204
2600000	2649999	1.0928600089736085	1.4649978209	-0.3721378119263916
2650000	2699999	0.9234348423724184	1.4649978209	-0.5415629785275817
2700000	2749999	1.4167363273873321	1.4649978209	-0.04826149351266795
2750000	2799999	2.2357598874072817	1.4649978209	0.7707620665072816
2800000	2849999	1.328493009209514	1.4649978209	-0.13650481169048612
2850000	2899999	1.7634653724430696	1.4649978209	0.2984675515430695
2900000	2949999	2.458240697377936	1.4649978209	0.9932428764779357
2950000	2999999	1.4181119929217298	1.4649978209	-0.046885827978270234
3000000	3049999	0.8935597310452454	1.4649978209	-0.5714380898547546
3050000	3099999	1.6695174406849702	1.4649978209	0.20451961978497013
3100000	3149999	1.6722875510375368	1.4649978209	0.2072897301375367
3150000	3199999	1.6665214998334992	1.4649978209	0.2015236789334991
3200000	3249999	1.4592716537861055	1.4649978209	-0.00572616711389462
3250000	3299999	1.3877806906500427	1.4649978209	-0.07721713024995736
3300000	3349999	1.545053228523929	1.4649978209	0.08005540762392882
3350000	3399999	1.8298193457011291	1.4649978209	0.36482152480112906
3400000	3449999	2.0671075749740844	1.4649978209	0.6021097540740843
3450000	3499999	1.7307279174927521	1.4649978209	0.26573009659275204
3500000	3549999	1.5400962845180588	1.4649978209	0.07509846361805872
3550000	3599999	1.7903696206202149	1.4649978209	0.3253717997202148
3600000	3649999	1.537511968784607	1.4649978209	0.07251414788460697
3650000	3699999	1.341245740623288	1.4649978209	-0.12375208027671203
3700000	3749999	1.6472152816099794	1.4649978209	0.18221746070997935
3750000	3799999	1.5933095615970458	1.4649978209	0.12831174069704576
3800000	3849999	1.7762953418510072	1.4649978209	0.31129752095100716
3850000	3899999	1.2501759962670715	1.4649978209	-0.21482182463292854
3900000	3949999	1.62505128201783	1.4649978209	0.16005346111782992
3950000	3999999	2.016911921081305	1.4649978209	0.5519141001813048
4000000	4049999	2.156655751002881	1.4649978209	0.6916579301028809
4050000	4099999	1.1015715376411102	1.4649978209	-0.3634262832588899
4100000	4149999	2.0433112039823915	1.4649978209	0.5783133830823914
4150000	4199999	1.0228646274009583	1.4649978209	-0.4421331934990418
4200000	4249999	0.9186081479792878	1.4649978209	-0.5463896729207123
4250000	4299999	1.6059350767856753	1.4649978209	0.14093725588567518
4300000	4349999	1.738655015363504	1.4649978209	0.273657194463504
4350000	4399999	1.7097276585020722	1.4649978209	0.24472983760207212
4400000	4449999	1.4868702945949097	1.4649978209	0.021872473694909633
4450000	4499999	1.4813409609785126	1.4649978209	0.016343140078512564
4500000	4549999	1.5059656483515313	1.4649978209	0.04096782745153127
4550000	4599999	0.6262874943552308	1.4649978209	-0.8387103265447693
4600000	4649999	2.044769298038971	1.4649978209	0.5797714771389708
4650000	4699999	1.773142490142572	1.4649978209	0.308144669242572
4700000	4749999	0.5534191631669556	1.4649978209	-0.9115786577330445
4750000	4799999	1.4044252583330186	1.4649978209	-0.060572562566981514
4800000	4849999	1.6111764307794953	1.4649978209	0.14617860987949527
4850000	4899999	1.6316531571986084	1.4649978209	0.1666553362986083
4900000	4949999	1.179765135456444	1.4649978209	-0.28523268544355607
4950000	4999999	1.4161698835006333	1.4649978209	-0.04882793739936675
5000000	5049999	1.803252455095392	1.4649978209	0.3382546341953918
5050000	5099999	1.1352498362736205	1.4649978209	-0.32974798462637955
5100000	5149999	1.754997516979416	1.4649978209	0.289999696079416
5150000	5199999	0.6937810635092774	1.4649978209	-0.7712167573907227
5200000	5249999	0.8522329030604004	1.4649978209	-0.6127649178395996
5250000	5299999	1.2479186336150057	1.4649978209	-0.21707918728499442
5300000	5349999	1.477005087488449	1.4649978209	0.012007266588448973
5350000	5399999	1.3491333920524278	1.4649978209	-0.11586442884757231
5400000	5449999	0.8831063982013917	1.4649978209	-0.5818914226986084
5450000	5499999	0.2811989334359193	1.4649978209	-1.1837988874640808
5500000	5549999	0.4671718132	1.4649978209	-0.9978260077000001
5550000	5599999	1.397271318298384	1.4649978209	-0.06772650260161606
5600000	5649999	2.0862268937985045	1.4649978209	0.6212290728985044
5650000	5699999	2.2088433723389285	1.4649978209	0.7438455514389284
5700000	5749999	1.9283644389556245	1.4649978209	0.4633666180556244
5750000	5799999	0.7976913826607483	1.4649978209	-0.6673064382392517
5800000	5849999	1.3875572581147684	1.4649978209	-0.0774405627852317
5850000	5899999	1.413164692048491	1.4649978209	-0.051833128851509036
5900000	5949999	1.1412795225222931	1.4649978209	-0.32371829837770694
5950000	5999999	1.642872720975058	1.4649978209	0.1778749000750579
6000000	6049999	1.454978102747728	1.4649978209	-0.010019718152272095
6050000	6099999	0.21331476570000008	1.4649978209	-1.2516830552
6100000	6149999	0.09351789970000013	1.4649978209	-1.3714799212
6150000	6199999	0.5352625089276002	1.4649978209	-0.9297353119723999
6200000	6249999	0.942329650624431	1.4649978209	-0.5226681702755691
6250000	6299999	0.9343052339412874	1.4649978209	-0.5306925869587127
6300000	6349999	1.0194954161516443	1.4649978209	-0.4455024047483558
6350000	6399999	1.1330786832038853	1.4649978209	-0.3319191376961148
6400000	6449999	0.9958434930437806	1.4649978209	-0.46915432785621947
6450000	6499999	0.7963399692395859	1.4649978209	-0.6686578516604141
6500000	6549999	1.0419619097611421	1.4649978209	-0.42303591113885797
6550000	6599999	0.7925664069346283	1.4649978209	-0.6724314139653718
6600000	6649999	0.6534034771222199	1.4649978209	-0.8115943437777802
6650000	6699999	0.7134408159941621	1.4649978209	-0.751557004905838
6700000	6749999	0.583614816052713	1.4649978209	-0.881383004847287
6750000	6799999	0.5729607768177583	1.4649978209	-0.8920370440822418
6800000	6849999	0.6591078143527345	1.4649978209	-0.8058900065472656
6850000	6899999	0.7777932569869431	1.4649978209	-0.687204563913057
6900000	6949999	0.8108249689810395	1.4649978209	-0.6541728519189606
6950000	6999999	0.9413839547615053	1.4649978209	-0.5236138661384948
7000000	7049999	1.1347442107664412	1.4649978209	-0.3302536101335589
7050000	7099999	0.871065915351181	1.4649978209	-0.593931905548819
7100000	7149999	0.7240660938821504	1.4649978209	-0.7409317270178497
7150000	7199999	0.7880481437056672	1.4649978209	-0.6769496771943329
7200000	7249999	0.9430171271988237	1.4649978209	-0.5219806937011764
7250000	7299999	0.6983898571054963	1.4649978209	-0.7666079637945038
7300000	7349999	0.6124245048340058	1.4649978209	-0.8525733160659943
7350000	7399999	0.6755246601798859	1.4649978209	-0.7894731607201142
7400000	7449999	0.9044248692449525	1.4649978209	-0.5605729516550476
7450000	7499999	0.975488892368416	1.4649978209	-0.4895089285315841
7500000	7549999	1.0437084621862671	1.4649978209	-0.42128935871373296
7550000	7599999	0.8331324555674592	1.4649978209	-0.6318653653325409
7600000	7649999	0.6688187873155884	1.4649978209	-0.7961790335844117
7650000	7699999	0.8732204415615983	1.4649978209	-0.5917773793384018
7700000	7749999	0.9244959867277069	1.4649978209	-0.5405018341722931
7750000	7799999	0.8496942181794098	1.4649978209	-0.6153036027205903
7800000	7849999	0.8538997203018037	1.4649978209	-0.6110981005981964
7850000	7899999	0.46021850170526135	1.4649978209	-1.0047793191947387
7900000	7949999	0.09210439210000021	1.4649978209	-1.3728934287999999
7950000	7999999	1.334476231406498	1.4649978209	-0.13052158949350212
8000000	8049999	0.8340941263079041	1.4649978209	-0.6309036945920959
8050000	8099999	0.9961157531549806	1.4649978209	-0.4688820677450195
8100000	8149999	1.0501455926301786	1.4649978209	-0.4148522282698215
8150000	8199999	1.1804280584359956	1.4649978209	-0.28456976246400445
8200000	8249999	0.9337024975406251	1.4649978209	-0.531295323359375
8250000	8299999	0.8212942605724977	1.4649978209	-0.6437035603275024
8300000	8349999	0.8027412695254548	1.4649978209	-0.6622565513745453
8350000	8399999	0.8431008509716249	1.4649978209	-0.6218969699283752
8400000	8449999	0.6577189275815919	1.4649978209	-0.8072788933184082
8450000	8499999	0.995081803406228	1.4649978209	-0.4699160174937721
8500000	8549999	0.9254157124565354	1.4649978209	-0.5395821084434647
8550000	8599999	0.7360703691813737	1.4649978209	-0.7289274517186264
8600000	8649999	0.7562775693332642	1.4649978209	-0.7087202515667359
8650000	8699999	0.0	1.4649978209	-1.4649978209
8700000	8749999	0.2665222852	1.4649978209	-1.1984755357
8750000	8799999	0.20976176874267582	1.4649978209	-1.2552360521573243
8800000	8849999	0.5197627827726929	1.4649978209	-0.9452350381273071
8850000	8899999	1.1355812664776415	1.4649978209	-0.3294165544223586
8900000	8949999	1.0335867104292373	1.4649978209	-0.43141111047076275
8950000	8999999	1.0564016761658404	1.4649978209	-0.4085961447341597
9000000	9049999	1.103284303142149	1.4649978209	-0.361713517757851
9050000	9099999	1.5911812226110933	1.4649978209	0.1261834017110932
9100000	9149999	1.4917687752853166	1.4649978209	0.026770954385316514
9150000	9199999	0.9080162691857362	1.4649978209	-0.5569815517142639
9200000	9249999	1.081443391133142	1.4649978209	-0.38355442976685805
9250000	9299999	1.081606612364093	1.4649978209	-0.383391208535907
9300000	9349999	0.39740635808002933	1.4649978209	-1.0675914628199707
9350000	9399999	0.1020845775000001	1.4649978209	-1.3629132434
9400000	9449999	0.5091162038786072	1.4649978209	-0.9558816170213928
9450000	9499999	1.0694431523930752	1.4649978209	-0.3955546685069249
9500000	9549999	1.0031018340111428	1.4649978209	-0.46189598688885725
9550000	9599999	0.1106511576235536	1.4649978209	-1.3543466632764465
9600000	9649999	0.0981154232413941	1.4649978209	-1.366882397658606
9650000	9699999	0.5554914866093232	1.4649978209	-0.9095063342906768
9700000	9749999	1.0365885385299725	1.4649978209	-0.4284092823700276
9750000	9799999	0.9890945351406886	1.4649978209	-0.4759032857593115
9800000	9849999	0.7356332434964692	1.4649978209	-0.7293645774035309
9850000	9899999	0.6602674305289338	1.4649978209	-0.8047303903710663
9900000	9949999	0.870496068614679	1.4649978209	-0.5945017522853211
9950000	9999999	0.8063549876522126	1.4649978209	-0.6586428332477875
10000000	10049999	1.3681662687132952	1.4649978209	-0.09683155218670492
10050000	10099999	0.5719711563992584	1.4649978209	-0.8930266645007416
10100000	10149999	0.7536974463610276	1.4649978209	-0.7113003745389724
10150000	10199999	0.5684716575136841	1.4649978209	-0.896526163386316
10200000	10249999	0.5761756234153138	1.4649978209	-0.8888221974846863
10250000	10299999	0.614048000640741	1.4649978209	-0.850949820259259
10300000	10349999	0.8692764616223969	1.4649978209	-0.5957213592776032
10350000	10399999	0.9604525532878602	1.4649978209	-0.5045452676121399
10400000	10449999	0.9956881941873352	1.4649978209	-0.46930962671266485
10450000	10499999	1.705621966397809	1.4649978209	0.24062414549780886
10500000	10549999	1.0736169598453982	1.4649978209	-0.3913808610546019
10550000	10599999	1.220918864451059	1.4649978209	-0.24407895644894118
10600000	10649999	0.8817317680163208	1.4649978209	-0.5832660528836793
10650000	10699999	0.30418894698768306	1.4649978209	-1.160808873912317
10700000	10749999	0.7865566053926454	1.4649978209	-0.6784412155073547
10750000	10799999	0.8217919307485505	1.4649978209	-0.6432058901514496
10800000	10849999	0.4013798558569581	1.4649978209	-1.063617965043042
10850000	10899999	0.7994288338330995	1.4649978209	-0.6655689870669006
10900000	10949999	0.7336604945818757	1.4649978209	-0.7313373263181244
10950000	10999999	0.7373440174198762	1.4649978209	-0.7276538034801239
11000000	11049999	0.8579911930124025	1.4649978209	-0.6070066278875976
11050000	11099999	0.7971580545404573	1.4649978209	-0.6678397663595428
11100000	11149999	0.4551119565152344	1.4649978209	-1.0098858643847657
11150000	11199999	0.6983145969523591	1.4649978209	-0.766683223947641
11200000	11249999	0.5655807498202852	1.4649978209	-0.8994170710797149
11250000	11299999	0.6911920890613954	1.4649978209	-0.7738057318386047
11300000	11349999	0.4944997044617432	1.4649978209	-0.9704981164382569
11350000	11399999	0.6410831098168	1.4649978209	-0.8239147110832001
11400000	11449999	0.6186810563514191	1.4649978209	-0.846316764548581
11450000	11499999	0.4759651655872621	1.4649978209	-0.989032655312738
11500000	11549999	0.5000125346198669	1.4649978209	-0.9649852862801331
11550000	11599999	0.07375246464318241	1.4649978209	-1.3912453562568177
11600000	11649999	0.47016327066952524	1.4649978209	-0.9948345502304748
11650000	11699999	0.5808640587972596	1.4649978209	-0.8841337621027405
11700000	11749999	0.7043642927594483	1.4649978209	-0.7606335281405517
11750000	11799999	0.6928561306054993	1.4649978209	-0.7721416902945007
11800000	11849999	0.4108757527562561	1.4649978209	-1.054122068143744
11850000	11899999	0.7289368422593507	1.4649978209	-0.7360609786406493
11900000	11949999	0.6630017105963044	1.4649978209	-0.8019961103036957
11950000	11999999	0.3682883989515138	1.4649978209	-1.0967094219484863
12000000	12049999	0.24519705269133296	1.4649978209	-1.2198007682086671
12050000	12099999	0.4739225496744812	1.4649978209	-0.9910752712255189
12100000	12149999	0.4113270371342408	1.4649978209	-1.0536707837657593
12150000	12199999	0.49446789551898207	1.4649978209	-0.970529925381018
12200000	12249999	0.5708132959184113	1.4649978209	-0.8941845249815887
12250000	12299999	0.6239208500886293	1.4649978209	-0.8410769708113708
12300000	12349999	0.29780969062803364	1.4649978209	-1.1671881302719664
12350000	12399999	0.45175742164922794	1.4649978209	-1.0132403992507721
12400000	12449999	0.5418942094410767	1.4649978209	-0.9231036114589234
12450000	12499999	0.6656866700717774	1.4649978209	-0.7993111508282227
12500000	12549999	0.6822230652529206	1.4649978209	-0.7827747556470794
12550000	12599999	0.4748408991217866	1.4649978209	-0.9901569217782135
12600000	12649999	0.6526525862810655	1.4649978209	-0.8123452346189346
12650000	12699999	0.7087465509337465	1.4649978209	-0.7562512699662536
12700000	12749999	0.6116895691046708	1.4649978209	-0.8533082517953293
12750000	12799999	0.38912885672081	1.4649978209	-1.07586896417919
12800000	12849999	0.6857623678479554	1.4649978209	-0.7792354530520447
12850000	12899999	0.4650580220049195	1.4649978209	-0.9999397988950806
12900000	12949999	0.6365621703080842	1.4649978209	-0.8284356505919159
12950000	12999999	0.8270350252480302	1.4649978209	-0.6379627956519699
13000000	13049999	0.5885469769443238	1.4649978209	-0.8764508439556763
13050000	13099999	0.5124152837203431	1.4649978209	-0.952582537179657
13100000	13149999	0.403049241705957	1.4649978209	-1.061948579194043
13150000	13199999	0.5646668001674012	1.4649978209	-0.9003310207325989
13200000	13249999	0.11113800781886618	1.4649978209	-1.353859813081134
13250000	13299999	0.5270144556738771	1.4649978209	-0.937983365226123
13300000	13349999	0.7044452234798126	1.4649978209	-0.7605525974201874
13350000	13399999	1.1487233868734654	1.4649978209	-0.31627443402653466
13400000	13449999	1.271045244351677	1.4649978209	-0.19395257654832299
13450000	13499999	1.597702443193374	1.4649978209	0.13270462229337388
13500000	13549999	1.1485747465828828	1.4649978209	-0.31642307431711725
13550000	13599999	1.26986744173685	1.4649978209	-0.19513037916315001
13600000	13649999	1.3454423042064692	1.4649978209	-0.11955551669353093
13650000	13699999	1.2905665566019104	1.4649978209	-0.17443126429808964
13700000	13749999	0.9883778632033204	1.4649978209	-0.47661995769667964
13750000	13799999	0.4728715119	1.4649978209	-0.9921263090000001
13800000	13849999	0.33033206061377585	1.4649978209	-1.1346657602862242
13850000	13899999	1.0088991783072587	1.4649978209	-0.45609864259274135
13900000	13949999	0.8028017498997544	1.4649978209	-0.6621960710002457
13950000	13999999	0.7014870512185883	1.4649978209	-0.7635107696814117
14000000	14049999	0.6851421078229554	1.4649978209	-0.7798557130770447
14050000	14099999	0.3118647674619508	1.4649978209	-1.1531330534380493
14100000	14149999	0.6785643219283815	1.4649978209	-0.7864334989716186
14150000	14199999	0.68138912770076	1.4649978209	-0.7836086931992401
14200000	14249999	0.7532145625292879	1.4649978209	-0.7117832583707122
14250000	14299999	0.6336477626246216	1.4649978209	-0.8313500582753784
14300000	14349999	0.8970135230469269	1.4649978209	-0.5679842978530731
14350000	14399999	0.895630049021338	1.4649978209	-0.569367771878662
14400000	14449999	0.7632852793810762	1.4649978209	-0.7017125415189239
14450000	14499999	0.9310835049344293	1.4649978209	-0.5339143159655708
14500000	14549999	0.6062318000558289	1.4649978209	-0.8587660208441712
14550000	14599999	0.717038397207718	1.4649978209	-0.7479594236922821
14600000	14649999	0.6865778134288697	1.4649978209	-0.7784200074711304
14650000	14699999	0.6720943902738252	1.4649978209	-0.7929034306261749
14700000	14749999	0.9365708710016907	1.4649978209	-0.5284269498983094
14750000	14799999	0.3790033272746156	1.4649978209	-1.0859944936253845
14800000	14849999	0.7607649462834092	1.4649978209	-0.7042328746165909
14850000	14899999	0.36110291900504166	1.4649978209	-1.1038949018949584
14900000	14949999	0.550347611633899	1.4649978209	-0.9146502092661011
14950000	14999999	0.44832517228024904	1.4649978209	-1.016672648619751
15000000	15049999	0.67913979713593	1.4649978209	-0.7858580237640701
15050000	15099999	0.5347663698770692	1.4649978209	-0.9302314510229309
15100000	15149999	0.5783032987178376	1.4649978209	-0.8866945221821625
15150000	15199999	0.5743522567336671	1.4649978209	-0.890645564166333
15200000	15249999	0.6771220788692445	1.4649978209	-0.7878757420307556
15250000	15299999	0.6429062837008119	1.4649978209	-0.8220915371991881
15300000	15349999	0.7888070161233705	1.4649978209	-0.6761908047766296
15350000	15399999	0.6986956437723328	1.4649978209	-0.7663021771276672
15400000	15449999	0.5425490785358552	1.4649978209	-0.9224487423641449
15450000	15499999	0.7094359407967683	1.4649978209	-0.7555618801032318
15500000	15549999	0.4754802882756348	1.4649978209	-0.9895175326243653
15550000	15599999	0.5057499579448335	1.4649978209	-0.9592478629551666
15600000	15649999	0.4912392647361299	1.4649978209	-0.9737585561638702
15650000	15699999	0.6686834287145966	1.4649978209	-0.7963143921854035
15700000	15749999	0.6432254227805604	1.4649978209	-0.8217723981194397
15750000	15799999	0.674176263442267	1.4649978209	-0.7908215574577331
15800000	15849999	0.7011567494392579	1.4649978209	-0.7638410714607422
15850000	15899999	0.8360018982671723	1.4649978209	-0.6289959226328278
15900000	15949999	0.6370352340613068	1.4649978209	-0.8279625868386933
15950000	15999999	0.5706741130425599	1.4649978209	-0.8943237078574402
16000000	16049999	0.6941579112054291	1.4649978209	-0.770839909694571
16050000	16099999	0.7093055617747864	1.4649978209	-0.7556922591252137
16100000	16149999	0.6981804522611939	1.4649978209	-0.7668173686388062
16150000	16199999	0.5341500385122437	1.4649978209	-0.9308477823877563
16200000	16249999	0.628010518309961	1.4649978209	-0.8369873025900391
16250000	16299999	0.8112870189011994	1.4649978209	-0.6537108019988007
16300000	16349999	0.9904862621593049	1.4649978209	-0.47451155874069517
16350000	16399999	1.061975624599579	1.4649978209	-0.403022196300421
16400000	16449999	1.213995332243802	1.4649978209	-0.2510024886561981
16450000	16499999	0.7004922660493531	1.4649978209	-0.764505554850647
16500000	16549999	0.9387988100954605	1.4649978209	-0.5261990108045396
16550000	16599999	1.0327689583665554	1.4649978209	-0.4322288625334447
16600000	16649999	0.7869078585897248	1.4649978209	-0.6780899623102753
16650000	16699999	0.8462684926186539	1.4649978209	-0.6187293282813462
16700000	16749999	0.36645097672582394	1.4649978209	-1.0985468441741761
16750000	16799999	0.11086903910000001	1.4649978209	-1.3541287818
16800000	16849999	0.27932331313516845	1.4649978209	-1.1856745077648316
16850000	16899999	0.7794886658274109	1.4649978209	-0.6855091550725891
16900000	16949999	0.9307719289768719	1.4649978209	-0.5342258919231282
16950000	16999999	1.037689370190758	1.4649978209	-0.42730845070924217
17000000	17049999	0.9428280507860085	1.4649978209	-0.5221697701139916
17050000	17099999	0.9350688602351617	1.4649978209	-0.5299289606648384
17100000	17149999	1.0250265005031776	1.4649978209	-0.4399713203968225
17150000	17199999	0.8313592730529145	1.4649978209	-0.6336385478470856
17200000	17249999	0.9826286448919705	1.4649978209	-0.48236917600802953
17250000	17299999	0.9648858569557435	1.4649978209	-0.5001119639442566
17300000	17349999	0.8555109755002122	1.4649978209	-0.6094868453997879
17350000	17399999	0.8248989677202454	1.4649978209	-0.6400988531797547
17400000	17449999	0.1204032457654054	1.4649978209	-1.3445945751345947
17450000	17499999	0.06835791170000016	1.4649978209	-1.3966399092
17500000	17549999	1.3628779601871628	1.4649978209	-0.1021198607128373
17550000	17599999	1.57877243178407	1.4649978209	0.11377461088406982
17600000	17649999	0.7264221307200868	1.4649978209	-0.7385756901799133
17650000	17699999	0.9566650268824188	1.4649978209	-0.5083327940175812
17700000	17749999	1.3596753923750122	1.4649978209	-0.10532242852498785
17750000	17799999	1.4128106895252657	1.4649978209	-0.05218713137473441
17800000	17849999	1.4450718779328828	1.4649978209	-0.01992594296711725
17850000	17899999	1.3430949794901033	1.4649978209	-0.12190284140989682
17900000	17949999	1.386725713840435	1.4649978209	-0.07827210705956511
17950000	17999999	0.2745205181033388	1.4649978209	-1.1904773027966613
18000000	18049999	0.5862275968437256	1.4649978209	-0.8787702240562745
18050000	18099999	1.184081950991541	1.4649978209	-0.28091586990845907
18100000	18149999	1.4506643732175004	1.4649978209	-0.014333447682499667
18150000	18199999	1.2736538356082414	1.4649978209	-0.19134398529175867
18200000	18249999	1.070656007355381	1.4649978209	-0.39434181354461906
18250000	18299999	0.9062919509397462	1.4649978209	-0.5587058699602538
18300000	18349999	0.9173684034526155	1.4649978209	-0.5476294174473846
18350000	18399999	0.7441723105599732	1.4649978209	-0.7208255103400268
18400000	18449999	0.5899548284323792	1.4649978209	-0.8750429924676209
18450000	18499999	1.273459709533456	1.4649978209	-0.19153811136654397
18500000	18549999	1.3155512593375032	1.4649978209	-0.14944656156249692
18550000	18599999	0.815873401666266	1.4649978209	-0.6491244192337341
18600000	18649999	0.7438366546260469	1.4649978209	-0.7211611662739532
18650000	18699999	1.2525876837007737	1.4649978209	-0.2124101371992264
18700000	18749999	0.831170814628392	1.4649978209	-0.633827006271608
18750000	18799999	0.7768589613133149	1.4649978209	-0.6881388595866852
18800000	18849999	1.0527505445757241	1.4649978209	-0.41224727632427594
18850000	18899999	0.8978482004686097	1.4649978209	-0.5671496204313904
18900000	18949999	0.9136505975420945	1.4649978209	-0.5513472233579055
18950000	18999999	0.7078633462597916	1.4649978209	-0.7571344746402084
19000000	19049999	0.6085977494474579	1.4649978209	-0.8564000714525422
19050000	19099999	0.7094837030687806	1.4649978209	-0.7555141178312195
19100000	19149999	0.7341356430877015	1.4649978209	-0.7308621778122986
19150000	19199999	0.5805615186603974	1.4649978209	-0.8844363022396027
19200000	19249999	0.8775232140271363	1.4649978209	-0.5874746068728638
19250000	19299999	0.745780888487056	1.4649978209	-0.719216932412944
19300000	19349999	0.7968398831059297	1.4649978209	-0.6681579377940704
19350000	19399999	1.0584052604997887	1.4649978209	-0.4065925604002114
19400000	19449999	0.8610855822794259	1.4649978209	-0.6039122386205742
19450000	19499999	1.2020251032678468	1.4649978209	-0.26297271763215324
19500000	19549999	0.9443120759454923	1.4649978209	-0.5206857449545078
19550000	19599999	0.7054917802450471	1.4649978209	-0.759506040654953
19600000	19649999	0.6132556341602327	1.4649978209	-0.8517421867397674
19650000	19699999	0.19045858945254523	1.4649978209	-1.2745392314474548
19700000	19749999	0.6741561717443116	1.4649978209	-0.7908416491556884
19750000	19799999	0.7836418065075319	1.4649978209	-0.6813560143924682
19800000	19849999	1.0616379918800982	1.4649978209	-0.40335982901990186
19850000	19899999	0.8848508530231081	1.4649978209	-0.580146967876892
19900000	19949999	1.3023388290980074	1.4649978209	-0.16265899180199273
19950000	19999999	0.5371338371098877	1.4649978209	-0.9278639837901124
20000000	20049999	0.415599259978241	1.4649978209	-1.049398560921759
20050000	20099999	0.16526597192128922	1.4649978209	-1.2997318489787109
20100000	20149999	1.0984649951757997	1.4649978209	-0.36653282572420043
20150000	20199999	1.2149572613159547	1.4649978209	-0.25004055958404536
20200000	20249999	0.8106546268071764	1.4649978209	-0.6543431940928237
20250000	20299999	0.7395117644024598	1.4649978209	-0.7254860564975403
20300000	20349999	0.5173941820437867	1.4649978209	-0.9476036388562133
20350000	20399999	0.9999885948481584	1.4649978209	-0.4650092260518417
20400000	20449999	1.1573114476794075	1.4649978209	-0.30768637322059256
20450000	20499999	1.3259542591763307	1.4649978209	-0.13904356172366938
20500000	20549999	0.9749772674030381	1.4649978209	-0.49002055349696194
20550000	20599999	0.5642049882561585	1.4649978209	-0.9007928326438416
20600000	20649999	0.8035085201393586	1.4649978209	-0.6614893007606415
20650000	20699999	1.1336145468138097	1.4649978209	-0.3313832740861904
20700000	20749999	1.2175890633304056	1.4649978209	-0.24740875756959446
20750000	20799999	0.35696825617609274	1.4649978209	-1.1080295647239073
20800000	20849999	0.1262993217210755	1.4649978209	-1.3386984991789246
20850000	20899999	0.7659922526143372	1.4649978209	-0.6990055682856628
20900000	20949999	1.4395155781636293	1.4649978209	-0.025482242736370786
20950000	20999999	1.2173572744514172	1.4649978209	-0.2476405464485829
21000000	21049999	0.8199401982098404	1.4649978209	-0.6450576226901596
21050000	21099999	1.1087784258841669	1.4649978209	-0.3562193950158332
21100000	21149999	1.3114056284476876	1.4649978209	-0.15359219245231248
21150000	21199999	0.8434346158610231	1.4649978209	-0.621563205038977
21200000	21249999	0.4784173552552491	1.4649978209	-0.986580465644751
21250000	21299999	1.3654983200264907	1.4649978209	-0.09949950087350934
21300000	21349999	2.1140213729069184	1.4649978209	0.6490235520069183
21350000	21399999	1.030914286471785	1.4649978209	-0.434083534428215
21400000	21449999	1.013970793515687	1.4649978209	-0.4510270273843131
21450000	21499999	0.27508194568814703	1.4649978209	-1.189915875211853
21500000	21549999	0.5921826700035737	1.4649978209	-0.8728151508964264
21550000	21599999	0.6499639434290772	1.4649978209	-0.8150338774709229
21600000	21649999	0.7791066954524964	1.4649978209	-0.6858911254475036
21650000	21699999	0.6073135670233063	1.4649978209	-0.8576842538766938
21700000	21749999	0.6637176002547425	1.4649978209	-0.8012802206452576
21750000	21799999	0.5764408062739259	1.4649978209	-0.8885570146260742
21800000	21849999	0.7275180285669023	1.4649978209	-0.7374797923330978
21850000	21899999	0.8750036066293037	1.4649978209	-0.5899942142706964
21900000	21949999	1.1847835227443406	1.4649978209	-0.28021429815565946
21950000	21999999	1.1444864140251618	1.4649978209	-0.32051140687483826
22000000	22049999	1.0736434609091141	1.4649978209	-0.39135435999088597
22050000	22099999	1.1865655329137605	1.4649978209	-0.27843228798623954
22100000	22149999	0.976978316881968	1.4649978209	-0.48801950401803207
22150000	22199999	1.074622319989786	1.4649978209	-0.3903755009102141
22200000	22249999	0.6388576103468018	1.4649978209	-0.8261402105531983
22250000	22299999	0.11100126280000011	1.4649978209	-1.3539965581
22300000	22349999	0.42321807030000014	1.4649978209	-1.0417797506
22350000	22399999	1.8060663630335343	1.4649978209	0.3410685421335342
22400000	22449999	1.9215760218237978	1.4649978209	0.45657820092379775
22450000	22499999	1.452376053650882	1.4649978209	-0.01262176724911801
22500000	22549999	1.6515506488875062	1.4649978209	0.18655282798750616
22550000	22599999	0.7993957209942049	1.4649978209	-0.6656020999057952
22600000	22649999	1.0875870345386094	1.4649978209	-0.3774107863613907
22650000	22699999	0.18236824260000017	1.4649978209	-1.2826295783
22700000	22749999	0.8832509478969391	1.4649978209	-0.5817468730030609
22750000	22799999	1.5432297085721223	1.4649978209	0.07823188767212219
22800000	22849999	1.2602001327210213	1.4649978209	-0.2047976881789788
22850000	22899999	1.8916594397184754	1.4649978209	0.4266616188184753
22900000	22949999	1.6671142573793427	1.4649978209	0.20211643647934263
22950000	22999999	0.9301681100898194	1.4649978209	-0.5348297108101807
23000000	23049999	0.7624600358199342	1.4649978209	-0.7025377850800659
23050000	23099999	1.6841842637402529	1.4649978209	0.2191864428402528
23100000	23149999	1.941333706203479	1.4649978209	0.4763358853034789
23150000	23199999	1.497908470620218	1.4649978209	0.032910649720217844
23200000	23249999	1.0059856587286546	1.4649978209	-0.45901216217134544
23250000	23299999	1.6110919201051574	1.4649978209	0.14609409920515737
23300000	23349999	0.5878048063333619	1.4649978209	-0.8771930145666382
23350000	23399999	1.1472401699495713	1.4649978209	-0.31775765095042874
23400000	23449999	0.5264461541863221	1.4649978209	-0.938551666713678
23450000	23499999	1.0372222158403976	1.4649978209	-0.42777560505960244
23500000	23549999	1.5442221475463747	1.4649978209	0.07922432664637458
23550000	23599999	0.9373554720314103	1.4649978209	-0.5276423488685897
23600000	23649999	0.6530512306085907	1.4649978209	-0.8119465902914094
23650000	23699999	0.8922191697882722	1.4649978209	-0.5727786511117279
23700000	23749999	1.1202131867801954	1.4649978209	-0.34478463411980464
23750000	23799999	0.9814579724355195	1.4649978209	-0.4835398484644806
23800000	23849999	1.0679270990987093	1.4649978209	-0.39707072180129077
23850000	23899999	0.7927968934033998	1.4649978209	-0.6722009274966003
23900000	23949999	1.3938280120058382	1.4649978209	-0.07116980889416191
23950000	23999999	0.6433478762693116	1.4649978209	-0.8216499446306885
24000000	24049999	0.7699638833744538	1.4649978209	-0.6950339375255463
24050000	24099999	0.8379183771652421	1.4649978209	-0.627079443734758
24100000	24149999	0.7996885436676453	1.4649978209	-0.6653092772323548
24150000	24199999	0.8171771599419221	1.4649978209	-0.647820660958078
24200000	24249999	1.0082836817967196	1.4649978209	-0.4567141391032805
24250000	24299999	1.042214211845347	1.4649978209	-0.42278360905465306
24300000	24349999	1.0796239720738083	1.4649978209	-0.38537384882619174
24350000	24399999	0.8013600885030824	1.4649978209	-0.6636377323969177
24400000	24449999	0.8247143108374306	1.4649978209	-0.6402835100625694
24450000	24499999	0.7859459776121385	1.4649978209	-0.6790518432878616
24500000	24549999	0.7207921668520524	1.4649978209	-0.7442056540479477
24550000	24599999	0.9245834920609257	1.4649978209	-0.5404143288390744
24600000	24649999	1.0156916548139336	1.4649978209	-0.44930616608606644
24650000	24699999	0.7664247749203583	1.4649978209	-0.6985730459796418
24700000	24749999	0.7970744895335862	1.4649978209	-0.6679233313664139
24750000	24799999	0.7897308461494004	1.4649978209	-0.6752669747505997
24800000	24849999	1.0785796225111375	1.4649978209	-0.3864181983888626
24850000	24899999	0.4931640110955934	1.4649978209	-0.9718338098044067
24900000	24949999	0.03544271925906983	1.4649978209	-1.4295551016409302
24950000	24999999	0.9016720314680986	1.4649978209	-0.5633257894319015
25000000	25049999	1.4824680564235964	1.4649978209	0.017470235523596278
25050000	25099999	1.1514797018074692	1.4649978209	-0.3135181190925309
25100000	25149999	1.1389423581226403	1.4649978209	-0.32605546277735975
25150000	25199999	0.9916537398391863	1.4649978209	-0.4733440810608138
25200000	25249999	1.4075714220393556	1.4649978209	-0.05742639886064449
25250000	25299999	0.8153370278294404	1.4649978209	-0.6496607930705597
25300000	25349999	1.9837848677341614	1.4649978209	0.5187870468341613
25350000	25399999	1.0977129493274633	1.4649978209	-0.36728487157253675
25400000	25449999	0.5099591311399843	1.4649978209	-0.9550386897600158
25450000	25499999	0.9454906256262983	1.4649978209	-0.5195071952737018
25500000	25549999	1.167382118910823	1.4649978209	-0.297615701989177
25550000	25599999	0.945682687531186	1.4649978209	-0.5193151333688141
25600000	25649999	1.3979438933484742	1.4649978209	-0.06705392755152584
25650000	25699999	1.1470324967476448	1.4649978209	-0.31796532415235523
25700000	25749999	0.002580060999999967	1.4649978209	-1.4624177599000001
25750000	25799999	0.15510967178743917	1.4649978209	-1.309888149112561
25800000	25849999	0.5308074314469117	1.4649978209	-0.9341903894530884
25850000	25899999	1.591159582265677	1.4649978209	0.12616176136567692
25900000	25949999	2.3069759373551353	1.4649978209	0.8419781164551352
25950000	25999999	0.47467031094931045	1.4649978209	-0.9903275099506896
26000000	26049999	0.17158510897808532	1.4649978209	-1.2934127119219148
26050000	26099999	0.22441224290766004	1.4649978209	-1.24058557799234
26100000	26149999	1.5526965953425782	1.4649978209	0.08769877444257812
26150000	26199999	1.3665326869815408	1.4649978209	-0.09846513391845924
26200000	26249999	3.0152263471410707	1.4649978209	1.5502285262410707
26250000	26299999	1.6985306080131852	1.4649978209	0.23353278711318515
26300000	26349999	1.742729213846608	1.4649978209	0.27773139294660787
26350000	26399999	1.292959161446608	1.4649978209	-0.17203865945339203
26400000	26449999	1.292959161446608	1.4649978209	-0.17203865945339203
26450000	26499999	1.292959161446608	1.4649978209	-0.17203865945339203
26500000	26549999	1.292959161446608	1.4649978209	-0.17203865945339203
26550000	26599999	1.292959161446608	1.4649978209	-0.17203865945339203
26600000	26649999	1.292959161446608	1.4649978209	-0.17203865945339203
26650000	26699999	1.292959161446608	1.4649978209	-0.17203865945339203
26700000	26749999	1.292959161446608	1.4649978209	-0.17203865945339203
26750000	26799999	1.292959161446608	1.4649978209	-0.17203865945339203
26800000	26849999	1.292959161446608	1.4649978209	-0.17203865945339203
26850000	26899999	1.292959161446608	1.4649978209	-0.17203865945339203
26900000	26949999	1.292959161446608	1.4649978209	-0.17203865945339203
26950000	26999999	1.292959161446608	1.4649978209	-0.17203865945339203
27000000	27049999	1.292959161446608	1.4649978209	-0.17203865945339203
27050000	27099999	1.292959161446608	1.4649978209	-0.17203865945339203
27100000	27149999	1.292959161446608	1.4649978209	-0.17203865945339203
27150000	27199999	1.292959161446608	1.4649978209	-0.17203865945339203
27200000	27249999	1.292959161446608	1.4649978209	-0.17203865945339203
27250000	27299999	1.292959161446608	1.4649978209	-0.17203865945339203
27300000	27349999	1.292959161446608	1.4649978209	-0.17203865945339203
27350000	27399999	1.292959161446608	1.4649978209	-0.17203865945339203
27400000	27449999	1.292959161446608	1.4649978209	-0.17203865945339203
27450000	27499999	1.292959161446608	1.4649978209	-0.17203865945339203
27500000	27549999	1.292959161446608	1.4649978209	-0.17203865945339203
27550000	27599999	1.292959161446608	1.4649978209	-0.17203865945339203
27600000	27649999	1.292959161446608	1.4649978209	-0.17203865945339203
27650000	27699999	1.292959161446608	1.4649978209	-0.17203865945339203
27700000	27749999	1.292959161446608	1.4649978209	-0.17203865945339203
27750000	27799999	1.292959161446608	1.4649978209	-0.17203865945339203
27800000	27849999	1.292959161446608	1.4649978209	-0.17203865945339203
27850000	27899999	1.292959161446608	1.4649978209	-0.17203865945339203
27900000	27949999	1.292959161446608	1.4649978209	-0.17203865945339203
27950000	27999999	1.292959161446608	1.4649978209	-0.17203865945339203
28000000	28049999	1.292959161446608	1.4649978209	-0.17203865945339203
28050000	28099999	1.292959161446608	1.4649978209	-0.17203865945339203
28100000	28149999	1.292959161446608	1.4649978209	-0.17203865945339203
28150000	28199999	1.292959161446608	1.4649978209	-0.17203865945339203
28200000	28249999	1.292959161446608	1.4649978209	-0.17203865945339203
28250000	28299999	1.292959161446608	1.4649978209	-0.17203865945339203
28300000	28349999	1.292959161446608	1.4649978209	-0.17203865945339203
28350000	28399999	1.292959161446608	1.4649978209	-0.17203865945339203
28400000	28449999	1.292959161446608	1.4649978209	-0.17203865945339203
28450000	28499999	1.292959161446608	1.4649978209	-0.17203865945339203
28500000	28549999	1.292959161446608	1.4649978209	-0.17203865945339203
28550000	28599999	1.292959161446608	1.4649978209	-0.17203865945339203
28600000	28649999	1.292959161446608	1.4649978209	-0.17203865945339203
28650000	28699999	1.292959161446608	1.4649978209	-0.17203865945339203
28700000	28749999	1.292959161446608	1.4649978209	-0.17203865945339203
28750000	28799999	1.292959161446608	1.4649978209	-0.17203865945339203
28800000	28849999	1.292959161446608	1.4649978209	-0.17203865945339203
28850000	28899999	1.292959161446608	1.4649978209	-0.17203865945339203
28900000	28949999	1.292959161446608	1.4649978209	-0.17203865945339203
28950000	28999999	1.292959161446608	1.4649978209	-0.17203865945339203
29000000	29049999	1.292959161446608	1.4649978209	-0.17203865945339203
29050000	29099999	1.292959161446608	1.4649978209	-0.17203865945339203
29100000	29149999	1.292959161446608	1.4649978209	-0.17203865945339203
29150000	29199999	1.292959161446608	1.4649978209	-0.17203865945339203
29200000	29249999	1.292959161446608	1.4649978209	-0.17203865945339203
29250000	29299999	1.292959161446608	1.4649978209	-0.17203865945339203
29300000	29349999	1.292959161446608	1.4649978209	-0.17203865945339203
29350000	29399999	1.292959161446608	1.4649978209	-0.17203865945339203
29400000	29449999	1.248093435946608	1.4649978209	-0.21690438495339204
29450000	29499999	2.471604743715912	1.4649978209	1.006606922815912
29500000	29549999	2.184909618979974	1.4649978209	0.7199117980799741
29550000	29599999	2.9424295754122616	1.4649978209	1.4774317545122615
29600000	29649999	2.2973382018359008	1.4649978209	0.8323403809359007
29650000	29699999	2.869137556046608	1.4649978209	1.404139735146608
29700000	29749999	1.292959161446608	1.4649978209	-0.17203865945339203
29750000	29799999	1.292959161446608	1.4649978209	-0.17203865945339203
29800000	29849999	1.1439528914466082	1.4649978209	-0.3210449294533919
29850000	29899999	1.4745120126765503	1.4649978209	0.009514191776550218
29900000	29949999	1.6484585497593782	1.4649978209	0.18346072885937814
29950000	29999999	1.760813378236072	1.4649978209	0.2958155573360719
30000000	30049999	1.8206503165886017	1.4649978209	0.3556524956886016
30050000	30099999	1.4089451797855603	1.4649978209	-0.05605264111443975
30100000	30149999	1.2234445657404847	1.4649978209	-0.24155325515951542
30150000	30199999	2.1856118353396665	1.4649978209	0.7206140144396664
30200000	30249999	1.619345533136844	1.4649978209	0.15434771223684396
30250000	30299999	2.8000076611000004	1.4649978209	1.3350098402000004
30300000	30349999	1.3512103635890658	1.4649978209	-0.11378745731093431
30350000	30399999	1.285713934476819	1.4649978209	-0.17928388642318116
30400000	30449999	1.1222495738189484	1.4649978209	-0.34274824708105167
30450000	30499999	2.3667281502244872	1.4649978209	0.9017303293244872
30500000	30549999	2.0680770014716856	1.4649978209	0.6030791805716855
30550000	30599999	2.0794900652381654	1.4649978209	0.6144922443381653
30600000	30649999	2.0572036003803773	1.4649978209	0.5922057794803772
30650000	30699999	1.4020083151881624	1.4649978209	-0.0629895057118377
30700000	30749999	1.3033538043615922	1.4649978209	-0.16164401653840788
30750000	30799999	1.5710406728849857	1.4649978209	0.10604285198498564
30800000	30849999	1.7836599885586282	1.4649978209	0.3186621676586281
30850000	30899999	2.1796114781443787	1.4649978209	0.7146136572443786
30900000	30949999	1.8797313384664125	1.4649978209	0.4147335175664124
30950000	30999999	2.4452862862719424	1.4649978209	0.9802884653719424
31000000	31049999	1.4523957595495136	1.4649978209	-0.012602061350486471
31050000	31099999	0.8777877059366701	1.4649978209	-0.58721011496333
31100000	31149999	1.7832056919567383	1.4649978209	0.3182078710567382
31150000	31199999	2.7064351747	1.4649978209	1.2414373538
31200000	31249999	1.4348995210589843	1.4649978209	-0.030098299841015752
31250000	31299999	1.360807578261307	1.4649978209	-0.10419024263869314
31300000	31349999	2.7191185919	1.4649978209	1.254120771
31350000	31399999	1.362013948424991	1.4649978209	-0.10298387247500917
31400000	31449999	1.6908574038903625	1.4649978209	0.22585958299036246
31450000	31499999	1.294991326629474	1.4649978209	-0.17000649427052617
31500000	31549999	2.0041252121131077	1.4649978209	0.5391273912131076
31550000	31599999	1.9897474120336731	1.4649978209	0.524749591133673
31600000	31649999	1.7895792552378662	1.4649978209	0.3245814343378661
31650000	31699999	1.4959812544657471	1.4649978209	0.030983433565747065
31700000	31749999	1.8139784541265718	1.4649978209	0.3489806332265717
31750000	31799999	1.929622859597217	1.4649978209	0.46462503869721683
31800000	31849999	2.266744665363995	1.4649978209	0.801746844463995
31850000	31899999	1.5986241960410335	1.4649978209	0.13362637514103337
31900000	31949999	1.406917647741556	1.4649978209	-0.05808017315844416
31950000	31999999	1.4093198732822465	1.4649978209	-0.055677947617753576
32000000	32049999	1.6600327937161767	1.4649978209	0.19503497281617665
32050000	32099999	2.002047900463004	1.4649978209	0.5370500795630038
32100000	32149999	2.358645485568732	1.4649978209	0.8936476646687319
32150000	32199999	2.3892771444626466	1.4649978209	0.9242793235626465
32200000	32249999	1.0809819856000245	1.4649978209	-0.3840158352999756
32250000	32299999	1.6388925578765108	1.4649978209	0.1738947369765107
32300000	32349999	1.7589441658778444	1.4649978209	0.29394634497784433
32350000	32399999	1.7369165797905222	1.4649978209	0.2719187588905221
32400000	32449999	2.120153257376672	1.4649978209	0.6551554364766721
32450000	32499999	1.8230856706355332	1.4649978209	0.3580878497355331
32500000	32549999	1.7051287149847931	1.4649978209	0.24013089408479305
32550000	32599999	2.4486026780974366	1.4649978209	0.9836048571974365
32600000	32649999	2.2166033002764465	1.4649978209	0.7516054793764464
32650000	32699999	1.5866826677515016	1.4649978209	0.1216848468515015
32700000	32749999	1.2526143791522035	1.4649978209	-0.21238344174779655
32750000	32799999	1.5235189337990953	1.4649978209	0.05852111289909523
32800000	32849999	2.0572512217907475	1.4649978209	0.5922534008907474
32850000	32899999	1.0578363100328858	1.4649978209	-0.4071615108671143
32900000	32949999	1.9078063885574326	1.4649978209	0.4428085676574325
32950000	32999999	2.4768451285895816	1.4649978209	1.0118473076895815
33000000	33049999	2.370036420762405	1.4649978209	0.9050385998624051
33050000	33099999	1.8621067944239391	1.4649978209	0.39710897352393904
33100000	33149999	1.0148298830025146	1.4649978209	-0.45016793789748544
33150000	33199999	1.8288704339627564	1.4649978209	0.3638726130627563
33200000	33249999	2.273310893869971	1.4649978209	0.8083130729699708
33250000	33299999	1.8666710876040802	1.4649978209	0.4016732667040801
33300000	33349999	1.6698504926931352	1.4649978209	0.20485267179313515
33350000	33399999	1.4804457775555238	1.4649978209	0.015447956655523676
33400000	33449999	1.1518147731855652	1.4649978209	-0.31318304771443484
33450000	33499999	2.0918164643947543	1.4649978209	0.6268186434947542
33500000	33549999	2.579850373126477	1.4649978209	1.1148525522264767
33550000	33599999	1.7684206019127366	1.4649978209	0.30342278101273656
33600000	33649999	1.767758058422477	1.4649978209	0.30276023752247694
33650000	33699999	1.8929923198537697	1.4649978209	0.4279944989537696
33700000	33749999	2.272004954635596	1.4649978209	0.8070071337355957
33750000	33799999	2.656964934943005	1.4649978209	1.191967114043005
33800000	33849999	1.7637011947498047	1.4649978209	0.2987033738498046
33850000	33899999	1.0971394630702547	1.4649978209	-0.3678583578297454
33900000	33949999	2.1168452017793213	1.4649978209	0.6518473808793213
33950000	33999999	2.434007596753961	1.4649978209	0.9690097758539611
34000000	34049999	1.180953849260132	1.4649978209	-0.28404397163986816
34050000	34099999	1.2494186849090791	1.4649978209	-0.21557913599092093
34100000	34149999	1.8604129254713837	1.4649978209	0.3954151045713836
34150000	34199999	2.086834636440372	1.4649978209	0.621836815540372
34200000	34249999	2.22290611255376	1.4649978209	0.7579082916537601
34250000	34299999	1.3679718949263795	1.4649978209	-0.09702592597362059
34300000	34349999	1.6297281797169878	1.4649978209	0.16473035881698772
34350000	34399999	2.2740254816280583	1.4649978209	0.8090276607280582
34400000	34449999	2.485356703282233	1.4649978209	1.0203588823822327
34450000	34499999	2.1173760458189426	1.4649978209	0.6523782249189425
34500000	34549999	1.2229043652155305	1.4649978209	-0.2420934556844696
34550000	34599999	1.1975875002554872	1.4649978209	-0.26741032064451287
34600000	34649999	2.319528445428125	1.4649978209	0.854530624528125
34650000	34699999	2.5970019317000004	1.4649978209	1.1320041108000003
34700000	34749999	1.3980233319581041	1.4649978209	-0.06697448894189595
34750000	34799999	1.4434144682043946	1.4649978209	-0.021583352695605518
34800000	34849999	1.480791376230439	1.4649978209	0.015793555330438913
34850000	34899999	0.6059846913350404	1.4649978209	-0.8590131295649597
34900000	34949999	1.9280082812000001	1.4649978209	0.46301046030000004
34950000	34999999	1.2625022861208803	1.4649978209	-0.20249553477911975
35000000	35049999	1.7166906544145906	1.4649978209	0.2516928335145905
35050000	35099999	1.5454455510332177	1.4649978209	0.0804477301332176
35100000	35149999	1.480359582772588	1.4649978209	0.015361761872587865
35150000	35199999	1.7495196502817796	1.4649978209	0.2845218293817795
35200000	35249999	1.7619749598383179	1.4649978209	0.2969771389383178
35250000	35299999	1.6257036048175242	1.4649978209	0.1607057839175241
35300000	35349999	2.2139087016928163	1.4649978209	0.7489108807928162
35350000	35399999	1.8847048628671723	1.4649978209	0.41970704196717223
35400000	35449999	1.7304807217341431	1.4649978209	0.26548290083414305
35450000	35499999	2.144171510962665	1.4649978209	0.679173690062665
35500000	35549999	1.2440170815573028	1.4649978209	-0.22098073934269724
35550000	35599999	1.173531030090561	1.4649978209	-0.29146679080943905
35600000	35649999	1.799134127605771	1.4649978209	0.334136306705771
35650000	35699999	1.8285188877738976	1.4649978209	0.3635210668738975
35700000	35749999	2.041752237202548	1.4649978209	0.576754416302548
35750000	35799999	2.1734827570342654	1.4649978209	0.7084849361342653
35800000	35849999	1.2033388470304138	1.4649978209	-0.26165897386958625
35850000	35899999	1.4735588813388643	1.4649978209	0.008561060438864176
35900000	35949999	2.0771203356991212	1.4649978209	0.6121225147991212
35950000	35999999	2.545938169777295	1.4649978209	1.0809403488772948
36000000	36049999	1.3473889865435922	1.4649978209	-0.1176088343564079
36050000	36099999	1.6541619376286194	1.4649978209	0.18916411672861932
36100000	36149999	1.7874847006730523	1.4649978209	0.32248687977305224
36150000	36199999	0.9880743441485169	1.4649978209	-0.47692347675148317
36200000	36249999	1.1889725595705263	1.4649978209	-0.2760252613294738
36250000	36299999	1.573331575924753	1.4649978209	0.10833375502475295
36300000	36349999	1.8103708449870668	1.4649978209	0.3453730240870667
36350000	36399999	2.1221135130014694	1.4649978209	0.6571156921014694
36400000	36449999	2.343048621212839	1.4649978209	0.8780508003128389
36450000	36499999	1.9806103338100953	1.4649978209	0.5156125129100952
36500000	36549999	1.297898319602617	1.4649978209	-0.16709950129738305
36550000	36599999	1.5768370714909883	1.4649978209	0.1118392505909882
36600000	36649999	1.4713956144069185	1.4649978209	0.006397793506918381
36650000	36699999	1.4328272856404969	1.4649978209	-0.0321705352595032
36700000	36749999	2.3990958080682923	1.4649978209	0.9340979871682922
36750000	36799999	2.738838676181183	1.4649978209	1.2738408552811828
36800000	36849999	1.4831488081337938	1.4649978209	0.018150987233793714
36850000	36899999	1.34698905531456	1.4649978209	-0.11800876558544005
36900000	36949999	1.4770871431529276	1.4649978209	0.01208932225292747
36950000	36999999	1.7795899049768724	1.4649978209	0.31459208407687234
37000000	37049999	1.8619354603087281	1.4649978209	0.39693763940872806
37050000	37099999	1.5100888456111512	1.4649978209	0.04509102471115112
37100000	37149999	2.2043839400129484	1.4649978209	0.7393861191129483
37150000	37199999	2.26124259786321	1.4649978209	0.7962447769632097
37200000	37249999	1.1156186508936707	1.4649978209	-0.34937917000632934
37250000	37299999	1.382389104959958	1.4649978209	-0.08260871594004215
37300000	37349999	2.695316567	1.4649978209	1.2303187460999998
37350000	37399999	1.6568322399052853	1.4649978209	0.1918344190052852
37400000	37449999	1.5506713075219423	1.4649978209	0.08567348662194219
37450000	37499999	2.3110410552289857	1.4649978209	0.8460432343289856
37500000	37549999	1.5458391057805128	1.4649978209	0.08084128488051268
37550000	37599999	1.9568422462886599	1.4649978209	0.4918444253886598
37600000	37649999	2.279471166965889	1.4649978209	0.8144733460658891
37650000	37699999	0.9021747429820375	1.4649978209	-0.5628230779179626
37700000	37749999	0.8409053324518982	1.4649978209	-0.6240924884481018
37750000	37799999	1.2238905975045578	1.4649978209	-0.24110722339544233
37800000	37849999	1.5298322826782926	1.4649978209	0.06483446177829255
37850000	37899999	0.6733295037593995	1.4649978209	-0.7916683171406006
37900000	37949999	0.5765529571255432	1.4649978209	-0.8884448637744569
37950000	37999999	1.0984655893594057	1.4649978209	-0.36653223154059433
38000000	38049999	1.204719087592154	1.4649978209	-0.260278733307846
38050000	38099999	1.3218109680381538	1.4649978209	-0.1431868528618463
38100000	38149999	1.031791788201629	1.4649978209	-0.4332060326983711
38150000	38199999	1.2101726111773092	1.4649978209	-0.25482520972269085
38200000	38249999	1.0694666231063636	1.4649978209	-0.39553119779363644
38250000	38299999	0.9518640699341111	1.4649978209	-0.513133750965889
38300000	38349999	1.0940758470805803	1.4649978209	-0.3709219738194198
38350000	38399999	1.0038227875219483	1.4649978209	-0.46117503337805177
38400000	38449999	0.9115227742332039	1.4649978209	-0.5534750466667961
38450000	38499999	0.8885612075304063	1.4649978209	-0.5764366133695937
38500000	38549999	1.1270834428955476	1.4649978209	-0.33791437800445245
38550000	38599999	1.0149442377555986	1.4649978209	-0.45005358314440147
38600000	38649999	1.2787925234146191	1.4649978209	-0.18620529748538095
38650000	38699999	1.278937765274135	1.4649978209	-0.18606005562586514
38700000	38749999	1.0644610678719486	1.4649978209	-0.4005367530280515
38750000	38799999	1.2727477469689439	1.4649978209	-0.1922500739310562
38800000	38849999	1.186702926864715	1.4649978209	-0.2782948940352852
38850000	38899999	0.8502070096559602	1.4649978209	-0.6147908112440399
38900000	38949999	0.9477153899454895	1.4649978209	-0.5172824309545105
38950000	38999999	1.1416057389400895	1.4649978209	-0.32339208195991054
39000000	39049999	1.323284467832895	1.4649978209	-0.14171335306710509
39050000	39099999	1.055096356649318	1.4649978209	-0.4099014642506822
39100000	39149999	1.0618266600124604	1.4649978209	-0.4031711608875397
39150000	39199999	1.0485333073358842	1.4649978209	-0.41646451356411585
39200000	39249999	1.1540269889897508	1.4649978209	-0.3109708319102493
39250000	39299999	0.7506381485395692	1.4649978209	-0.7143596723604309
39300000	39349999	0.9955712007337586	1.4649978209	-0.4694266201662415
39350000	39399999	1.076110939722638	1.4649978209	-0.38888688117736203
39400000	39449999	1.3748161866412842	1.4649978209	-0.09018163425871584
39450000	39499999	1.5915236379808106	1.4649978209	0.12652581708081057
39500000	39549999	1.3151033199984357	1.4649978209	-0.14989450090156442
39550000	39599999	0.4781082741	1.4649978209	-0.9868895468000001
39600000	39649999	1.0651179885226747	1.4649978209	-0.3998798323773254
39650000	39699999	3.0284638452	1.4649978209	1.5634660243
39700000	39749999	1.9344954265094698	1.4649978209	0.46949760560946974
39750000	39799999	1.2096012320541139	1.4649978209	-0.25539658884588623
39800000	39849999	1.8480702380461946	1.4649978209	0.38307241714619455
39850000	39899999	1.7600347207759195	1.4649978209	0.2950368998759194
39900000	39949999	2.0801609389405673	1.4649978209	0.6151631180405672
39950000	39999999	0.881793176370282	1.4649978209	-0.5832046445297181
40000000	40049999	1.1786955336401763	1.4649978209	-0.28630228725982376
40050000	40099999	1.8235896438909565	1.4649978209	0.3585918229909564
40100000	40149999	2.0952844839676565	1.4649978209	0.6302866630676565
40150000	40199999	1.9181794265333527	1.4649978209	0.45318160563335264
40200000	40249999	1.9681697519569703	1.4649978209	0.5031719310569702
40250000	40299999	1.9585895518599137	1.4649978209	0.4935917309599136
40300000	40349999	1.2382250917093751	1.4649978209	-0.22677272919062497
40350000	40399999	0.6930167428213807	1.4649978209	-0.7719810780786194
40400000	40449999	1.3286409100221903	1.4649978209	-0.13635691087780977
40450000	40499999	1.3321126988236345	1.4649978209	-0.1328851220763656
40500000	40549999	1.0831371330903932	1.4649978209	-0.3818606878096069
40550000	40599999	1.0433460675508577	1.4649978209	-0.4216517533491424
40600000	40649999	1.112309389654245	1.4649978209	-0.352688431245755
40650000	40699999	1.1002636073080874	1.4649978209	-0.3647342135919127
40700000	40749999	0.9713241097365692	1.4649978209	-0.49367371116343084
40750000	40799999	0.8867965246618257	1.4649978209	-0.5782012962381744
40800000	40849999	0.9851863627770753	1.4649978209	-0.4798114581229248
40850000	40899999	1.1481049479364946	1.4649978209	-0.31689287296350543
40900000	40949999	1.3010777681023622	1.4649978209	-0.16392005279763788
40950000	40999999	0.9269328450904282	1.4649978209	-0.5380649758095719
41000000	41049999	1.1231501015184402	1.4649978209	-0.3418477193815599
41050000	41099999	1.045614866621924	1.4649978209	-0.41938295427807604
41100000	41149999	1.1408289934681306	1.4649978209	-0.3241688274318695
41150000	41199999	0.8289337435880799	1.4649978209	-0.6360640773119202
41200000	41249999	0.9939881456049953	1.4649978209	-0.4710096752950048
41250000	41299999	1.0084712980172257	1.4649978209	-0.4565265228827744
41300000	41349999	1.0280723050755722	1.4649978209	-0.43692551582442785
41350000	41399999	1.1753605352985748	1.4649978209	-0.2896372856014253
41400000	41449999	1.1534886701312326	1.4649978209	-0.3115091507687675
41450000	41499999	1.1252060920381775	1.4649978209	-0.33979172886182263
41500000	41549999	1.0616748085223404	1.4649978209	-0.40332301237765966
41550000	41599999	1.140088105162851	1.4649978209	-0.324909715737149
41600000	41649999	1.2181288858920907	1.4649978209	-0.2468689350079094
41650000	41699999	1.045492967466498	1.4649978209	-0.4195048534335022
41700000	41749999	1.1474910600469514	1.4649978209	-0.31750676085304863
41750000	41799999	1.0439147229260102	1.4649978209	-0.4210830979739899
41800000	41849999	0.7358231156234865	1.4649978209	-0.7291747052765136
41850000	41899999	1.011205953926639	1.4649978209	-0.45379186697336116
41900000	41949999	1.4368801807503098	1.4649978209	-0.028117640149690315
41950000	41999999	1.2606051701705927	1.4649978209	-0.20439265072940738
42000000	42049999	0.4459954499848817	1.4649978209	-1.0190023709151184
42050000	42099999	0.5701448069000001	1.4649978209	-0.894853014
42100000	42149999	1.539190445829061	1.4649978209	0.07419262492906098
42150000	42199999	1.6925951292802017	1.4649978209	0.22759730838020165
42200000	42249999	2.3930187196172428	1.4649978209	0.9280208987172427
42250000	42299999	2.1896297160192324	1.4649978209	0.7246318951192323
42300000	42349999	0.9705188697710267	1.4649978209	-0.49447895112897333
42350000	42399999	0.6338161719290223	1.4649978209	-0.8311816489709778
42400000	42449999	1.8376057326169801	1.4649978209	0.37260791171698004
42450000	42499999	1.5276702671112756	1.4649978209	0.06267244621127555
42500000	42549999	1.4527542722791855	1.4649978209	-0.01224354862081456
42550000	42599999	1.7001086502907472	1.4649978209	0.23511082939074712
42600000	42649999	1.7450288729029144	1.4649978209	0.28003105200291434
42650000	42699999	1.5667014846831497	1.4649978209	0.10170366378314966
42700000	42749999	0.8121137198748475	1.4649978209	-0.6528841010251526
42750000	42799999	1.7229612110655794	1.4649978209	0.25796339016557934
42800000	42849999	1.2965771293381745	1.4649978209	-0.1684206915618256
42850000	42899999	1.677893446608539	1.4649978209	0.21289562570853882
42900000	42949999	2.0090691571260315	1.4649978209	0.5440713362260314
42950000	42999999	1.2659804731098636	1.4649978209	-0.19901734779013647
43000000	43049999	1.7276604993126206	1.4649978209	0.2626626784126205
43050000	43099999	1.7843173153054321	1.4649978209	0.31931949440543206
43100000	43149999	1.3705355923947846	1.4649978209	-0.09446222850521546
43150000	43199999	2.5954325126501527	1.4649978209	1.1304346917501527
43200000	43249999	1.6065209161287033	1.4649978209	0.1415230952287032
43250000	43299999	1.5291967161592477	1.4649978209	0.0641988952592476
43300000	43349999	1.5216122711224496	1.4649978209	0.056614450222449486
43350000	43399999	1.519793555612401	1.4649978209	0.054795734712400845
43400000	43449999	2.0393016660999512	1.4649978209	0.5743038451999511
43450000	43499999	1.9282092864888674	1.4649978209	0.4632114655888673
43500000	43549999	1.0900607487743592	1.4649978209	-0.37493707212564087
43550000	43599999	1.7621481028698507	1.4649978209	0.2971502819698506
43600000	43649999	2.318301242969451	1.4649978209	0.8533034220694511
43650000	43699999	2.9034161461970767	1.4649978209	1.4384183252970766
43700000	43749999	1.7449891935159116	1.4649978209	0.27999137261591156
43750000	43799999	1.7668240259268904	1.4649978209	0.3018262050268903
43800000	43849999	2.227511171702252	1.4649978209	0.7625133508022521
43850000	43899999	2.112880095885611	1.4649978209	0.647882274985611
43900000	43949999	0.49010168244863284	1.4649978209	-0.9748961384513672
43950000	43999999	1.437824844704274	1.4649978209	-0.027172976195726006
44000000	44049999	2.5624733903	1.4649978209	1.0974755694
44050000	44099999	1.4486489333888666	1.4649978209	-0.016348887511133503
44100000	44149999	1.5092770313937485	1.4649978209	0.04427921049374839
44150000	44199999	1.812941046054808	1.4649978209	0.347943225154808
44200000	44249999	1.9375224543996827	1.4649978209	0.47252463349968266
44250000	44299999	2.291967090583923	1.4649978209	0.826969269683923
44300000	44349999	2.2801566899322507	1.4649978209	0.8151588690322507
44350000	44399999	1.0033610982404968	1.4649978209	-0.4616367226595033
44400000	44449999	0.6929200732	1.4649978209	-0.7720777477
44450000	44499999	2.3950373780282597	1.4649978209	0.9300395571282596
44500000	44549999	2.7136586277925296	1.4649978209	1.2486608068925296
44550000	44599999	1.574485413326428	1.4649978209	0.10948759242642803
44600000	44649999	0.806341747402417	1.4649978209	-0.658656073497583
44650000	44699999	2.102731813424774	1.4649978209	0.637733992524774
44700000	44749999	2.0135153123646212	1.4649978209	0.5485174914646211
44750000	44799999	1.5561420573998932	1.4649978209	0.09114423649989312
44800000	44849999	2.091359909006128	1.4649978209	0.6263620881061278
44850000	44899999	2.0753468054493713	1.4649978209	0.6103489845493713
44900000	44949999	1.4650567789687716	1.4649978209	5.895806877154186e-05
44950000	44999999	2.0798286825851746	1.4649978209	0.6148308616851745
45000000	45049999	1.6146036815148352	1.4649978209	0.14960586061483516
45050000	45099999	1.306102864571155	1.4649978209	-0.1588949563288451
45100000	45149999	1.8022563527628854	1.4649978209	0.33725853186288535
45150000	45199999	1.5944584994641888	1.4649978209	0.12946067856418875
45200000	45249999	2.144748456133698	1.4649978209	0.6797506352336977
45250000	45299999	2.1226156481580416	1.4649978209	0.6576178272580415
45300000	45349999	1.1918518935060731	1.4649978209	-0.27314592739392696
45350000	45399999	0.6177085599848389	1.4649978209	-0.8472892609151612
45400000	45449999	1.2952429111463561	1.4649978209	-0.16975490975364393
45450000	45499999	1.8365343633400606	1.4649978209	0.3715365424400605
45500000	45549999	1.5467895440488344	1.4649978209	0.08179172314883432
45550000	45599999	1.7937689713604097	1.4649978209	0.3287711504604096
45600000	45649999	1.893920858032367	1.4649978209	0.4289230371323669
45650000	45699999	1.7267683499433153	1.4649978209	0.2617705290433152
45700000	45749999	1.8041671144135254	1.4649978209	0.3391692935135253
45750000	45799999	1.0342249886193666	1.4649978209	-0.43077283228063346
45800000	45849999	0.6200527703000001	1.4649978209	-0.8449450506
45850000	45899999	1.4377473032708055	1.4649978209	-0.027250517629194615
45900000	45949999	1.7899095604967972	1.4649978209	0.3249117395967971
45950000	45999999	2.74042063772265	1.4649978209	1.27542281682265
46000000	46049999	1.4681554487962982	1.4649978209	0.003157627896298143
46050000	46099999	2.270279857523138	1.4649978209	0.8052820366231381
46100000	46149999	2.275243582915002	1.4649978209	0.8102457620150021
46150000	46199999	2.7292828572694092	1.4649978209	1.2642850363694091
46200000	46249999	2.1722879567056035	1.4649978209	0.7072901358056034
46250000	46299999	0.5806101318000001	1.4649978209	-0.8843876891
46300000	46349999	0.924997809852826	1.4649978209	-0.5400000110471741
46350000	46399999	1.5316071264076818	1.4649978209	0.06660930550768174
46400000	46449999	1.3152813098191634	1.4649978209	-0.14971651108083672
46450000	46499999	1.3678034311008698	1.4649978209	-0.09719438979913031
46500000	46549999	1.340632155885199	1.4649978209	-0.12436566501480106
46550000	46599999	1.161453247478663	1.4649978209	-0.3035445734213371
46600000	46649999	1.3161256991542931	1.4649978209	-0.14887212174570696
46650000	46699999	1.4881690766379674	1.4649978209	0.0231712557379673
46700000	46749999	1.7646015975859803	1.4649978209	0.29960377668598026
46750000	46799999	1.7492349381000505	1.4649978209	0.2842371172000504
46800000	46849999	1.0982336346021944	1.4649978209	-0.3667641862978057
46850000	46899999	1.270105244056904	1.4649978209	-0.19489257684309602
46900000	46949999	1.3905635526633806	1.4649978209	-0.07443426823661947
46950000	46999999	1.1472545924389634	1.4649978209	-0.31774322846103664
47000000	47049999	1.2364789345158753	1.4649978209	-0.22851888638412476
47050000	47099999	1.4547509101272202	1.4649978209	-0.010246910772779838
47100000	47149999	1.569060224024356	1.4649978209	0.104062403124356
47150000	47199999	1.5235857074632309	1.4649978209	0.05858788656323077
47200000	47249999	0.38860105038083503	1.4649978209	-1.076396770519165
47250000	47299999	0.6330144309337464	1.4649978209	-0.8319833899662537
47300000	47349999	1.954444653560736	1.4649978209	0.48944683266073596
47350000	47399999	1.905247779931891	1.4649978209	0.4402499590318909
47400000	47449999	2.0615628730045654	1.4649978209	0.5965650521045653
47450000	47499999	2.328492836468121	1.4649978209	0.8634950155681211
47500000	47549999	1.4565662056068833	1.4649978209	-0.008431615293116757
47550000	47599999	1.262818513142261	1.4649978209	-0.20217930775773918
47600000	47649999	1.6361055303243135	1.4649978209	0.17110770942431341
47650000	47699999	2.1390545805172945	1.4649978209	0.6740567596172944
47700000	47749999	1.8844229487354769	1.4649978209	0.4194251278354768
47750000	47799999	2.6118367033974	1.4649978209	1.1468388824974
47800000	47849999	1.951760449467917	1.4649978209	0.48676262856791697
47850000	47899999	1.477642631398626	1.4649978209	0.01264481049862587
47900000	47949999	1.262946832464685	1.4649978209	-0.202050988435315
47950000	47999999	1.5769581430089297	1.4649978209	0.11196032210892959
48000000	48049999	2.744010097157019	1.4649978209	1.279012276257019
48050000	48099999	2.3038993613815917	1.4649978209	0.8389015404815916
48100000	48149999	1.4979235794802164	1.4649978209	0.03292575858021629
48150000	48199999	1.4797979973420154	1.4649978209	0.014800176442015367
48200000	48249999	1.0444053305001435	1.4649978209	-0.4205924903998566
48250000	48299999	1.9408879219433595	1.4649978209	0.4758901010433594
48300000	48349999	2.411230305021277	1.4649978209	0.9462324841212768
48350000	48399999	2.6341782207	1.4649978209	1.1691803997999999
48400000	48449999	1.819853762500409	1.4649978209	0.3548559416004089
48450000	48499999	1.7034977000265021	1.4649978209	0.23849987912650206
48500000	48549999	1.0591759769918336	1.4649978209	-0.40582184390816645
48550000	48599999	0.8266826944821717	1.4649978209	-0.6383151264178284
48600000	48649999	2.5865164597000003	1.4649978209	1.1215186388000002
48650000	48699999	1.8257221945091966	1.4649978209	0.3607243736091965
48700000	48749999	2.113521529206766	1.4649978209	0.6485237083067659
48750000	48799999	1.0731155151685792	1.4649978209	-0.3918823057314209
48800000	48849999	0.7637224923926393	1.4649978209	-0.7012753285073607
48850000	48899999	2.371475601985498	1.4649978209	0.906477781085498
48900000	48949999	2.385595594330658	1.4649978209	0.9205977734306579
48950000	48999999	2.3245751815117313	1.4649978209	0.8595773606117312
49000000	49049999	2.3670149987382505	1.4649978209	0.9020171778382504
49050000	49099999	1.4456055243330872	1.4649978209	-0.01939229656691288
49100000	49149999	2.612440729028644	1.4649978209	1.147442908128644
49150000	49199999	1.744125357626243	1.4649978209	0.2791275367262429
49200000	49249999	0.7679582524453858	1.4649978209	-0.6970395684546142
49250000	49299999	2.227775660894226	1.4649978209	0.7627778399942258
49300000	49349999	2.719397672885419	1.4649978209	1.2543998519854187
49350000	49399999	1.49404790283116	1.4649978209	0.029050081931159877
49400000	49449999	1.0962780540295167	1.4649978209	-0.36871976687048336
49450000	49499999	2.3298689247808104	1.4649978209	0.8648711038808103
49500000	49549999	1.7464480111852514	1.4649978209	0.2814501902852513
49550000	49599999	0.5913876155000002	1.4649978209	-0.8736102053999999
49600000	49649999	1.026536162878937	1.4649978209	-0.4384616580210632
49650000	49699999	2.1081246295154146	1.4649978209	0.6431268086154145
49700000	49749999	1.728326981742441	1.4649978209	0.26332916084244085
49750000	49799999	1.7484913999196703	1.4649978209	0.2834935790196702
49800000	49849999	1.6276371106864305	1.4649978209	0.16263928978643039
49850000	49899999	1.6532829277548586	1.4649978209	0.18828510685485855
49900000	49949999	0.9601050161591616	1.4649978209	-0.5048928047408385
49950000	49999999	0.7069863004018617	1.4649978209	-0.7580115204981384
50000000	50049999	1.278223188458545	1.4649978209	-0.18677463244145498
50050000	50099999	1.8635527143821229	1.4649978209	0.3985548934821228
50100000	50149999	2.090726726753656	1.4649978209	0.6257289058536559
50150000	50199999	1.746705451854706	1.4649978209	0.28170763095470597
50200000	50249999	0.530878849	1.4649978209	-0.9341189719
50250000	50299999	0.8557128221213075	1.4649978209	-0.6092849987786926
50300000	50349999	1.4566765540073099	1.4649978209	-0.008321266892690193
50350000	50399999	1.291383032744417	1.4649978209	-0.17361478815558318
50400000	50449999	1.3213240684217955	1.4649978209	-0.14367375247820457
50450000	50499999	1.5275410274789696	1.4649978209	0.0625432065789695
50500000	50549999	1.4781036600396522	1.4649978209	0.013105839139652131
50550000	50599999	1.7676895970456803	1.4649978209	0.3026917761456802
50600000	50649999	1.4154533512680687	1.4649978209	-0.049544469631931376
50650000	50699999	1.0666056437695772	1.4649978209	-0.39839217713042285
50700000	50749999	0.6377312740419251	1.4649978209	-0.827266546858075
50750000	50799999	1.1104891901206146	1.4649978209	-0.35450863077938544
50800000	50849999	0.8707853105183107	1.4649978209	-0.5942125103816894
50850000	50899999	1.0743814544031067	1.4649978209	-0.39061636649689335
50900000	50949999	1.3925201615888558	1.4649978209	-0.07247765931114425
50950000	50999999	1.4039491048926622	1.4649978209	-0.061048716007337855
51000000	51049999	1.1503849549889344	1.4649978209	-0.31461286591106563
51050000	51099999	1.0818135588089937	1.4649978209	-0.3831842620910064
51100000	51149999	1.2333842571774993	1.4649978209	-0.23161356372250075
51150000	51199999	1.2468774667383493	1.4649978209	-0.21812035416165076
51200000	51249999	1.2155053358106553	1.4649978209	-0.24949248508934474
51250000	51299999	1.2718518905765106	1.4649978209	-0.19314593032348948
51300000	51349999	1.1579779298388262	1.4649978209	-0.3070198910611739
51350000	51399999	1.3490239196806764	1.4649978209	-0.11597390121932372
51400000	51449999	1.347568730496068	1.4649978209	-0.11742909040393212
51450000	51499999	1.239679478520696	1.4649978209	-0.22531834237930415
51500000	51549999	1.2437396103380327	1.4649978209	-0.22125821056196737
51550000	51599999	1.1156372245530304	1.4649978209	-0.3493605963469697
51600000	51649999	1.2359991979225555	1.4649978209	-0.22899862297744455
51650000	51699999	1.4547626353678498	1.4649978209	-0.010235185532150304
51700000	51749999	1.3337439618214602	1.4649978209	-0.13125385907853993
51750000	51799999	2.385638776866873	1.4649978209	0.9206409559668731
51800000	51849999	1.1037471360565003	1.4649978209	-0.36125068484349976
51850000	51899999	1.4169464902261415	1.4649978209	-0.04805133067385858
51900000	51949999	1.890630803837445	1.4649978209	0.425632982937445
51950000	51999999	1.6277484790005485	1.4649978209	0.16275065810054845
52000000	52049999	1.1995210268480805	1.4649978209	-0.2654767940519196
52050000	52099999	1.552599686818152	1.4649978209	0.08760186591815189
52100000	52149999	1.1062009168970186	1.4649978209	-0.3587969040029815
52150000	52199999	0.6014593789	1.4649978209	-0.8635384420000001
52200000	52249999	1.4056414724017519	1.4649978209	-0.059356348498248224
52250000	52299999	2.4428399580532227	1.4649978209	0.9778421371532227
52300000	52349999	2.0473628122444456	1.4649978209	0.5823649913444455
52350000	52399999	2.024619433698987	1.4649978209	0.5596216127989868
52400000	52449999	2.0807336203067903	1.4649978209	0.6157357994067902
52450000	52499999	1.8586582729259706	1.4649978209	0.39366045202597055
52500000	52549999	1.3774603580095384	1.4649978209	-0.08753746289046171
52550000	52599999	0.6609884850000001	1.4649978209	-0.8040093359
52600000	52649999	1.9396491005173646	1.4649978209	0.47465127961736453
52650000	52699999	1.1694455095033478	1.4649978209	-0.2955523113966523
52700000	52749999	1.2330405323705507	1.4649978209	-0.2319572885294494
52750000	52799999	2.113148239440491	1.4649978209	0.6481504185404907
52800000	52849999	0.8986277201063599	1.4649978209	-0.5663701007936401
52850000	52899999	0.5064415625140198	1.4649978209	-0.9585562583859802
52900000	52949999	1.1471717793040772	1.4649978209	-0.31782604159592287
52950000	52999999	1.336061352640458	1.4649978209	-0.12893646825954197
53000000	53049999	1.5466492817852546	1.4649978209	0.08165146088525455
53050000	53099999	1.2178822888339875	1.4649978209	-0.24711553206601256
53100000	53149999	1.3909711858508973	1.4649978209	-0.07402663504910278
53150000	53199999	1.1201753042433824	1.4649978209	-0.3448225166566177
53200000	53249999	0.23264908005933238	1.4649978209	-1.2323487408406677
53250000	53299999	0.22771586900000007	1.4649978209	-1.2372819519
53300000	53349999	0.43068022969278563	1.4649978209	-1.0343175912072144
53350000	53399999	0.9198527409191148	1.4649978209	-0.5451450799808852
53400000	53449999	0.8644943969684236	1.4649978209	-0.6005034239315765
53450000	53499999	1.0579985714810791	1.4649978209	-0.40699924941892096
53500000	53549999	0.9402398392298738	1.4649978209	-0.5247579816701263
53550000	53599999	1.0529868569048584	1.4649978209	-0.4120109639951417
53600000	53649999	1.049203570364386	1.4649978209	-0.41579425053561403
53650000	53699999	1.215956557793664	1.4649978209	-0.24904126310633612
53700000	53749999	2.027262733775516	1.4649978209	0.5622649128755157
53750000	53799999	1.1623820717525735	1.4649978209	-0.3026157491474266
53800000	53849999	1.276664400385886	1.4649978209	-0.18833342051411406
53850000	53899999	1.0606954520803682	1.4649978209	-0.4043023688196319
53900000	53949999	0.9852446631341554	1.4649978209	-0.4797531577658447
53950000	53999999	0.8930578953717271	1.4649978209	-0.571939925528273
54000000	54049999	1.146583306257953	1.4649978209	-0.3184145146420472
54050000	54099999	1.0106420990557403	1.4649978209	-0.45435572184425976
54100000	54149999	0.5655220323219057	1.4649978209	-0.8994757885780944
54150000	54199999	0.927189594973465	1.4649978209	-0.5378082259265351
54200000	54249999	1.1166369681767838	1.4649978209	-0.34836085272321626
54250000	54299999	0.793305508575	1.4649978209	-0.671692312325
54300000	54349999	1.001570413534851	1.4649978209	-0.463427407365149
54350000	54399999	0.8548580977595734	1.4649978209	-0.6101397231404266
54400000	54449999	1.0874273491697544	1.4649978209	-0.3775704717302457
54450000	54499999	0.7825333325515229	1.4649978209	-0.6824644883484772
54500000	54549999	1.0249041651857682	1.4649978209	-0.44009365571423187
54550000	54599999	0.8990425388539194	1.4649978209	-0.5659552820460807
54600000	54649999	1.040966274520569	1.4649978209	-0.4240315463794311
54650000	54699999	0.9760689348311463	1.4649978209	-0.48892888606885376
54700000	54749999	0.7811221952097536	1.4649978209	-0.6838756256902465
54750000	54799999	0.7796558887325227	1.4649978209	-0.6853419321674774
54800000	54849999	0.8465826967634553	1.4649978209	-0.6184151241365448
54850000	54899999	1.0900995680502548	1.4649978209	-0.3748982528497453
54900000	54949999	0.5244824437	1.4649978209	-0.9405153772000001
54950000	54999999	1.6921451098167817	1.4649978209	0.2271472889167816
55000000	55049999	2.052576309624399	1.4649978209	0.5875784887243991
55050000	55099999	0.9343684412055786	1.4649978209	-0.5306293796944215
55100000	55149999	0.9681580193036134	1.4649978209	-0.49683980159638663
55150000	55199999	1.2100270017544754	1.4649978209	-0.25497081914552466
55200000	55249999	1.0653457644803208	1.4649978209	-0.39965205641967927
55250000	55299999	1.2421938353843152	1.4649978209	-0.22280398551568492
55300000	55349999	1.178434817972754	1.4649978209	-0.2865630029272461
55350000	55399999	1.2421353563829103	1.4649978209	-0.2228624645170898
55400000	55449999	1.4904812862596017	1.4649978209	0.025483465359601665
55450000	55499999	1.3115459035299675	1.4649978209	-0.1534519173700326
55500000	55549999	1.2878394711723864	1.4649978209	-0.17715834972761368
55550000	55599999	1.5121545779754884	1.4649978209	0.047156757075488276
55600000	55649999	0.7928000399150391	1.4649978209	-0.672197780984961
55650000	55699999	1.0597237892649232	1.4649978209	-0.4052740316350769
55700000	55749999	1.603563218767711	1.4649978209	0.13856539786771083
55750000	55799999	1.6405422281970032	1.4649978209	0.17554440729700316
55800000	55849999	1.654577174073816	1.4649978209	0.1895793531738159
55850000	55899999	1.534905094114377	1.4649978209	0.06990727321437684
55900000	55949999	0.6661352184	1.4649978209	-0.7988626025000001
55950000	55999999	1.590702483762304	1.4649978209	0.12570466286230397
56000000	56049999	2.7071733044000004	1.4649978209	1.2421754835000003
56050000	56099999	1.2557748592413238	1.4649978209	-0.20922296165867627
56100000	56149999	2.0804093705811586	1.4649978209	0.6154115496811585
56150000	56199999	1.2080699245417785	1.4649978209	-0.25692789635822155
56200000	56249999	1.0750670051536133	1.4649978209	-0.38993081574638677
56250000	56299999	1.3550277381012528	1.4649978209	-0.10997008279874732
56300000	56349999	1.4204275186415727	1.4649978209	-0.0445703022584274
56350000	56399999	1.3191821350690187	1.4649978209	-0.14581568583098137
56400000	56449999	1.0309757206158325	1.4649978209	-0.43402210028416754
56450000	56499999	1.254494033621313	1.4649978209	-0.21050378727868702
56500000	56549999	1.436723761076863	1.4649978209	-0.02827405982313702
56550000	56599999	1.31262693136269	1.4649978209	-0.15237088953731015
56600000	56649999	1.3276177277412757	1.4649978209	-0.13738009315872435
56650000	56699999	1.4358572431073018	1.4649978209	-0.029140577792698297
56700000	56749999	1.344138604797016	1.4649978209	-0.120859216102984
56750000	56799999	0.42540362370000007	1.4649978209	-1.0395941972
56800000	56849999	0.7369227976990296	1.4649978209	-0.7280750232009705
56850000	56899999	2.2048680663240843	1.4649978209	0.7398702454240842
56900000	56949999	2.3876049030312076	1.4649978209	0.9226070821312076
56950000	56999999	1.9337984720858217	1.4649978209	0.4688006511858216
57000000	57049999	0.6441782512100587	1.4649978209	-0.8208195696899414
57050000	57099999	1.0940269988084168	1.4649978209	-0.3709708220915833
57100000	57149999	1.8443680830157532	1.4649978209	0.3793702621157531
57150000	57199999	1.663160656428293	1.4649978209	0.19816283552829295
57200000	57249999	1.3815985667527153	1.4649978209	-0.08339925414728477
57250000	57299999	1.179211589379502	1.4649978209	-0.285786231520498
57300000	57349999	1.55439569722561	1.4649978209	0.08939787632561003
57350000	57399999	1.079609239753589	1.4649978209	-0.38538858114641106
57400000	57449999	0.4088584007955871	1.4649978209	-1.056139420104413
57450000	57499999	1.0471922313701814	1.4649978209	-0.4178055895298187
57500000	57549999	2.251117525121436	1.4649978209	0.7861197042214358
57550000	57599999	2.087709803159094	1.4649978209	0.6227119822590941
57600000	57649999	1.5044142816796142	1.4649978209	0.03941646077961414
57650000	57699999	1.2203935133601471	1.4649978209	-0.24460430753985296
57700000	57749999	1.8440921949036744	1.4649978209	0.3790943740036743
57750000	57799999	1.0993418979500946	1.4649978209	-0.36565592294990545
57800000	57849999	1.3479674827756027	1.4649978209	-0.11703033812439734
57850000	57899999	1.49848005316947	1.4649978209	0.03348223226946989
57900000	57949999	1.528300879775673	1.4649978209	0.06330305887567289
57950000	57999999	1.023573692824997	1.4649978209	-0.4414241280750031
58000000	58049999	1.09748922110979	1.4649978209	-0.3675085997902101
58050000	58099999	0.8161661265211915	1.4649978209	-0.6488316943788086
58100000	58149999	0.7046176434853699	1.4649978209	-0.7603801774146302
58150000	58199999	1.1973314869220957	1.4649978209	-0.2676663339779044
58200000	58249999	1.5219551911841644	1.4649978209	0.056957370284164366
58250000	58299999	1.659837466286426	1.4649978209	0.19483964538642584
58300000	58349999	1.037903856360405	1.4649978209	-0.42709396453959503
58350000	58399999	1.167220351716526	1.4649978209	-0.29777746918347403
58400000	58449999	1.2771946058072692	1.4649978209	-0.1878032150927309
58450000	58499999	1.9352531028389734	1.4649978209	0.47025528193897337
58500000	58549999	1.3691998790910116	1.4649978209	-0.09579794180898848
58550000	58599999	1.2491407905093532	1.4649978209	-0.21585703039064685
58600000	58649999	1.0208687975367754	1.4649978209	-0.4441290233632247
58650000	58699999	1.1644929880748909	1.4649978209	-0.3005048328251092
58700000	58749999	1.171778167793847	1.4649978209	-0.29321965310615306
58750000	58799999	0.9312406357859956	1.4649978209	-0.5337571851140045
58800000	58849999	0.9393915712727677	1.4649978209	-0.5256062496272323
58850000	58899999	1.060639830007907	1.4649978209	-0.4043579908920931
58900000	58949999	0.9188782640218522	1.4649978209	-0.5461195568781478
58950000	58999999	1.1117737837436508	1.4649978209	-0.3532240371563493
59000000	59049999	1.192872823265597	1.4649978209	-0.2721249976344031
59050000	59099999	1.1044307690091912	1.4649978209	-0.36056705189080884
59100000	59149999	0.951234083663147	1.4649978209	-0.5137637372368531
59150000	59199999	1.137175057216841	1.4649978209	-0.327822763683159
59200000	59249999	1.0841836318099267	1.4649978209	-0.38081418909007336
59250000	59299999	1.2506689969961418	1.4649978209	-0.21432882390385832
59300000	59349999	1.193014217099306	1.4649978209	-0.271983603800694
59350000	59399999	1.070903010306479	1.4649978209	-0.39409481059352114
59400000	59449999	1.171409768956756	1.4649978209	-0.2935880519432441
59450000	59499999	1.0634812665198732	1.4649978209	-0.4015165543801269
59500000	59549999	1.0740008647897783	1.4649978209	-0.3909969561102218
59550000	59599999	0.96438875087006	1.4649978209	-0.50060907002994
59600000	59649999	1.0657029869465828	1.4649978209	-0.39929483395341725
59650000	59699999	1.0852634970497095	1.4649978209	-0.3797343238502906
59700000	59749999	0.8903028776762787	1.4649978209	-0.5746949432237214
59750000	59799999	0.8705680947241456	1.4649978209	-0.5944297261758544
59800000	59849999	0.483738633339203	1.4649978209	-0.9812591875607971
59850000	59899999	0.7686816213613068	1.4649978209	-0.6963161995386933
59900000	59949999	1.2046244248394515	1.4649978209	-0.26037339606054855
59950000	59999999	1.1392890614068423	1.4649978209	-0.3257087594931578
60000000	60049999	1.2142797991399827	1.4649978209	-0.25071802176001734
60050000	60099999	1.5908819848792999	1.4649978209	0.1258841639792998
60100000	60149999	1.3538933759839387	1.4649978209	-0.11110444491606142
60150000	60199999	1.139031801874959	1.4649978209	-0.3259660190250411
60200000	60249999	1.1843584560735017	1.4649978209	-0.2806393648264984
60250000	60299999	1.2339078507372547	1.4649978209	-0.23108997016274535
60300000	60349999	1.212004471452446	1.4649978209	-0.25299334944755403
60350000	60399999	1.3756345842871858	1.4649978209	-0.08936323661281431
60400000	60449999	1.388703665703447	1.4649978209	-0.07629415519655303
60450000	60499999	0.9926307506176759	1.4649978209	-0.47236707028232416
60500000	60549999	0.36516461760573127	1.4649978209	-1.0998332032942688
60550000	60599999	0.9561321917156922	1.4649978209	-0.5088656291843079
60600000	60649999	1.943268603904834	1.4649978209	0.47827078300483383
60650000	60699999	2.4114183179	1.4649978209	0.9464204969999999
60700000	60749999	1.4523257240926084	1.4649978209	-0.012672096807391675
60750000	60799999	1.4819642135344124	1.4649978209	0.016966392634412353
60800000	60849999	1.5601569541121125	1.4649978209	0.09515913321211245
60850000	60899999	1.3700357340264442	1.4649978209	-0.0949620868735559
60900000	60949999	1.995381131992163	1.4649978209	0.530383311092163
60950000	60999999	1.2774029060411654	1.4649978209	-0.18759491485883473
61000000	61049999	2.1470795237111147	1.4649978209	0.6820817028111146
61050000	61099999	0.5899842726565125	1.4649978209	-0.8750135482434875
61100000	61149999	2.4106773707452334	1.4649978209	0.9456795498452333
61150000	61199999	1.8879525262087677	1.4649978209	0.42295470530876766
61200000	61249999	1.9445847477468232	1.4649978209	0.47958692684682314
61250000	61299999	0.4614483030792724	1.4649978209	-1.0035495178207277
61300000	61349999	1.989000883970572	1.4649978209	0.5240030630705719
61350000	61399999	2.5613354265000003	1.4649978209	1.0963376056000003
61400000	61449999	1.2375745616557587	1.4649978209	-0.22742325924424134
61450000	61499999	1.0416474087558762	1.4649978209	-0.42335041214412383
61500000	61549999	1.8250151553729859	1.4649978209	0.3600173344729858
61550000	61599999	2.004678145041223	1.4649978209	0.5396803241412231
61600000	61649999	1.4771256792390626	1.4649978209	0.012127858339062492
61650000	61699999	1.3998926513961152	1.4649978209	-0.0651051695038849
61700000	61749999	1.9754125341033633	1.4649978209	0.5104147132033632
61750000	61799999	1.7263204775912904	1.4649978209	0.2613226566912903
61800000	61849999	1.4035869501956353	1.4649978209	-0.061410870704364795
61850000	61899999	1.9004377071797212	1.4649978209	0.4354398862797211
61900000	61949999	1.7047963074254122	1.4649978209	0.23979848652541214
61950000	61999999	1.8744432170137695	1.4649978209	0.4094453961137694
62000000	62049999	1.7212791973762573	1.4649978209	0.25628137647625726
62050000	62099999	1.659243338450351	1.4649978209	0.19424551755035102
62100000	62149999	1.3627732676052622	1.4649978209	-0.1022245532947379
62150000	62199999	1.4215318315776215	1.4649978209	-0.04346598932237855
62200000	62249999	2.240907977412622	1.4649978209	0.7759101565126219
62250000	62299999	1.8200641917799012	1.4649978209	0.3550663708799011
62300000	62349999	1.4972240355038462	1.4649978209	0.032226214603846115
62350000	62399999	1.8124566630568237	1.4649978209	0.34745884215682366
62400000	62449999	2.2503041148355223	1.4649978209	0.7853062939355222
62450000	62499999	1.8895283633514588	1.4649978209	0.4245305424514587
62500000	62549999	1.7002709943372254	1.4649978209	0.2352731734372253
62550000	62599999	1.6992543017423372	1.4649978209	0.23425648084233708
62600000	62649999	1.5433099484439057	1.4649978209	0.0783121275439056
62650000	62699999	1.9339527366402893	1.4649978209	0.46895491574028925
62700000	62749999	1.904220401120778	1.4649978209	0.43922258022077787
62750000	62799999	1.5365786567673037	1.4649978209	0.07158083586730357
62800000	62849999	2.2457001788	1.4649978209	0.7807023578999999
62850000	62899999	2.0578272574171206	1.4649978209	0.5928294365171205
62900000	62949999	1.5999631271668244	1.4649978209	0.13496530626682435
62950000	62999999	1.3249391048466082	1.4649978209	-0.14005871605339193
63000000	63049999	0.4649978209000001	1.4649978209	-1.0
