start	end	obs	exp	var
0	49999	1.975228348	1.975228348	0.0
50000	99999	1.6563883211445312	1.975228348	-0.31884002685546875
100000	149999	1.6563883211445312	1.975228348	-0.31884002685546875
150000	199999	1.6563883211445312	1.975228348	-0.31884002685546875
200000	249999	1.6563883211445312	1.975228348	-0.31884002685546875
250000	299999	1.6563883211445312	1.975228348	-0.31884002685546875
300000	349999	1.6563883211445312	1.975228348	-0.31884002685546875
350000	399999	1.6563883211445312	1.975228348	-0.31884002685546875
400000	449999	1.6563883211445312	1.975228348	-0.31884002685546875
450000	499999	1.6563883211445312	1.975228348	-0.31884002685546875
500000	549999	1.6563883211445312	1.975228348	-0.31884002685546875
550000	599999	1.6563883211445312	1.975228348	-0.31884002685546875
600000	649999	1.6563883211445312	1.975228348	-0.31884002685546875
650000	699999	1.6563883211445312	1.975228348	-0.31884002685546875
700000	749999	1.6563883211445312	1.975228348	-0.31884002685546875
750000	799999	1.6563883211445312	1.975228348	-0.31884002685546875
800000	849999	1.6563883211445312	1.975228348	-0.31884002685546875
850000	899999	1.6563883211445312	1.975228348	-0.31884002685546875
900000	949999	1.6563883211445312	1.975228348	-0.31884002685546875
950000	999999	1.6563883211445312	1.975228348	-0.31884002685546875
1000000	1049999	1.6563883211445312	1.975228348	-0.31884002685546875
1050000	1099999	1.6563883211445312	1.975228348	-0.31884002685546875
1100000	1149999	1.6563883211445312	1.975228348	-0.31884002685546875
1150000	1199999	1.6563883211445312	1.975228348	-0.31884002685546875
1200000	1249999	1.6563883211445312	1.975228348	-0.31884002685546875
1250000	1299999	1.6563883211445312	1.975228348	-0.31884002685546875
1300000	1349999	1.6563883211445312	1.975228348	-0.31884002685546875
1350000	1399999	1.6563883211445312	1.975228348	-0.31884002685546875
1400000	1449999	1.6563883211445312	1.975228348	-0.31884002685546875
1450000	1499999	1.6563883211445312	1.975228348	-0.31884002685546875
1500000	1549999	1.6563883211445312	1.975228348	-0.31884002685546875
1550000	1599999	1.6563883211445312	1.975228348	-0.31884002685546875
1600000	1649999	1.6563883211445312	1.975228348	-0.31884002685546875
1650000	1699999	1.6563883211445312	1.975228348	-0.31884002685546875
1700000	1749999	1.6563883211445312	1.975228348	-0.31884002685546875
1750000	1799999	1.6563883211445312	1.975228348	-0.31884002685546875
1800000	1849999	1.6563883211445312	1.975228348	-0.31884002685546875
1850000	1899999	1.6563883211445312	1.975228348	-0.31884002685546875
1900000	1949999	1.6563883211445312	1.975228348	-0.31884002685546875
1950000	1999999	1.6563883211445312	1.975228348	-0.31884002685546875
2000000	2049999	1.6563883211445312	1.975228348	-0.31884002685546875
2050000	2099999	1.6563883211445312	1.975228348	-0.31884002685546875
2100000	2149999	1.6563883211445312	1.975228348	-0.31884002685546875
2150000	2199999	1.6563883211445312	1.975228348	-0.31884002685546875
2200000	2249999	1.6563883211445312	1.975228348	-0.31884002685546875
2250000	2299999	1.6563883211445312	1.975228348	-0.31884002685546875
2300000	2349999	1.6563883211445312	1.975228348	-0.31884002685546875
2350000	2399999	1.6563883211445312	1.975228348	-0.31884002685546875
2400000	2449999	1.6563883211445312	1.975228348	-0.31884002685546875
2450000	2499999	1.6563883211445312	1.975228348	-0.31884002685546875
2500000	2549999	1.6563883211445312	1.975228348	-0.31884002685546875
2550000	2599999	1.6563883211445312	1.975228348	-0.31884002685546875
2600000	2649999	1.6563883211445312	1.975228348	-0.31884002685546875
2650000	2699999	1.6563883211445312	1.975228348	-0.31884002685546875
2700000	2749999	1.6563883211445312	1.975228348	-0.31884002685546875
2750000	2799999	1.6563883211445312	1.975228348	-0.31884002685546875
2800000	2849999	1.6563883211445312	1.975228348	-0.31884002685546875
2850000	2899999	1.6563883211445312	1.975228348	-0.31884002685546875
2900000	2949999	1.6563883211445312	1.975228348	-0.31884002685546875
2950000	2999999	1.6563883211445312	1.975228348	-0.31884002685546875
3000000	3049999	1.6563883211445312	1.975228348	-0.31884002685546875
3050000	3099999	1.6563883211445312	1.975228348	-0.31884002685546875
3100000	3149999	1.6563883211445312	1.975228348	-0.31884002685546875
3150000	3199999	1.6563883211445312	1.975228348	-0.31884002685546875
3200000	3249999	1.6563883211445312	1.975228348	-0.31884002685546875
3250000	3299999	1.6563883211445312	1.975228348	-0.31884002685546875
3300000	3349999	1.6563883211445312	1.975228348	-0.31884002685546875
3350000	3399999	1.6563883211445312	1.975228348	-0.31884002685546875
3400000	3449999	1.6563883211445312	1.975228348	-0.31884002685546875
3450000	3499999	1.6563883211445312	1.975228348	-0.31884002685546875
3500000	3549999	1.6563883211445312	1.975228348	-0.31884002685546875
3550000	3599999	1.6563883211445312	1.975228348	-0.31884002685546875
3600000	3649999	1.6563883211445312	1.975228348	-0.31884002685546875
3650000	3699999	1.6563883211445312	1.975228348	-0.31884002685546875
3700000	3749999	1.6563883211445312	1.975228348	-0.31884002685546875
3750000	3799999	1.6563883211445312	1.975228348	-0.31884002685546875
3800000	3849999	1.6563883211445312	1.975228348	-0.31884002685546875
3850000	3899999	1.6563883211445312	1.975228348	-0.31884002685546875
3900000	3949999	1.6563883211445312	1.975228348	-0.31884002685546875
3950000	3999999	1.6563883211445312	1.975228348	-0.31884002685546875
4000000	4049999	1.6563883211445312	1.975228348	-0.31884002685546875
4050000	4099999	1.6563883211445312	1.975228348	-0.31884002685546875
4100000	4149999	1.6563883211445312	1.975228348	-0.31884002685546875
4150000	4199999	1.6563883211445312	1.975228348	-0.31884002685546875
4200000	4249999	1.6563883211445312	1.975228348	-0.31884002685546875
4250000	4299999	1.6563883211445312	1.975228348	-0.31884002685546875
4300000	4349999	1.6563883211445312	1.975228348	-0.31884002685546875
4350000	4399999	1.6563883211445312	1.975228348	-0.31884002685546875
4400000	4449999	1.6563883211445312	1.975228348	-0.31884002685546875
4450000	4499999	1.6563883211445312	1.975228348	-0.31884002685546875
4500000	4549999	1.6563883211445312	1.975228348	-0.31884002685546875
4550000	4599999	1.6563883211445312	1.975228348	-0.31884002685546875
4600000	4649999	1.6563883211445312	1.975228348	-0.31884002685546875
4650000	4699999	1.6563883211445312	1.975228348	-0.31884002685546875
4700000	4749999	1.6563883211445312	1.975228348	-0.31884002685546875
4750000	4799999	1.6563883211445312	1.975228348	-0.31884002685546875
4800000	4849999	1.6563883211445312	1.975228348	-0.31884002685546875
4850000	4899999	1.6563883211445312	1.975228348	-0.31884002685546875
4900000	4949999	1.6563883211445312	1.975228348	-0.31884002685546875
4950000	4999999	1.6563883211445312	1.975228348	-0.31884002685546875
5000000	5049999	1.6563883211445312	1.975228348	-0.31884002685546875
5050000	5099999	1.6563883211445312	1.975228348	-0.31884002685546875
5100000	5149999	1.6563883211445312	1.975228348	-0.31884002685546875
5150000	5199999	1.6563883211445312	1.975228348	-0.31884002685546875
5200000	5249999	1.6563883211445312	1.975228348	-0.31884002685546875
5250000	5299999	1.6563883211445312	1.975228348	-0.31884002685546875
5300000	5349999	1.6563883211445312	1.975228348	-0.31884002685546875
5350000	5399999	1.6563883211445312	1.975228348	-0.31884002685546875
5400000	5449999	1.6563883211445312	1.975228348	-0.31884002685546875
5450000	5499999	1.6563883211445312	1.975228348	-0.31884002685546875
5500000	5549999	1.6563883211445312	1.975228348	-0.31884002685546875
5550000	5599999	1.6563883211445312	1.975228348	-0.31884002685546875
5600000	5649999	1.6563883211445312	1.975228348	-0.31884002685546875
5650000	5699999	1.6563883211445312	1.975228348	-0.31884002685546875
5700000	5749999	1.6563883211445312	1.975228348	-0.31884002685546875
5750000	5799999	1.6563883211445312	1.975228348	-0.31884002685546875
5800000	5849999	1.6563883211445312	1.975228348	-0.31884002685546875
5850000	5899999	1.6563883211445312	1.975228348	-0.31884002685546875
5900000	5949999	1.6563883211445312	1.975228348	-0.31884002685546875
5950000	5999999	1.6563883211445312	1.975228348	-0.31884002685546875
6000000	6049999	1.6563883211445312	1.975228348	-0.31884002685546875
6050000	6099999	1.6563883211445312	1.975228348	-0.31884002685546875
6100000	6149999	1.6563883211445312	1.975228348	-0.31884002685546875
6150000	6199999	1.6563883211445312	1.975228348	-0.31884002685546875
6200000	6249999	1.6563883211445312	1.975228348	-0.31884002685546875
6250000	6299999	1.6563883211445312	1.975228348	-0.31884002685546875
6300000	6349999	1.6563883211445312	1.975228348	-0.31884002685546875
6350000	6399999	1.6563883211445312	1.975228348	-0.31884002685546875
6400000	6449999	1.6563883211445312	1.975228348	-0.31884002685546875
6450000	6499999	1.6563883211445312	1.975228348	-0.31884002685546875
6500000	6549999	1.6563883211445312	1.975228348	-0.31884002685546875
6550000	6599999	1.6563883211445312	1.975228348	-0.31884002685546875
6600000	6649999	1.6563883211445312	1.975228348	-0.31884002685546875
6650000	6699999	1.6563883211445312	1.975228348	-0.31884002685546875
6700000	6749999	1.6563883211445312	1.975228348	-0.31884002685546875
6750000	6799999	1.6563883211445312	1.975228348	-0.31884002685546875
6800000	6849999	1.6563883211445312	1.975228348	-0.31884002685546875
6850000	6899999	1.6563883211445312	1.975228348	-0.31884002685546875
6900000	6949999	1.6563883211445312	1.975228348	-0.31884002685546875
6950000	6999999	1.6563883211445312	1.975228348	-0.31884002685546875
7000000	7049999	1.6563883211445312	1.975228348	-0.31884002685546875
7050000	7099999	1.6563883211445312	1.975228348	-0.31884002685546875
7100000	7149999	1.6563883211445312	1.975228348	-0.31884002685546875
7150000	7199999	1.6563883211445312	1.975228348	-0.31884002685546875
7200000	7249999	1.6563883211445312	1.975228348	-0.31884002685546875
7250000	7299999	1.6563883211445312	1.975228348	-0.31884002685546875
7300000	7349999	1.6563883211445312	1.975228348	-0.31884002685546875
7350000	7399999	1.6563883211445312	1.975228348	-0.31884002685546875
7400000	7449999	1.6563883211445312	1.975228348	-0.31884002685546875
7450000	7499999	1.6563883211445312	1.975228348	-0.31884002685546875
7500000	7549999	1.6563883211445312	1.975228348	-0.31884002685546875
7550000	7599999	1.6563883211445312	1.975228348	-0.31884002685546875
7600000	7649999	1.6563883211445312	1.975228348	-0.31884002685546875
7650000	7699999	1.6563883211445312	1.975228348	-0.31884002685546875
7700000	7749999	1.6563883211445312	1.975228348	-0.31884002685546875
7750000	7799999	1.6563883211445312	1.975228348	-0.31884002685546875
7800000	7849999	1.6563883211445312	1.975228348	-0.31884002685546875
7850000	7899999	1.6563883211445312	1.975228348	-0.31884002685546875
7900000	7949999	1.6563883211445312	1.975228348	-0.31884002685546875
7950000	7999999	1.6563883211445312	1.975228348	-0.31884002685546875
8000000	8049999	1.6563883211445312	1.975228348	-0.31884002685546875
8050000	8099999	1.6563883211445312	1.975228348	-0.31884002685546875
8100000	8149999	1.6563883211445312	1.975228348	-0.31884002685546875
8150000	8199999	1.6563883211445312	1.975228348	-0.31884002685546875
8200000	8249999	1.6563883211445312	1.975228348	-0.31884002685546875
8250000	8299999	1.6563883211445312	1.975228348	-0.31884002685546875
8300000	8349999	1.6563883211445312	1.975228348	-0.31884002685546875
8350000	8399999	1.6563883211445312	1.975228348	-0.31884002685546875
8400000	8449999	1.6563883211445312	1.975228348	-0.31884002685546875
8450000	8499999	1.6563883211445312	1.975228348	-0.31884002685546875
8500000	8549999	1.6563883211445312	1.975228348	-0.31884002685546875
8550000	8599999	1.6563883211445312	1.975228348	-0.31884002685546875
8600000	8649999	1.6563883211445312	1.975228348	-0.31884002685546875
8650000	8699999	1.6563883211445312	1.975228348	-0.31884002685546875
8700000	8749999	1.6563883211445312	1.975228348	-0.31884002685546875
8750000	8799999	1.6563883211445312	1.975228348	-0.31884002685546875
8800000	8849999	1.6563883211445312	1.975228348	-0.31884002685546875
8850000	8899999	1.6563883211445312	1.975228348	-0.31884002685546875
8900000	8949999	1.6563883211445312	1.975228348	-0.31884002685546875
8950000	8999999	1.6563883211445312	1.975228348	-0.31884002685546875
9000000	9049999	1.6563883211445312	1.975228348	-0.31884002685546875
9050000	9099999	1.6563883211445312	1.975228348	-0.31884002685546875
9100000	9149999	1.6563883211445312	1.975228348	-0.31884002685546875
9150000	9199999	1.6563883211445312	1.975228348	-0.31884002685546875
9200000	9249999	1.6563883211445312	1.975228348	-0.31884002685546875
9250000	9299999	1.6563883211445312	1.975228348	-0.31884002685546875
9300000	9349999	1.6563883211445312	1.975228348	-0.31884002685546875
9350000	9399999	1.6563883211445312	1.975228348	-0.31884002685546875
9400000	9449999	1.2019240634445312	1.975228348	-0.7733042845554687
9450000	9499999	1.281024030583049	1.975228348	-0.694204317416951
9500000	9549999	1.8746702296540831	1.975228348	-0.10055811834591677
9550000	9599999	2.1420666352	1.975228348	0.16683828720000005
9600000	9649999	0.3394773609999999	1.975228348	-1.635750987
9650000	9699999	2.6289950819894043	1.975228348	0.6537667339894044
9700000	9749999	2.1486272070666197	1.975228348	0.17339885906661978
9750000	9799999	0.0	1.975228348	-1.975228348
9800000	9849999	3.4850626129	1.975228348	1.5098342649000003
9850000	9899999	2.246341539031543	1.975228348	0.2711131910315432
9900000	9949999	0.049977778099999925	1.975228348	-1.9252505699
9950000	9999999	1.1612307137999998	1.975228348	-0.8139976342000002
10000000	10049999	0.17052422869999995	1.975228348	-1.8047041193
10050000	10099999	1.7795189807999998	1.975228348	-0.1957093672000001
10100000	10149999	0.47287237159999984	1.975228348	-1.5023559764
10150000	10199999	2.2884163386	1.975228348	0.3131879905999999
10200000	10249999	0.7335466370445312	1.975228348	-1.2416817109554688
10250000	10299999	1.6563883211445312	1.975228348	-0.31884002685546875
10300000	10349999	1.6563883211445312	1.975228348	-0.31884002685546875
10350000	10399999	0.8184484385445312	1.975228348	-1.1567799094554687
10400000	10449999	5.3117207384	1.975228348	3.3364923904
10450000	10499999	4.9855396949	1.975228348	3.0103113469
10500000	10549999	5.348251750930903	1.975228348	3.3730234029309027
10550000	10599999	5.762106246877332	1.975228348	3.786877898877332
10600000	10649999	3.1470514451445313	1.975228348	1.1718230971445314
10650000	10699999	0.31001527106405646	1.975228348	-1.6652130769359434
10700000	10749999	3.551214727944531	1.975228348	1.5759863799445313
10750000	10799999	2.514593410184317	1.975228348	0.5393650621843169
10800000	10849999	1.913282618652066	1.975228348	-0.061945729347933964
10850000	10899999	1.8743440092292647	1.975228348	-0.10088433877073522
10900000	10949999	3.2176519714958283	1.975228348	1.2424236234958284
10950000	10999999	1.8565635634093214	1.975228348	-0.11866478459067853
11000000	11049999	3.4747177267476927	1.975228348	1.4994893787476928
11050000	11099999	5.31447773080929	1.975228348	3.3392493828092897
11100000	11149999	2.7138202040354673	1.975228348	0.7385918560354674
11150000	11199999	4.048113443844532	1.975228348	2.0728850958445317
11200000	11249999	1.6563883211445312	1.975228348	-0.31884002685546875
11250000	11299999	1.6563883211445312	1.975228348	-0.31884002685546875
11300000	11349999	1.6563883211445312	1.975228348	-0.31884002685546875
11350000	11399999	1.6563883211445312	1.975228348	-0.31884002685546875
11400000	11449999	1.6563883211445312	1.975228348	-0.31884002685546875
11450000	11499999	1.6563883211445312	1.975228348	-0.31884002685546875
11500000	11549999	1.6563883211445312	1.975228348	-0.31884002685546875
11550000	11599999	1.6563883211445312	1.975228348	-0.31884002685546875
11600000	11649999	1.6563883211445312	1.975228348	-0.31884002685546875
11650000	11699999	1.6563883211445312	1.975228348	-0.31884002685546875
11700000	11749999	1.6563883211445312	1.975228348	-0.31884002685546875
11750000	11799999	1.6563883211445312	1.975228348	-0.31884002685546875
11800000	11849999	1.6563883211445312	1.975228348	-0.31884002685546875
11850000	11899999	1.6563883211445312	1.975228348	-0.31884002685546875
11900000	11949999	1.6563883211445312	1.975228348	-0.31884002685546875
11950000	11999999	1.6563883211445312	1.975228348	-0.31884002685546875
12000000	12049999	1.6563883211445312	1.975228348	-0.31884002685546875
12050000	12099999	1.6563883211445312	1.975228348	-0.31884002685546875
12100000	12149999	1.6563883211445312	1.975228348	-0.31884002685546875
12150000	12199999	1.6563883211445312	1.975228348	-0.31884002685546875
12200000	12249999	1.6563883211445312	1.975228348	-0.31884002685546875
12250000	12299999	1.6563883211445312	1.975228348	-0.31884002685546875
12300000	12349999	1.6563883211445312	1.975228348	-0.31884002685546875
12350000	12399999	1.6563883211445312	1.975228348	-0.31884002685546875
12400000	12449999	1.6563883211445312	1.975228348	-0.31884002685546875
12450000	12499999	1.6563883211445312	1.975228348	-0.31884002685546875
12500000	12549999	1.6563883211445312	1.975228348	-0.31884002685546875
12550000	12599999	1.6563883211445312	1.975228348	-0.31884002685546875
12600000	12649999	1.6563883211445312	1.975228348	-0.31884002685546875
12650000	12699999	1.6563883211445312	1.975228348	-0.31884002685546875
12700000	12749999	1.6563883211445312	1.975228348	-0.31884002685546875
12750000	12799999	1.6563883211445312	1.975228348	-0.31884002685546875
12800000	12849999	1.6563883211445312	1.975228348	-0.31884002685546875
12850000	12899999	1.6563883211445312	1.975228348	-0.31884002685546875
12900000	12949999	1.6563883211445312	1.975228348	-0.31884002685546875
12950000	12999999	1.6563883211445312	1.975228348	-0.31884002685546875
13000000	13049999	1.6563883211445312	1.975228348	-0.31884002685546875
13050000	13099999	1.6563883211445312	1.975228348	-0.31884002685546875
13100000	13149999	1.6563883211445312	1.975228348	-0.31884002685546875
13150000	13199999	1.6563883211445312	1.975228348	-0.31884002685546875
13200000	13249999	1.6563883211445312	1.975228348	-0.31884002685546875
13250000	13299999	1.6563883211445312	1.975228348	-0.31884002685546875
13300000	13349999	1.6563883211445312	1.975228348	-0.31884002685546875
13350000	13399999	1.6563883211445312	1.975228348	-0.31884002685546875
13400000	13449999	1.6563883211445312	1.975228348	-0.31884002685546875
13450000	13499999	1.6563883211445312	1.975228348	-0.31884002685546875
13500000	13549999	1.6563883211445312	1.975228348	-0.31884002685546875
13550000	13599999	1.6563883211445312	1.975228348	-0.31884002685546875
13600000	13649999	1.6563883211445312	1.975228348	-0.31884002685546875
13650000	13699999	1.6563883211445312	1.975228348	-0.31884002685546875
13700000	13749999	1.6563883211445312	1.975228348	-0.31884002685546875
13750000	13799999	1.6563883211445312	1.975228348	-0.31884002685546875
13800000	13849999	1.6563883211445312	1.975228348	-0.31884002685546875
13850000	13899999	1.6563883211445312	1.975228348	-0.31884002685546875
13900000	13949999	1.6563883211445312	1.975228348	-0.31884002685546875
13950000	13999999	1.6563883211445312	1.975228348	-0.31884002685546875
14000000	14049999	1.6563883211445312	1.975228348	-0.31884002685546875
14050000	14099999	1.6563883211445312	1.975228348	-0.31884002685546875
14100000	14149999	1.6563883211445312	1.975228348	-0.31884002685546875
14150000	14199999	1.6563883211445312	1.975228348	-0.31884002685546875
14200000	14249999	1.6563883211445312	1.975228348	-0.31884002685546875
14250000	14299999	1.6563883211445312	1.975228348	-0.31884002685546875
14300000	14349999	1.6122459740445312	1.975228348	-0.36298237395546873
14350000	14399999	3.1060508459076828	1.975228348	1.1308224979076829
14400000	14449999	2.9217770481433334	1.975228348	0.9465487001433335
14450000	14499999	2.2612504220704284	1.975228348	0.28602207407042846
14500000	14549999	2.5023107203836243	1.975228348	0.5270823723836244
14550000	14599999	2.0487345356398743	1.975228348	0.07350618763987438
14600000	14649999	2.229516984313675	1.975228348	0.25428863631367493
14650000	14699999	2.0510460112728577	1.975228348	0.07581766327285777
14700000	14749999	2.084248483480951	1.975228348	0.10902013548095102
14750000	14799999	1.902483149115338	1.975228348	-0.07274519888466191
14800000	14849999	1.9952971253623901	1.975228348	0.02006877736239021
14850000	14899999	1.9835170517124876	1.975228348	0.008288703712487688
14900000	14949999	2.1508915488143248	1.975228348	0.17566320081432485
14950000	14999999	1.3371721115100692	1.975228348	-0.6380562364899307
15000000	15049999	0.727132621144531	1.975228348	-1.2480957268554689
15050000	15099999	0.9770779179999999	1.975228348	-0.99815043
15100000	15149999	0.6650558898445311	1.975228348	-1.3101724581554688
15150000	15199999	0.7208000177358582	1.975228348	-1.2544283302641417
15200000	15249999	2.6408495217382018	1.975228348	0.6656211737382018
15250000	15299999	3.260509153192206	1.975228348	1.285280805192206
15300000	15349999	3.781921717794464	1.975228348	1.806693369794464
15350000	15399999	1.6849950726166667	1.975228348	-0.2902332753833332
15400000	15449999	2.065640657042639	1.975228348	0.0904123090426392
15450000	15499999	1.7411739232464787	1.975228348	-0.23405442475352123
15500000	15549999	2.0187486676181763	1.975228348	0.04352031961817637
15550000	15599999	1.8813640495473143	1.975228348	-0.09386429845268562
15600000	15649999	1.7931180456439941	1.975228348	-0.18211030235600578
15650000	15699999	2.9710043727828017	1.975228348	0.9957760247828018
15700000	15749999	2.9352287784218323	1.975228348	0.9600004304218324
15750000	15799999	2.191722656079254	1.975228348	0.21649430807925407
15800000	15849999	2.6775353203735537	1.975228348	0.7023069723735538
15850000	15899999	3.408367921155737	1.975228348	1.4331395731557373
15900000	15949999	3.62435893260827	1.975228348	1.6491305846082702
15950000	15999999	3.575811250225885	1.975228348	1.6005829022258853
16000000	16049999	3.4423959685045045	1.975228348	1.4671676205045046
16050000	16099999	3.6361620926144043	1.975228348	1.6609337446144044
16100000	16149999	2.9214708091511064	1.975228348	0.9462424611511064
16150000	16199999	2.3072611519827286	1.975228348	0.3320328039827287
16200000	16249999	2.1035694562932385	1.975228348	0.12834110829323864
16250000	16299999	2.3148925215570566	1.975228348	0.3396641735570567
16300000	16349999	2.145150387906511	1.975228348	0.1699220399065111
16350000	16399999	3.191304722503122	1.975228348	1.216076374503122
16400000	16449999	2.5009920991340744	1.975228348	0.5257637511340745
16450000	16499999	2.4394393475836265	1.975228348	0.46421099958362655
16500000	16549999	2.339223743993588	1.975228348	0.3639953959935882
16550000	16599999	1.9629037776303313	1.975228348	-0.012324570369668608
16600000	16649999	2.2581544903544555	1.975228348	0.28292614235445557
16650000	16699999	2.3818395405524213	1.975228348	0.4066111925524214
16700000	16749999	2.353879556488919	1.975228348	0.3786512084889191
16750000	16799999	2.232915608042337	1.975228348	0.2576872600423372
16800000	16849999	1.998018403520526	1.975228348	0.022790055520526042
16850000	16899999	2.0068864950039274	1.975228348	0.03165814700392744
16900000	16949999	1.9125668929168969	1.975228348	-0.06266145508310306
16950000	16999999	1.819624955178186	1.975228348	-0.1556033928218139
17000000	17049999	2.0869356238598082	1.975228348	0.11170727585980833
17050000	17099999	2.295094374961366	1.975228348	0.31986602696136623
17100000	17149999	2.907002443055151	1.975228348	0.9317740950551512
17150000	17199999	3.063771757301846	1.975228348	1.0885434093018462
17200000	17249999	1.9739990206508087	1.975228348	-0.0012293273491912338
17250000	17299999	1.5545519735517455	1.975228348	-0.42067637444825445
17300000	17349999	1.714610351846765	1.975228348	-0.2606179961532349
17350000	17399999	1.752834868192549	1.975228348	-0.22239347980745094
17400000	17449999	1.7890033941888444	1.975228348	-0.18622495381115556
17450000	17499999	2.061490151292818	1.975228348	0.08626180329281796
17500000	17549999	1.8566890735615753	1.975228348	-0.1185392744384246
17550000	17599999	1.7115307551030439	1.975228348	-0.26369759289695605
17600000	17649999	1.8429489349929207	1.975228348	-0.13227941300707924
17650000	17699999	1.8548158229004117	1.975228348	-0.12041252509958822
17700000	17749999	1.8599576670458708	1.975228348	-0.11527068095412907
17750000	17799999	1.6537338514082534	1.975228348	-0.32149449659174656
17800000	17849999	1.7206813352215309	1.975228348	-0.25454701277846903
17850000	17899999	1.8409108256583284	1.975228348	-0.1343175223416715
17900000	17949999	1.9534343090973278	1.975228348	-0.021794038902672064
17950000	17999999	1.6867289139780617	1.975228348	-0.28849943402193823
18000000	18049999	1.5746771836093505	1.975228348	-0.4005511643906494
18050000	18099999	1.8001298931277654	1.975228348	-0.17509845487223452
18100000	18149999	1.8202928038135506	1.975228348	-0.15493554418644928
18150000	18199999	1.9849100636329826	1.975228348	0.009681715632982701
18200000	18249999	2.0471893722558	1.975228348	0.07196102425579998
18250000	18299999	1.7013792707072577	1.975228348	-0.2738490772927422
18300000	18349999	1.7302211679136712	1.975228348	-0.2450071800863287
18350000	18399999	1.8405558075827293	1.975228348	-0.13467254041727061
18400000	18449999	1.4740922723049943	1.975228348	-0.5011360756950056
18450000	18499999	1.458543917253373	1.975228348	-0.516684430746627
18500000	18549999	1.906310422423146	1.975228348	-0.06891792557685394
18550000	18599999	1.7072005930490737	1.975228348	-0.26802775495092623
18600000	18649999	1.5242847754816617	1.975228348	-0.45094357251833816
18650000	18699999	1.225679791008905	1.975228348	-0.7495485569910949
18700000	18749999	0.8688118251410337	1.975228348	-1.1064165228589662
18750000	18799999	1.1629676285470643	1.975228348	-0.8122607194529357
18800000	18849999	1.978140462494699	1.975228348	0.0029121144946990807
18850000	18899999	2.093072870807605	1.975228348	0.11784452280760505
18900000	18949999	1.9005704966010506	1.975228348	-0.07465785139894932
18950000	18999999	1.545922369087625	1.975228348	-0.429305978912375
19000000	19049999	1.2703506811321288	1.975228348	-0.7048776668678711
19050000	19099999	1.4557484051745115	1.975228348	-0.5194799428254884
19100000	19149999	2.051643015876518	1.975228348	0.0764146678765183
19150000	19199999	2.4182533891128997	1.975228348	0.44302504111289975
19200000	19249999	2.1159930639110183	1.975228348	0.14076471591101836
19250000	19299999	1.139714772142804	1.975228348	-0.8355135758571959
19300000	19349999	1.0771572462269163	1.975228348	-0.8980711017730836
19350000	19399999	1.5515420402898497	1.975228348	-0.42368630771015026
19400000	19449999	1.9379526381789152	1.975228348	-0.037275709821084746
19450000	19499999	1.810892366213007	1.975228348	-0.16433598178699294
19500000	19549999	1.619698981589897	1.975228348	-0.3555293664101029
19550000	19599999	1.3918429137954984	1.975228348	-0.5833854342045015
19600000	19649999	1.426488913907794	1.975228348	-0.5487394340922058
19650000	19699999	1.8459861269078064	1.975228348	-0.12924222109219352
19700000	19749999	1.537666610624286	1.975228348	-0.4375617373757139
19750000	19799999	1.60301771611232	1.975228348	-0.3722106318876799
19800000	19849999	1.137109817986621	1.975228348	-0.8381185300133789
19850000	19899999	0.9648606701952209	1.975228348	-1.010367677804779
19900000	19949999	1.450988524190576	1.975228348	-0.5242398238094239
19950000	19999999	2.189681338002418	1.975228348	0.2144529900024179
20000000	20049999	2.2980743458168282	1.975228348	0.3228459978168283
20050000	20099999	2.2322190237657544	1.975228348	0.2569906757657545
20100000	20149999	1.7370655538420317	1.975228348	-0.23816279415796826
20150000	20199999	1.3795467807706663	1.975228348	-0.5956815672293336
20200000	20249999	1.457861251087973	1.975228348	-0.517367096912027
20250000	20299999	1.8191075952278122	1.975228348	-0.15612075277218773
20300000	20349999	1.7672821747009886	1.975228348	-0.20794617329901133
20350000	20399999	1.7027246170974868	1.975228348	-0.2725037309025131
20400000	20449999	1.5606872652608885	1.975228348	-0.4145410827391114
20450000	20499999	1.6802483420814482	1.975228348	-0.29498000591855167
20500000	20549999	1.7915651288645262	1.975228348	-0.18366321913547368
20550000	20599999	1.8650230784374466	1.975228348	-0.11020526956255328
20600000	20649999	1.9041560326372315	1.975228348	-0.07107231536276837
20650000	20699999	1.7161818254489318	1.975228348	-0.2590465225510681
20700000	20749999	1.842035866881143	1.975228348	-0.13319248111885695
20750000	20799999	2.0525434317573246	1.975228348	0.07731508375732465
20800000	20849999	2.0697457861840585	1.975228348	0.09451743818405856
20850000	20899999	1.8187880451404022	1.975228348	-0.15644030285959776
20900000	20949999	2.0316824851986497	1.975228348	0.05645413719864978
20950000	20999999	2.0142381150200683	1.975228348	0.03900976702006842
21000000	21049999	1.952120275557197	1.975228348	-0.023108072442802996
21050000	21099999	1.9240594668416624	1.975228348	-0.05116888115833751
21100000	21149999	1.9068301588236283	1.975228348	-0.06839818917637164
21150000	21199999	1.838131611328775	1.975228348	-0.13709673667122502
21200000	21249999	2.175154090450948	1.975228348	0.19992574245094819
21250000	21299999	2.113744658747864	1.975228348	0.13851631074786397
21300000	21349999	1.91772252829543	1.975228348	-0.057505819704569916
21350000	21399999	2.0775792475736754	1.975228348	0.10235089957367549
21400000	21449999	2.0590118170910054	1.975228348	0.08378346909100554
21450000	21499999	2.1697023103990363	1.975228348	0.19447396239903636
21500000	21549999	1.9662551627911817	1.975228348	-0.00897318520881818
21550000	21599999	2.1331126639501106	1.975228348	0.15788431595011065
21600000	21649999	2.6435757757407408	1.975228348	0.6683474277407409
21650000	21699999	2.7633400245126465	1.975228348	0.7881116765126466
21700000	21749999	2.4094315227560528	1.975228348	0.43420317475605286
21750000	21799999	1.9512401415365845	1.975228348	-0.023988206463415374
21800000	21849999	1.7961393459419646	1.975228348	-0.17908900205803535
21850000	21899999	1.904314781214314	1.975228348	-0.07091356678568594
21900000	21949999	2.155076588535028	1.975228348	0.17984824053502813
21950000	21999999	2.037658889816555	1.975228348	0.06243054181655516
22000000	22049999	2.0436193668229996	1.975228348	0.0683910188229997
22050000	22099999	1.8856720287961366	1.975228348	-0.08955631920386331
22100000	22149999	1.9332806300377046	1.975228348	-0.04194771796229535
22150000	22199999	1.9833476589546861	1.975228348	0.00811931095468621
22200000	22249999	1.8440122590696348	1.975228348	-0.13121608893036507
22250000	22299999	1.4434238861690183	1.975228348	-0.5318044618309816
22300000	22349999	1.2134701125	1.975228348	-0.7617582354999999
22350000	22399999	1.1085011910999998	1.975228348	-0.8667271569000001
22400000	22449999	2.402295893871628	1.975228348	0.427067545871628
22450000	22499999	2.2471434353222457	1.975228348	0.2719150873222458
22500000	22549999	2.4722393852081175	1.975228348	0.49701103720811757
22550000	22599999	3.0535474306559265	1.975228348	1.0783190826559266
22600000	22649999	2.6994218555486085	1.975228348	0.7241935075486086
22650000	22699999	2.8167488228352937	1.975228348	0.8415204748352938
22700000	22749999	2.59239657674861	1.975228348	0.6171682287486102
22750000	22799999	2.4824635954078875	1.975228348	0.5072352474078876
22800000	22849999	2.4569534269739015	1.975228348	0.4817250789739016
22850000	22899999	1.9235058778717589	1.975228348	-0.05172247012824105
22900000	22949999	1.9597716793024995	1.975228348	-0.015456668697500398
22950000	22999999	1.763530077480667	1.975228348	-0.21169827051933288
23000000	23049999	1.6815469319387542	1.975228348	-0.29368141606124576
23050000	23099999	2.030401585985064	1.975228348	0.055173237985064016
23100000	23149999	1.9158643512836746	1.975228348	-0.05936399671632531
23150000	23199999	1.8543748558956787	1.975228348	-0.12085349210432117
23200000	23249999	1.753449349084668	1.975228348	-0.22177899891533182
23250000	23299999	1.6066360005468079	1.975228348	-0.368592347453192
23300000	23349999	1.7520537370110292	1.975228348	-0.22317461098897073
23350000	23399999	1.7041955526676666	1.975228348	-0.27103279533233327
23400000	23449999	1.851411528238629	1.975228348	-0.12381681976137093
23450000	23499999	1.781802732370532	1.975228348	-0.1934256156294678
23500000	23549999	2.7461076531719537	1.975228348	0.7708793051719538
23550000	23599999	2.723067907497853	1.975228348	0.7478395594978533
23600000	23649999	2.273466940288389	1.975228348	0.298238592288389
23650000	23699999	2.2948596326468564	1.975228348	0.31963128464685653
23700000	23749999	2.104010866426406	1.975228348	0.12878251842640598
23750000	23799999	1.9693360608892823	1.975228348	-0.005892287110717653
23800000	23849999	1.723806163407196	1.975228348	-0.25142218459280397
23850000	23899999	1.5677565032249725	1.975228348	-0.4074718447750274
23900000	23949999	1.5944070717835084	1.975228348	-0.38082127621649153
23950000	23999999	1.675695848869946	1.975228348	-0.29953249913005386
24000000	24049999	1.6563849418036498	1.975228348	-0.3188434061963501
24050000	24099999	1.5706545608365448	1.975228348	-0.40457378716345516
24100000	24149999	1.44587438466983	1.975228348	-0.5293539633301698
24150000	24199999	1.265237157258038	1.975228348	-0.7099911907419618
24200000	24249999	1.0638001844430114	1.975228348	-0.9114281635569885
24250000	24299999	1.4872260997891815	1.975228348	-0.4880022482108184
24300000	24349999	1.6149048939707837	1.975228348	-0.3603234540292162
24350000	24399999	1.6271900024516066	1.975228348	-0.3480383455483933
24400000	24449999	1.7449551471149123	1.975228348	-0.23027320088508763
24450000	24499999	1.6758228122864365	1.975228348	-0.29940553571356343
24500000	24549999	1.611883505049681	1.975228348	-0.363344842950319
24550000	24599999	1.6631491946300927	1.975228348	-0.3120791533699072
24600000	24649999	1.7140670793546737	1.975228348	-0.2611612686453262
24650000	24699999	1.7916803358045965	1.975228348	-0.1835480121954034
24700000	24749999	1.5725435027110395	1.975228348	-0.4026848452889604
24750000	24799999	1.7862031716765396	1.975228348	-0.18902517632346028
24800000	24849999	1.445391298285562	1.975228348	-0.529837049714438
24850000	24899999	1.652834829791797	1.975228348	-0.32239351820820294
24900000	24949999	1.6142853744175658	1.975228348	-0.3609429735824341
24950000	24999999	1.8110339831047697	1.975228348	-0.1641943648952302
25000000	25049999	1.6764062660988128	1.975228348	-0.2988220819011871
25050000	25099999	1.7923551612748105	1.975228348	-0.18287318672518937
25100000	25149999	1.8977636004941565	1.975228348	-0.07746474750584342
25150000	25199999	1.8125862558293617	1.975228348	-0.1626420921706382
25200000	25249999	2.057018782612758	1.975228348	0.08179043461275803
25250000	25299999	2.5672910429456266	1.975228348	0.5920626949456267
25300000	25349999	1.2634620862134276	1.975228348	-0.7117662617865723
25350000	25399999	1.1288337178528869	1.975228348	-0.846394630147113
25400000	25449999	1.4537498259057862	1.975228348	-0.5214785220942137
25450000	25499999	1.4022175645234618	1.975228348	-0.5730107834765381
25500000	25549999	2.1797792706283796	1.975228348	0.2045509226283797
25550000	25599999	2.136022212575408	1.975228348	0.16079386457540812
25600000	25649999	2.686630160235977	1.975228348	0.7114018122359771
25650000	25699999	2.7762684893456706	1.975228348	0.8010401413456707
25700000	25749999	2.287920867161093	1.975228348	0.312692519161093
25750000	25799999	1.9512811784540038	1.975228348	-0.023947169545996072
25800000	25849999	2.220841887402775	1.975228348	0.24561353940277497
25850000	25899999	1.6725481548737977	1.975228348	-0.3026801931262022
25900000	25949999	1.7549393188878266	1.975228348	-0.2202890291121733
25950000	25999999	2.0651807797576707	1.975228348	0.08995243175767076
26000000	26049999	1.8893529489240568	1.975228348	-0.0858753990759431
26050000	26099999	2.0246249671071137	1.975228348	0.04939661910711379
26100000	26149999	2.204702184095542	1.975228348	0.22947383609554217
26150000	26199999	2.1973974259401903	1.975228348	0.22216907794019036
26200000	26249999	2.227270378016788	1.975228348	0.25204203001678804
26250000	26299999	1.9241588049815919	1.975228348	-0.05106954301840805
26300000	26349999	2.1077471178843505	1.975228348	0.13251876988435063
26350000	26399999	1.9674445492865913	1.975228348	-0.007783798713408618
26400000	26449999	1.9348576337622987	1.975228348	-0.04037071423770122
26450000	26499999	1.8592333044548552	1.975228348	-0.11599504354514467
26500000	26549999	1.7181801808294668	1.975228348	-0.25704816717053314
26550000	26599999	2.292988582640854	1.975228348	0.3177602346408541
26600000	26649999	2.2835653896609664	1.975228348	0.30833704166096654
26650000	26699999	2.0429132625718993	1.975228348	0.0676849145718994
26700000	26749999	1.5572112083650085	1.975228348	-0.41801713963499143
26750000	26799999	1.5285833868606749	1.975228348	-0.44664496113932506
26800000	26849999	1.444654800898126	1.975228348	-0.530573547101874
26850000	26899999	1.8954614481953675	1.975228348	-0.07976689980463236
26900000	26949999	1.0685344491395568	1.975228348	-0.9066938988604432
26950000	26999999	1.5769109409207398	1.975228348	-0.3983174070792601
27000000	27049999	2.476380698969507	1.975228348	0.501152350969507
27050000	27099999	2.4203274373914727	1.975228348	0.4450990893914728
27100000	27149999	2.965008776262988	1.975228348	0.9897804282629883
27150000	27199999	1.9308432258529082	1.975228348	-0.04438512214709167
27200000	27249999	1.4935664115160248	1.975228348	-0.48166193648397515
27250000	27299999	1.2510670250327056	1.975228348	-0.7241613229672943
27300000	27349999	1.9528968858532014	1.975228348	-0.022331462146798486
27350000	27399999	1.7451524447529876	1.975228348	-0.23007590324701233
27400000	27449999	1.9133539612205634	1.975228348	-0.06187438677943646
27450000	27499999	2.349922378255403	1.975228348	0.37469403025540293
27500000	27549999	1.7920055601339233	1.975228348	-0.1832227878660766
27550000	27599999	1.488460234831198	1.975228348	-0.486768113168802
27600000	27649999	1.7595844323020904	1.975228348	-0.21564391569790953
27650000	27699999	1.7112202127163558	1.975228348	-0.2640081352836441
27700000	27749999	1.9877318290290749	1.975228348	0.012503481029074948
27750000	27799999	1.7188844867122848	1.975228348	-0.25634386128771514
27800000	27849999	1.8438801630760193	1.975228348	-0.1313481849239806
27850000	27899999	2.0585801587877492	1.975228348	0.08335181078774934
27900000	27949999	2.3471986266942717	1.975228348	0.3719702786942718
27950000	27999999	2.058137649962525	1.975228348	0.0829093019625251
28000000	28049999	1.8571873193612731	1.975228348	-0.11804102863872679
28050000	28099999	1.608148940464377	1.975228348	-0.36707940753562296
28100000	28149999	0.957777425179724	1.975228348	-1.017450922820276
28150000	28199999	1.1166556108675962	1.975228348	-0.8585727371324037
28200000	28249999	0.7501670334999999	1.975228348	-1.2250613145
28250000	28299999	1.5156594424268248	1.975228348	-0.4595689055731751
28300000	28349999	1.7165268154503828	1.975228348	-0.25870153254961714
28350000	28399999	1.9459868545156125	1.975228348	-0.029241493484387426
28400000	28449999	1.867988635673831	1.975228348	-0.1072397123261688
28450000	28499999	2.1082144087637418	1.975228348	0.13298606076374186
28500000	28549999	2.022628446279574	1.975228348	0.04740009827957392
28550000	28599999	2.230925229461651	1.975228348	0.25569688146165115
28600000	28649999	2.232060695428067	1.975228348	0.25683234742806693
28650000	28699999	2.0541067358730962	1.975228348	0.07887838787309631
28700000	28749999	1.9751505839130181	1.975228348	-7.776408698179083e-05
28750000	28799999	1.8692429054058946	1.975228348	-0.10598544259410536
28800000	28849999	1.7801551355343963	1.975228348	-0.1950732124656036
28850000	28899999	2.9273342077879194	1.975228348	0.9521058597879195
28900000	28949999	1.8995333909387817	1.975228348	-0.0756949570612182
28950000	28999999	1.7937712064221891	1.975228348	-0.1814571415778108
29000000	29049999	1.8815687109061767	1.975228348	-0.09365963709382319
29050000	29099999	1.678265212305063	1.975228348	-0.29696313569493693
29100000	29149999	1.757933166489325	1.975228348	-0.21729518151067495
29150000	29199999	1.7612555016577454	1.975228348	-0.21397284634225455
29200000	29249999	2.0862296965664795	1.975228348	0.11100134856647959
29250000	29299999	2.22560829319073	1.975228348	0.25037994519073026
29300000	29349999	1.9370817711308685	1.975228348	-0.038146576869131366
29350000	29399999	2.2367597286754988	1.975228348	0.26153138067549886
29400000	29449999	1.9618144700744935	1.975228348	-0.013413877925506412
29450000	29499999	1.9404193107689207	1.975228348	-0.0348090372310792
29500000	29549999	1.8718617652110443	1.975228348	-0.10336658278895561
29550000	29599999	1.9661249418358766	1.975228348	-0.009103406164123307
29600000	29649999	2.25072877995101	1.975228348	0.27550043195101015
29650000	29699999	1.9807617624035125	1.975228348	0.0055334144035126265
29700000	29749999	2.0759795176666564	1.975228348	0.10075116966665654
29750000	29799999	1.8968226005528748	1.975228348	-0.07840574744712514
29800000	29849999	2.0958180849140366	1.975228348	0.12058973691403674
29850000	29899999	2.1188005124444116	1.975228348	0.14357216444441168
29900000	29949999	1.967671737108844	1.975228348	-0.0075566108911560015
29950000	29999999	2.1352802616215305	1.975228348	0.1600519136215306
30000000	30049999	1.9067710192992124	1.975228348	-0.06845732870078747
30050000	30099999	1.593657995009207	1.975228348	-0.381570352990793
30100000	30149999	1.4438465915902707	1.975228348	-0.5313817564097292
30150000	30199999	2.0719967256049316	1.975228348	0.09676837760493173
30200000	30249999	2.713623443592189	1.975228348	0.738395095592189
30250000	30299999	2.898879420181704	1.975228348	0.9236510721817042
30300000	30349999	3.2396119254574605	1.975228348	1.2643835774574606
30350000	30399999	2.8358493659503905	1.975228348	0.8606210179503906
30400000	30449999	2.1576830340139463	1.975228348	0.18245468601394643
30450000	30499999	1.8596339082367126	1.975228348	-0.11559443976328732
30500000	30549999	2.667118854457181	1.975228348	0.691890506457181
30550000	30599999	3.0986790751014555	1.975228348	1.1234507271014555
30600000	30649999	3.1645682918743225	1.975228348	1.1893399438743226
30650000	30699999	3.4399359772705567	1.975228348	1.4647076292705568
30700000	30749999	2.2066179671700348	1.975228348	0.23138961917003487
30750000	30799999	1.977579993111203	1.975228348	0.0023516451112031156
30800000	30849999	2.014058588791858	1.975228348	0.03883024079185793
30850000	30899999	2.0728580754058594	1.975228348	0.09762972740585951
30900000	30949999	3.3249872842359407	1.975228348	1.3497589362359408
30950000	30999999	3.6707538571438842	1.975228348	1.6955255091438843
31000000	31049999	3.8576103413578795	1.975228348	1.8823819933578796
31050000	31099999	3.5037244150180022	1.975228348	1.5284960670180023
31100000	31149999	2.9320090719786958	1.975228348	0.9567807239786958
31150000	31199999	3.211522649506685	1.975228348	1.236294301506685
31200000	31249999	2.5539404435427184	1.975228348	0.5787120955427185
31250000	31299999	2.2627147834316834	1.975228348	0.2874864354316835
31300000	31349999	2.541356834105289	1.975228348	0.5661284861052889
31350000	31399999	2.4381320296960283	1.975228348	0.46290368169602836
31400000	31449999	2.0202919675368394	1.975228348	0.04506361953683946
31450000	31499999	2.310119603773998	1.975228348	0.33489125577399825
31500000	31549999	2.1367665089911543	1.975228348	0.16153816099115437
31550000	31599999	2.1835016752991843	1.975228348	0.20827332729918435
31600000	31649999	2.0948260862721786	1.975228348	0.11959773827217868
31650000	31699999	2.1637328896267713	1.975228348	0.18850454162677144
31700000	31749999	1.984933359620928	1.975228348	0.009705011620928072
31750000	31799999	2.1925970953805405	1.975228348	0.21736874738054057
31800000	31849999	2.232169238811081	1.975228348	0.25694089081108107
31850000	31899999	2.0821123768149765	1.975228348	0.1068840288149766
31900000	31949999	2.2456507789019255	1.975228348	0.27042243090192564
31950000	31999999	2.2765266664967414	1.975228348	0.3012983184967415
32000000	32049999	2.1526052126097794	1.975228348	0.17737686460977953
32050000	32099999	2.0908308075112387	1.975228348	0.11560245951123882
32100000	32149999	2.0683653221560716	1.975228348	0.0931369741560717
32150000	32199999	1.912637186502046	1.975228348	-0.06259116149795396
32200000	32249999	1.973207689656864	1.975228348	-0.002020658343135917
32250000	32299999	2.303643072847374	1.975228348	0.3284147248473741
32300000	32349999	1.9495006457384285	1.975228348	-0.025727702261571395
32350000	32399999	1.8409116818640123	1.975228348	-0.13431666613598758
32400000	32449999	1.1660563398116577	1.975228348	-0.8091720081883422
32450000	32499999	1.1115816145673338	1.975228348	-0.8636467334326661
32500000	32549999	2.0338512699830313	1.975228348	0.05862292198303143
32550000	32599999	1.7947379243609678	1.975228348	-0.18049042363903212
32600000	32649999	2.155357949126886	1.975228348	0.18012960112688603
32650000	32699999	2.19078085652113	1.975228348	0.21555250852113028
32700000	32749999	1.9459659711601982	1.975228348	-0.029262376839801707
32750000	32799999	2.3129973541692594	1.975228348	0.33776900616925953
32800000	32849999	2.2646758269502776	1.975228348	0.28944747895027767
32850000	32899999	2.2594622175766723	1.975228348	0.2842338695766724
32900000	32949999	2.070684230164128	1.975228348	0.09545588216412826
32950000	32999999	1.4468120686582702	1.975228348	-0.5284162793417297
33000000	33049999	1.5205998319769898	1.975228348	-0.45462851602301013
33050000	33099999	3.4387672797485473	1.975228348	1.4635389317485474
33100000	33149999	2.508202906553488	1.975228348	0.5329745585534882
33150000	33199999	2.0563021294203025	1.975228348	0.08107378142030264
33200000	33249999	2.278369673124377	1.975228348	0.3031413251243773
33250000	33299999	2.2014533294665206	1.975228348	0.2262249814665207
33300000	33349999	2.216913035497017	1.975228348	0.24168468749701688
33350000	33399999	2.3498877899141783	1.975228348	0.37465944191417844
33400000	33449999	2.4666247632359926	1.975228348	0.49139641523599265
33450000	33499999	2.7076928783961485	1.975228348	0.7324645303961486
33500000	33549999	2.6197350362887297	1.975228348	0.6445066882887298
33550000	33599999	2.40995434701528	1.975228348	0.4347259990152801
33600000	33649999	1.6793204651037534	1.975228348	-0.2959078828962465
33650000	33699999	1.9640520030388582	1.975228348	-0.011176344961141726
33700000	33749999	2.3137799605362943	1.975228348	0.3385516125362944
33750000	33799999	2.0313362142222626	1.975228348	0.056107866222262714
33800000	33849999	2.8894885037697935	1.975228348	0.9142601557697936
33850000	33899999	3.230595753202588	1.975228348	1.255367405202588
33900000	33949999	2.6794346509913693	1.975228348	0.7042063029913694
33950000	33999999	1.743888462384271	1.975228348	-0.23133988561572894
34000000	34049999	2.7602267051607665	1.975228348	0.7849983571607666
34050000	34099999	4.09185586571875	1.975228348	2.11662751771875
34100000	34149999	3.2163764696870665	1.975228348	1.2411481216870666
34150000	34199999	2.1287299050669004	1.975228348	0.1535015570669005
34200000	34249999	2.235135884655971	1.975228348	0.2599075366559709
34250000	34299999	2.8734196525264677	1.975228348	0.8981913045264678
34300000	34349999	2.452473861266342	1.975228348	0.47724551326634224
34350000	34399999	2.42110206183291	1.975228348	0.4458737138329103
34400000	34449999	2.8858968791325195	1.975228348	0.9106685311325196
34450000	34499999	2.689781514237219	1.975228348	0.7145531662372191
34500000	34549999	2.100128012269876	1.975228348	0.12489966426987609
34550000	34599999	2.189363391220465	1.975228348	0.21413504322046517
34600000	34649999	3.0850888637144958	1.975228348	1.1098605157144958
34650000	34699999	3.465185756513818	1.975228348	1.4899574085138183
34700000	34749999	2.9227979892543794	1.975228348	0.9475696412543795
34750000	34799999	2.981877460708777	1.975228348	1.0066491127087769
34800000	34849999	2.5746809013150846	1.975228348	0.5994525533150847
34850000	34899999	2.5776595402707665	1.975228348	0.6024311922707666
34900000	34949999	3.4182458624641296	1.975228348	1.4430175144641297
34950000	34999999	2.1952305383043518	1.975228348	0.22000219030435186
35000000	35049999	2.579501776551148	1.975228348	0.604273428551148
35050000	35099999	3.6113112767325806	1.975228348	1.6360829287325807
35100000	35149999	3.665937389051129	1.975228348	1.6907090410511292
35150000	35199999	3.4655463335298218	1.975228348	1.4903179855298219
35200000	35249999	2.3903607669781897	1.975228348	0.41513241897818975
35250000	35299999	1.58742444930047	1.975228348	-0.3878038986995298
35300000	35349999	2.521971806862759	1.975228348	0.5467434588627591
35350000	35399999	3.5413866043	1.975228348	1.5661582563
35400000	35449999	2.9310360783398224	1.975228348	0.9558077303398225
35450000	35499999	3.680166261916342	1.975228348	1.7049379139163423
35500000	35549999	3.009212298487323	1.975228348	1.0339839504873232
35550000	35599999	3.0719106202104065	1.975228348	1.0966822722104066
35600000	35649999	2.8144185337342713	1.975228348	0.8391901857342714
35650000	35699999	2.799409451841446	1.975228348	0.8241811038414459
35700000	35749999	1.7980352184412718	1.975228348	-0.17719312955872812
35750000	35799999	2.2269907476171387	1.975228348	0.25176239961713875
35800000	35849999	2.805912518025879	1.975228348	0.8306841700258789
35850000	35899999	2.9480790072094725	1.975228348	0.9728506592094726
35900000	35949999	3.4613695207	1.975228348	1.4861411727
35950000	35999999	2.5527298259728166	1.975228348	0.5775014779728167
36000000	36049999	1.4990739308916319	1.975228348	-0.47615441710836803
36050000	36099999	1.8201686814117797	1.975228348	-0.15505966658822024
36100000	36149999	2.5402856389574624	1.975228348	0.5650572909574625
36150000	36199999	2.5979648967028965	1.975228348	0.6227365487028966
36200000	36249999	1.7930181109514587	1.975228348	-0.18221023704854122
36250000	36299999	2.6637457001456237	1.975228348	0.6885173521456238
36300000	36349999	4.0322051961	1.975228348	2.0569768480999997
36350000	36399999	3.4311788309077516	1.975228348	1.4559504829077516
36400000	36449999	2.936702865521538	1.975228348	0.961474517521538
36450000	36499999	3.4885535272348207	1.975228348	1.5133251792348208
36500000	36549999	3.285055238895038	1.975228348	1.309826890895038
36550000	36599999	3.1168897744036714	1.975228348	1.1416614264036715
36600000	36649999	3.248630175013846	1.975228348	1.273401827013846
36650000	36699999	3.086826031771234	1.975228348	1.111597683771234
36700000	36749999	3.495120817946457	1.975228348	1.5198924699464569
36750000	36799999	2.9486275926054053	1.975228348	0.9733992446054054
36800000	36849999	3.142212828059949	1.975228348	1.166984480059949
36850000	36899999	2.580901258347728	1.975228348	0.6056729103477281
36900000	36949999	2.8826372256033554	1.975228348	0.9074088776033555
36950000	36999999	2.9939396897707704	1.975228348	1.0187113417707705
37000000	37049999	2.3439485004210563	1.975228348	0.3687201524210564
37050000	37099999	2.6145514201253204	1.975228348	0.6393230721253205
37100000	37149999	2.625843084605121	1.975228348	0.6506147366051209
37150000	37199999	2.530583998579889	1.975228348	0.5553556505798891
37200000	37249999	2.325758552995248	1.975228348	0.3505302049952479
37250000	37299999	2.7160273409476927	1.975228348	0.7407989929476928
37300000	37349999	2.7016538087536683	1.975228348	0.7264254607536684
37350000	37399999	2.2521141920551533	1.975228348	0.2768858440551534
37400000	37449999	2.5317983508975526	1.975228348	0.5565700028975527
37450000	37499999	2.344894885633774	1.975228348	0.369666537633774
37500000	37549999	2.4791292851030864	1.975228348	0.5039009371030865
37550000	37599999	3.0958936273871154	1.975228348	1.1206652793871155
37600000	37649999	2.916441353661865	1.975228348	0.941213005661865
37650000	37699999	3.3597213587960755	1.975228348	1.3844930107960756
37700000	37749999	2.586740621881858	1.975228348	0.6115122738818579
37750000	37799999	1.7318000364502137	1.975228348	-0.24342831154978617
37800000	37849999	2.7905661341170775	1.975228348	0.8153377861170776
37850000	37899999	2.9321181218028687	1.975228348	0.9568897738028688
37900000	37949999	2.8988376690915647	1.975228348	0.9236093210915648
37950000	37999999	2.310031706256015	1.975228348	0.33480335825601504
38000000	38049999	2.563324522783313	1.975228348	0.5880961747833129
38050000	38099999	2.4814628217879027	1.975228348	0.5062344737879028
38100000	38149999	2.4444760453571317	1.975228348	0.4692476973571318
38150000	38199999	3.0350517863634217	1.975228348	1.0598234383634217
38200000	38249999	2.9412175629569974	1.975228348	0.9659892149569975
38250000	38299999	2.429452566918646	1.975228348	0.4542242189186463
38300000	38349999	1.9268325273096494	1.975228348	-0.04839582069035053
38350000	38399999	2.6596840447702332	1.975228348	0.6844556967702333
38400000	38449999	3.1179398137253234	1.975228348	1.1427114657253234
38450000	38499999	3.137733353640634	1.975228348	1.162505005640634
38500000	38549999	3.266111142649925	1.975228348	1.2908827946499253
38550000	38599999	2.5177928627071977	1.975228348	0.5425645147071978
38600000	38649999	2.8214855766395384	1.975228348	0.8462572286395385
38650000	38699999	3.5497334538061645	1.975228348	1.5745051058061645
38700000	38749999	3.125308304485916	1.975228348	1.150079956485916
38750000	38799999	3.497958644235846	1.975228348	1.5227302962358462
38800000	38849999	3.6971316505270218	1.975228348	1.7219033025270218
38850000	38899999	3.2681144533822786	1.975228348	1.2928861053822787
38900000	38949999	3.0452349805222534	1.975228348	1.0700066325222535
38950000	38999999	2.6027782458288438	1.975228348	0.6275498978288439
39000000	39049999	1.9465748768425293	1.975228348	-0.028653471157470634
39050000	39099999	1.8724774519454161	1.975228348	-0.10275089605458376
39100000	39149999	2.042922137656277	1.975228348	0.06769378965627704
39150000	39199999	2.6195467161653534	1.975228348	0.6443183681653535
39200000	39249999	2.474659355147452	1.975228348	0.4994310071474519
39250000	39299999	2.295992087913877	1.975228348	0.3207637399138772
39300000	39349999	2.4153922813932702	1.975228348	0.4401639333932703
39350000	39399999	2.491591218560257	1.975228348	0.5163628705602572
39400000	39449999	3.007087878333514	1.975228348	1.0318595303335143
39450000	39499999	3.089741118827771	1.975228348	1.114512770827771
39500000	39549999	1.9712169638188781	1.975228348	-0.004011384181121791
39550000	39599999	2.2529449629703215	1.975228348	0.27771661497032163
39600000	39649999	2.992834340606909	1.975228348	1.0176059926069092
39650000	39699999	2.629445343214322	1.975228348	0.654216995214322
39700000	39749999	1.8263873270231232	1.975228348	-0.14884102097687668
39750000	39799999	2.007184167068118	1.975228348	0.031955819068118174
39800000	39849999	2.408199863531175	1.975228348	0.4329715155311753
39850000	39899999	2.644766359850841	1.975228348	0.6695380118508409
39900000	39949999	2.4652301674318298	1.975228348	0.49000181943182985
39950000	39999999	2.4471638056950713	1.975228348	0.4719354576950714
40000000	40049999	2.319228382218533	1.975228348	0.3440000342185332
40050000	40099999	1.8684981332308195	1.975228348	-0.10673021476918043
40100000	40149999	2.149080197707077	1.975228348	0.17385184970707712
40150000	40199999	2.913663953881348	1.975228348	0.9384356058813479
40200000	40249999	3.082464529959802	1.975228348	1.1072361819598022
40250000	40299999	2.9659179082200744	1.975228348	0.9906895602200745
40300000	40349999	2.7908000934120847	1.975228348	0.8155717454120848
40350000	40399999	2.405738416097601	1.975228348	0.4305100680976013
40400000	40449999	2.5314328584879515	1.975228348	0.5562045104879516
40450000	40499999	2.429346888450995	1.975228348	0.45411854045099487
40500000	40549999	1.6261303769247557	1.975228348	-0.3490979710752442
40550000	40599999	2.9603901966091097	1.975228348	0.9851618486091098
40600000	40649999	3.7662706187335937	1.975228348	1.7910422707335938
40650000	40699999	3.204997722239496	1.975228348	1.229769374239496
40700000	40749999	3.7391300564	1.975228348	1.7639017084000002
40750000	40799999	3.192862281388965	1.975228348	1.217633933388965
40800000	40849999	2.5873896838013977	1.975228348	0.6121613358013978
40850000	40899999	1.966122598879596	1.975228348	-0.00910574912040385
40900000	40949999	2.372952928787683	1.975228348	0.397724580787683
40950000	40999999	2.749621918578754	1.975228348	0.7743935705787539
41000000	41049999	2.5016892154482666	1.975228348	0.5264608674482667
41050000	41099999	2.1278936966320754	1.975228348	0.15266534863207548
41100000	41149999	1.5898154442958496	1.975228348	-0.38541290370415027
41150000	41199999	1.7866742946849454	1.975228348	-0.18855405331505448
41200000	41249999	2.148756396534825	1.975228348	0.17352804853482517
41250000	41299999	2.083649240286415	1.975228348	0.10842089228641516
41300000	41349999	1.9932222146070693	1.975228348	0.017993866607069364
41350000	41399999	1.9227893029199064	1.975228348	-0.05243904508009356
41400000	41449999	1.7871659180179322	1.975228348	-0.18806242998206768
41450000	41499999	1.4249561774469117	1.975228348	-0.5502721705530882
41500000	41549999	1.3286466852551635	1.975228348	-0.6465816627448364
41550000	41599999	1.6767087039719146	1.975228348	-0.2985196440280853
41600000	41649999	1.8535302119288404	1.975228348	-0.12169813607115954
41650000	41699999	1.9427100554393082	1.975228348	-0.03251829256069172
41700000	41749999	2.051108377212338	1.975228348	0.07588002921233805
41750000	41799999	2.0547418365104386	1.975228348	0.07951348851043871
41800000	41849999	1.9663264948709287	1.975228348	-0.008901853129071213
41850000	41899999	1.956453762550412	1.975228348	-0.018774585449587988
41900000	41949999	1.9359896532604903	1.975228348	-0.03923869473950958
41950000	41999999	1.7761234232653211	1.975228348	-0.19910492473467878
42000000	42049999	1.7248296842418456	1.975228348	-0.25039866375815434
42050000	42099999	1.946774087387689	1.975228348	-0.028454260612310822
42100000	42149999	1.947481564767569	1.975228348	-0.02774678323243096
42150000	42199999	1.860836211415077	1.975228348	-0.11439213658492298
42200000	42249999	2.042500163574313	1.975228348	0.06727181557431328
42250000	42299999	1.7431453490100877	1.975228348	-0.23208299898991225
42300000	42349999	1.8465644199600217	1.975228348	-0.12866392803997817
42350000	42399999	2.060888317179463	1.975228348	0.08565996917946306
42400000	42449999	1.3152393768807922	1.975228348	-0.6599889711192077
42450000	42499999	1.2164228217745299	1.975228348	-0.75880552622547
42500000	42549999	1.7687048725828292	1.975228348	-0.20652347541717075
42550000	42599999	2.008993082206259	1.975228348	0.03376473420625903
42600000	42649999	1.7986196548369904	1.975228348	-0.17660869316300953
42650000	42699999	1.8869987457529376	1.975228348	-0.08822960224706233
42700000	42749999	2.236383987560367	1.975228348	0.2611556395603669
42750000	42799999	2.410056969293991	1.975228348	0.4348286212939909
42800000	42849999	2.010158943009297	1.975228348	0.03493059500929707
42850000	42899999	1.874291455765635	1.975228348	-0.10093689223436497
42900000	42949999	1.7172585268077025	1.975228348	-0.2579698211922974
42950000	42999999	3.0549451667274963	1.975228348	1.0797168187274964
43000000	43049999	1.6450456484371552	1.975228348	-0.33018269956284474
43050000	43099999	2.2445275968729703	1.975228348	0.2692992488729704
43100000	43149999	2.4315434813868224	1.975228348	0.4563151333868225
43150000	43199999	2.19656053835273	1.975228348	0.22133219035272989
43200000	43249999	1.6401690449962403	1.975228348	-0.33505930300375963
43250000	43299999	2.186858580875508	1.975228348	0.2116302328755082
43300000	43349999	2.8996283514312498	1.975228348	0.9244000034312498
43350000	43399999	2.8528306990257506	1.975228348	0.8776023510257507
43400000	43449999	2.6707043998057283	1.975228348	0.6954760518057284
43450000	43499999	2.823158958212628	1.975228348	0.8479306102126283
43500000	43549999	1.8442964480393158	1.975228348	-0.1309318999606841
43550000	43599999	1.7698371594488616	1.975228348	-0.20539118855113836
43600000	43649999	3.058466552072998	1.975228348	1.0832382040729982
43650000	43699999	2.594740508592563	1.975228348	0.6195121605925631
43700000	43749999	2.108003514985841	1.975228348	0.13277516698584124
43750000	43799999	2.554969154788089	1.975228348	0.5797408067880889
43800000	43849999	3.3862515876	1.975228348	1.4110232396
43850000	43899999	2.543304219511769	1.975228348	0.5680758715117693
43900000	43949999	2.743736044603183	1.975228348	0.7685076966031832
43950000	43999999	2.682213460607071	1.975228348	0.7069851126070712
44000000	44049999	2.471615748685904	1.975228348	0.4963874006859039
44050000	44099999	2.826891135777295	1.975228348	0.8516627877772951
44100000	44149999	2.8047224564862243	1.975228348	0.8294941084862244
44150000	44199999	2.763845968972937	1.975228348	0.788617620972937
44200000	44249999	2.1672136210933983	1.975228348	0.1919852730933984
44250000	44299999	1.5249382765722532	1.975228348	-0.4502900714277467
44300000	44349999	2.392730002001307	1.975228348	0.417501654001307
44350000	44399999	3.5250408627062257	1.975228348	1.5498125147062258
44400000	44449999	3.2852109131	1.975228348	1.3099825650999999
44450000	44499999	2.836699823428204	1.975228348	0.8614714754282042
44500000	44549999	1.8112666103778197	1.975228348	-0.16396173762218025
44550000	44599999	1.1308317072106444	1.975228348	-0.8443966407893555
44600000	44649999	3.0483077562939696	1.975228348	1.0730794082939696
44650000	44699999	1.8044110127752258	1.975228348	-0.17081733522477416
44700000	44749999	1.2464570783916993	1.975228348	-0.7287712696083006
44750000	44799999	2.9708681864409607	1.975228348	0.9956398384409608
44800000	44849999	2.5133937556919674	1.975228348	0.5381654076919675
44850000	44899999	2.330776308447879	1.975228348	0.35554796044787906
44900000	44949999	2.682843907030243	1.975228348	0.7076155590302431
44950000	44999999	2.746533168177527	1.975228348	0.771304820177527
45000000	45049999	2.4303899282913832	1.975228348	0.4551615802913833
45050000	45099999	2.0403161046906373	1.975228348	0.06508775669063738
45100000	45149999	2.761033082876309	1.975228348	0.7858047348763093
45150000	45199999	2.792531795682773	1.975228348	0.817303447682773
45200000	45249999	2.3055618703437704	1.975228348	0.33033352234377045
45250000	45299999	3.3799142474	1.975228348	1.4046858994
45300000	45349999	3.3442305609	1.975228348	1.3690022129
45350000	45399999	2.257780987318216	1.975228348	0.28255263931821606
45400000	45449999	2.6485821658168027	1.975228348	0.6733538178168028
45450000	45499999	3.3830740880279477	1.975228348	1.4078457400279478
45500000	45549999	1.9053653974582976	1.975228348	-0.06986295054170233
45550000	45599999	2.470928099208641	1.975228348	0.4956997512086412
45600000	45649999	3.3196480839999998	1.975228348	1.3444197359999999
45650000	45699999	3.1072065317207396	1.975228348	1.1319781837207397
45700000	45749999	2.162095814251445	1.975228348	0.1868674662514449
45750000	45799999	2.4124335075864503	1.975228348	0.43720515958645034
45800000	45849999	2.771239489981866	1.975228348	0.7960111419818663
45850000	45899999	2.3428767931234558	1.975228348	0.36764844512345585
45900000	45949999	2.0594088516022833	1.975228348	0.08418050360228335
45950000	45999999	2.376513606189319	1.975228348	0.4012852581893189
46000000	46049999	2.8262614397089783	1.975228348	0.8510330917089783
46050000	46099999	2.8011521202334775	1.975228348	0.8259237722334776
46100000	46149999	2.477651554169989	1.975228348	0.5024232061699889
46150000	46199999	2.122910529318248	1.975228348	0.14768218131824806
46200000	46249999	2.1327907776983484	1.975228348	0.15756242969834844
46250000	46299999	3.0595788538999997	1.975228348	1.0843505058999998
46300000	46349999	2.333292605518686	1.975228348	0.3580642575186861
46350000	46399999	2.0449062621380705	1.975228348	0.06967791413807056
46400000	46449999	2.911678949174249	1.975228348	0.9364506011742493
46450000	46499999	2.8521742106805665	1.975228348	0.8769458626805666
46500000	46549999	2.719195014776697	1.975228348	0.7439666667766969
46550000	46599999	2.2690923095907896	1.975228348	0.29386396159078965
46600000	46649999	3.3543100385243165	1.975228348	1.3790816905243166
46650000	46699999	2.3342430656365387	1.975228348	0.3590147176365388
46700000	46749999	2.2356022496795656	1.975228348	0.26037390167956564
46750000	46799999	3.1655415568	1.975228348	1.1903132088000001
46800000	46849999	2.9776582975613217	1.975228348	1.0024299495613218
46850000	46899999	2.058713231590692	1.975228348	0.08348488359069206
46900000	46949999	1.8709098761998808	1.975228348	-0.1043184718001191
46950000	46999999	2.294792658354303	1.975228348	0.3195643103543029
47000000	47049999	2.498581163877917	1.975228348	0.5233528158779173
47050000	47099999	2.2991882895045044	1.975228348	0.32395994150450447
47100000	47149999	3.078615635608081	1.975228348	1.103387287608081
47150000	47199999	2.730468246806836	1.975228348	0.7552398988068361
47200000	47249999	2.1626424500988097	1.975228348	0.18741410209880982
47250000	47299999	2.0564619007371627	1.975228348	0.08123355273716282
47300000	47349999	2.1111960963120207	1.975228348	0.13596774831202074
47350000	47399999	2.0828963182058686	1.975228348	0.10766797020586871
47400000	47449999	2.5435784162183834	1.975228348	0.5683500682183835
47450000	47499999	2.8072296131472654	1.975228348	0.8320012651472655
47500000	47549999	2.215320083283926	1.975228348	0.24009173528392624
47550000	47599999	2.0011183311731155	1.975228348	0.025889983173115638
47600000	47649999	2.871901326831018	1.975228348	0.8966729788310182
47650000	47699999	2.9641278235924866	1.975228348	0.9888994755924867
47700000	47749999	2.8671835663424985	1.975228348	0.8919552183424986
47750000	47799999	2.657886593697235	1.975228348	0.682658245697235
47800000	47849999	2.561341540021521	1.975228348	0.586113192021521
47850000	47899999	2.8966419673731996	1.975228348	0.9214136193731997
47900000	47949999	3.2106708571020874	1.975228348	1.2354425091020875
47950000	47999999	2.965911722672168	1.975228348	0.9906833746721682
48000000	48049999	3.2305412433	1.975228348	1.2553128953
48050000	48099999	2.0746025275999997	1.975228348	0.09937417959999983
48100000	48149999	1.2529145739	1.975228348	-0.7223137740999999
