start	end	obs	exp	var
0	49999	1.8054460496	1.8054460496	0.0
50000	99999	1.4810126587890808	1.8054460496	-0.32443339081091915
100000	149999	0.5766605529	1.8054460496	-1.2287854967
150000	199999	0.0	1.8054460496	-1.8054460496
200000	249999	0.9847538633066552	1.8054460496	-0.8206921862933448
250000	299999	1.5986040114330065	1.8054460496	-0.20684203816699354
300000	349999	2.1818424951801147	1.8054460496	0.37639644558011476
350000	399999	2.0385433413565552	1.8054460496	0.23309729175655525
400000	449999	2.5054441890559023	1.8054460496	0.6999981394559023
450000	499999	1.8376480085007851	1.8054460496	0.032201958900785144
500000	549999	1.6392720888902015	1.8054460496	-0.1661739607097985
550000	599999	2.1137431689774933	1.8054460496	0.30829711937749327
600000	649999	1.716941196665001	1.8054460496	-0.08850485293499899
650000	699999	2.3677810992054873	1.8054460496	0.5623350496054873
700000	749999	2.4781695385606493	1.8054460496	0.6727234889606493
750000	799999	1.7514363054136224	1.8054460496	-0.054009744186377606
800000	849999	2.4758264353536195	1.8054460496	0.6703803857536195
850000	899999	1.6335008244612017	1.8054460496	-0.17194522513879829
900000	949999	2.3026012348025238	1.8054460496	0.4971551852025238
950000	999999	1.9732279709238678	1.8054460496	0.16778192132386782
1000000	1049999	1.6176134998446854	1.8054460496	-0.1878325497553146
1050000	1099999	2.0056875467611297	1.8054460496	0.2002414971611297
1100000	1149999	2.3825524316363955	1.8054460496	0.5771063820363955
1150000	1199999	2.6153575401999998	1.8054460496	0.8099114905999998
1200000	1249999	1.0359193875846984	1.8054460496	-0.7695266620153016
1250000	1299999	1.1393007302514526	1.8054460496	-0.6661453193485474
1300000	1349999	2.7884778478908814	1.8054460496	0.9830317982908814
1350000	1399999	2.138028367447012	1.8054460496	0.3325823178470122
1400000	1449999	1.3845699364750397	1.8054460496	-0.4208761131249603
1450000	1499999	2.099250347363321	1.8054460496	0.29380429776332084
1500000	1549999	1.738842696068836	1.8054460496	-0.06660335353116409
1550000	1599999	1.898062644638256	1.8054460496	0.09261659503825603
1600000	1649999	2.0138616744554994	1.8054460496	0.20841562485549936
1650000	1699999	1.837404261263159	1.8054460496	0.03195821166315893
1700000	1749999	2.7691103191	1.8054460496	0.9636642695000002
1750000	1799999	1.8746902913512855	1.8054460496	0.06924424175128552
1800000	1849999	1.5248106544358642	1.8054460496	-0.2806353951641358
1850000	1899999	1.3675320970379303	1.8054460496	-0.43791395256206966
1900000	1949999	1.8537931548139504	1.8054460496	0.04834710521395036
1950000	1999999	2.2732370895490113	1.8054460496	0.4677910399490113
2000000	2049999	2.046877598628186	1.8054460496	0.24143154902818598
2050000	2099999	2.5040132927073486	1.8054460496	0.6985672431073486
2100000	2149999	1.5373461759336897	1.8054460496	-0.2680998736663103
2150000	2199999	2.0915378763661865	1.8054460496	0.2860918267661865
2200000	2249999	2.044972025687004	1.8054460496	0.2395259760870041
2250000	2299999	2.3634301367764436	1.8054460496	0.5579840871764437
2300000	2349999	2.356787578697095	1.8054460496	0.5513415290970949
2350000	2399999	1.8471651005937102	1.8054460496	0.041719050993710205
2400000	2449999	1.3761296020959501	1.8054460496	-0.42931644750404985
2450000	2499999	1.533660056176593	1.8054460496	-0.27178599342340704
2500000	2549999	2.7848575707	1.8054460496	0.9794115210999998
2550000	2599999	1.9789225970159254	1.8054460496	0.17347654741592544
2600000	2649999	1.2421165762838746	1.8054460496	-0.5633294733161254
2650000	2699999	1.888870429583509	1.8054460496	0.08342437998350904
2700000	2749999	2.3176814774256105	1.8054460496	0.5122354278256105
2750000	2799999	1.881943328649823	1.8054460496	0.07649727904982306
2800000	2849999	2.0235284218062897	1.8054460496	0.21808237220628968
2850000	2899999	2.0894653818449127	1.8054460496	0.2840193322449127
2900000	2949999	1.3661165620801055	1.8054460496	-0.43932948751989453
2950000	2999999	1.640829468253128	1.8054460496	-0.16461658134687207
3000000	3049999	2.9084995158721556	1.8054460496	1.1030534662721556
3050000	3099999	2.2410258940212615	1.8054460496	0.4355798444212615
3100000	3149999	2.2536867112917665	1.8054460496	0.44824066169176646
3150000	3199999	1.6717123931500313	1.8054460496	-0.1337336564499687
3200000	3249999	1.4655665431757936	1.8054460496	-0.3398795064242064
3250000	3299999	1.4173552058487335	1.8054460496	-0.38809084375126646
3300000	3349999	1.0521425329190794	1.8054460496	-0.7533035166809205
3350000	3399999	2.7381879912000002	1.8054460496	0.9327419416000002
3400000	3449999	2.087361852871527	1.8054460496	0.2819158032715272
3450000	3499999	1.2930969441676545	1.8054460496	-0.5123491054323455
3500000	3549999	1.4176133776035216	1.8054460496	-0.3878326719964784
3550000	3599999	2.4714412665802126	1.8054460496	0.6659952169802126
3600000	3649999	2.0635134187438418	1.8054460496	0.25806736914384176
3650000	3699999	1.9871149010434357	1.8054460496	0.1816688514434357
3700000	3749999	1.7051520892320404	1.8054460496	-0.10029396036795957
3750000	3799999	2.4368653436324648	1.8054460496	0.6314192940324648
3800000	3849999	1.9687420384426804	1.8054460496	0.16329598884268037
3850000	3899999	2.009722336683255	1.8054460496	0.20427628708325507
3900000	3949999	2.55890309748067	1.8054460496	0.7534570478806701
3950000	3999999	1.349236983339273	1.8054460496	-0.456209066260727
4000000	4049999	1.4280914420050552	1.8054460496	-0.37735460759494477
4050000	4099999	2.1362507598943816	1.8054460496	0.33080471029438163
4100000	4149999	2.1901230621213834	1.8054460496	0.3846770125213834
4150000	4199999	2.001645647447061	1.8054460496	0.1961995978470612
4200000	4249999	1.0582732195999998	1.8054460496	-0.7471728300000002
4250000	4299999	1.6805952127690889	1.8054460496	-0.12485083683091114
4300000	4349999	2.8925346927	1.8054460496	1.0870886431
4350000	4399999	2.0085545214109444	1.8054460496	0.20310847181094438
4400000	4449999	1.4818402768788177	1.8054460496	-0.3236057727211823
4450000	4499999	1.830555988584774	1.8054460496	0.025109938984773983
4500000	4549999	1.5474474492606536	1.8054460496	-0.2579986003393464
4550000	4599999	2.0597876457305513	1.8054460496	0.2543415961305513
4600000	4649999	2.2266193346612915	1.8054460496	0.4211732850612915
4650000	4699999	1.3492385452073363	1.8054460496	-0.45620750439266367
4700000	4749999	1.8026063266874637	1.8054460496	-0.0028397229125363133
4750000	4799999	2.026363732932338	1.8054460496	0.22091768333233786
4800000	4849999	1.6326900580382784	1.8054460496	-0.1727559915617216
4850000	4899999	2.6542640716465455	1.8054460496	0.8488180220465456
4900000	4949999	2.191191863276114	1.8054460496	0.38574581367611405
4950000	4999999	2.3327000398518125	1.8054460496	0.5272539902518125
5000000	5049999	1.2932433588883636	1.8054460496	-0.5122026907116364
5050000	5099999	1.86893902873777	1.8054460496	0.06349297913777008
5100000	5149999	2.617399874648413	1.8054460496	0.8119538250484131
5150000	5199999	1.875445665192911	1.8054460496	0.06999961559291101
5200000	5249999	1.929780466157228	1.8054460496	0.12433441655722799
5250000	5299999	2.290050598436618	1.8054460496	0.48460454883661797
5300000	5349999	1.93619722931418	1.8054460496	0.13075117971418004
5350000	5399999	1.7985799884034426	1.8054460496	-0.006866061196557416
5400000	5449999	2.4311424837464295	1.8054460496	0.6256964341464295
5450000	5499999	2.189733948065875	1.8054460496	0.3842878984658751
5500000	5549999	1.8759440766605193	1.8054460496	0.07049802706051933
5550000	5599999	1.4018641548665833	1.8054460496	-0.40358189473341666
5600000	5649999	1.9591339352186294	1.8054460496	0.15368788561862945
5650000	5699999	1.2830531119920197	1.8054460496	-0.5223929376079803
5700000	5749999	1.696653402399842	1.8054460496	-0.10879264720015791
5750000	5799999	1.586813632572023	1.8054460496	-0.21863241702797698
5800000	5849999	2.107063520484314	1.8054460496	0.301617470884314
5850000	5899999	2.2781673757135774	1.8054460496	0.4727213261135774
5900000	5949999	1.8368931263944668	1.8054460496	0.03144707679446679
5950000	5999999	2.1692871817692674	1.8054460496	0.3638411321692674
6000000	6049999	1.4882141835396028	1.8054460496	-0.3172318660603972
6050000	6099999	2.344699610226181	1.8054460496	0.539253560626181
6100000	6149999	1.5933550161954346	1.8054460496	-0.21209103340456537
6150000	6199999	1.5573768098519563	1.8054460496	-0.24806923974804374
6200000	6249999	2.0220421202601533	1.8054460496	0.2165960706601533
6250000	6299999	1.9620545294425598	1.8054460496	0.15660847984255977
6300000	6349999	1.7984680069298578	1.8054460496	-0.006978042670142237
6350000	6399999	1.7468064679301742	1.8054460496	-0.05863958166982575
6400000	6449999	1.607189129356513	1.8054460496	-0.19825692024348696
6450000	6499999	1.5399858361965668	1.8054460496	-0.2654602134034332
6500000	6549999	1.4746763887008087	1.8054460496	-0.33076966089919124
6550000	6599999	2.5606432068869935	1.8054460496	0.7551971572869935
6600000	6649999	2.033074743936742	1.8054460496	0.22762869433674204
6650000	6699999	2.222505173940048	1.8054460496	0.4170591243400481
6700000	6749999	1.6684932603736855	1.8054460496	-0.1369527892263145
6750000	6799999	1.8832463319781798	1.8054460496	0.07780028237817982
6800000	6849999	1.97800995494738	1.8054460496	0.17256390534737998
6850000	6899999	1.2283933172297483	1.8054460496	-0.5770527323702517
6900000	6949999	1.4743195500508897	1.8054460496	-0.33112649954911033
6950000	6999999	2.0805689584221616	1.8054460496	0.2751229088221616
7000000	7049999	1.2654289840929582	1.8054460496	-0.5400170655070418
7050000	7099999	1.2332272263654631	1.8054460496	-0.5722188232345369
7100000	7149999	1.1257909524501466	1.8054460496	-0.6796550971498534
7150000	7199999	1.822214658218209	1.8054460496	0.016768608618209058
7200000	7249999	2.2821067117984617	1.8054460496	0.4766606621984617
7250000	7299999	1.4961622912154326	1.8054460496	-0.30928375838456734
7300000	7349999	1.026390097394886	1.8054460496	-0.7790559522051139
7350000	7399999	0.7786894555502748	1.8054460496	-1.0267565940497252
7400000	7449999	0.7914499899	1.8054460496	-1.0139960597
7450000	7499999	1.7935274316720857	1.8054460496	-0.011918617927914266
7500000	7549999	2.3431615424721115	1.8054460496	0.5377154928721115
7550000	7599999	1.7495776737240478	1.8054460496	-0.05586837587595217
7600000	7649999	1.6257291098190643	1.8054460496	-0.17971693978093572
7650000	7699999	2.221828033365448	1.8054460496	0.4163819837654481
7700000	7749999	1.7142736175005158	1.8054460496	-0.09117243209948422
7750000	7799999	1.9455583029933012	1.8054460496	0.14011225339330124
7800000	7849999	2.148071066694955	1.8054460496	0.3426250170949552
7850000	7899999	1.5231699436116668	1.8054460496	-0.2822761059883332
7900000	7949999	1.4719312364089172	1.8054460496	-0.3335148131910828
7950000	7999999	1.8060178838110992	1.8054460496	0.000571834211099187
8000000	8049999	1.5462294159633543	1.8054460496	-0.2592166336366457
8050000	8099999	2.398646314205322	1.8054460496	0.593200264605322
8100000	8149999	2.4820248154639466	1.8054460496	0.6765787658639466
8150000	8199999	1.936291628099803	1.8054460496	0.13084557849980305
8200000	8249999	1.863841257359559	1.8054460496	0.05839520775955909
8250000	8299999	2.946705354	1.8054460496	1.1412593044000001
8300000	8349999	1.095271659519165	1.8054460496	-0.710174390080835
8350000	8399999	1.3236514634961547	1.8054460496	-0.4817945861038453
8400000	8449999	2.2456194484371506	1.8054460496	0.44017339883715056
8450000	8499999	2.273617713463217	1.8054460496	0.4681716638632172
8500000	8549999	2.2176347198203765	1.8054460496	0.41218867022037653
8550000	8599999	2.182123818452104	1.8054460496	0.37667776885210413
8600000	8649999	1.7612091953765412	1.8054460496	-0.0442368542234588
8650000	8699999	1.6521883977875764	1.8054460496	-0.15325765181242357
8700000	8749999	3.028832082448807	1.8054460496	1.2233860328488069
8750000	8799999	1.6896923322903064	1.8054460496	-0.11575371730969364
8800000	8849999	1.3757269637793594	1.8054460496	-0.42971908582064056
8850000	8899999	1.0719578362470856	1.8054460496	-0.7334882133529144
8900000	8949999	2.0011663782982634	1.8054460496	0.1957203286982634
8950000	8999999	1.696388724219009	1.8054460496	-0.109057325380991
9000000	9049999	1.5984263835937562	1.8054460496	-0.20701966600624377
9050000	9099999	1.5889347786747834	1.8054460496	-0.2165112709252166
9100000	9149999	1.7419234572644653	1.8054460496	-0.0635225923355347
9150000	9199999	1.6358273416872848	1.8054460496	-0.16961870791271516
9200000	9249999	0.9900908143210572	1.8054460496	-0.8153552352789428
9250000	9299999	1.3750358262662004	1.8054460496	-0.43041022333379964
9300000	9349999	1.6397492508569749	1.8054460496	-0.16569679874302512
9350000	9399999	1.6875411827241706	1.8054460496	-0.11790486687582935
9400000	9449999	1.7486867685473304	1.8054460496	-0.056759281052669586
9450000	9499999	2.1784681720213683	1.8054460496	0.37302212242136834
9500000	9549999	2.066858216712671	1.8054460496	0.2614121671126708
9550000	9599999	2.087692454202008	1.8054460496	0.2822464046020081
9600000	9649999	1.7552627499404179	1.8054460496	-0.050183299659582126
9650000	9699999	1.4979581580988466	1.8054460496	-0.3074878915011534
9700000	9749999	1.5604820966438262	1.8054460496	-0.2449639529561738
9750000	9799999	2.169805098321112	1.8054460496	0.3643590487211119
9800000	9849999	2.819933890142932	1.8054460496	1.014487840542932
9850000	9899999	1.817622555151696	1.8054460496	0.012176505551696026
9900000	9949999	0.920191892814502	1.8054460496	-0.885254156785498
9950000	9999999	1.546399522274939	1.8054460496	-0.25904652732506106
10000000	10049999	1.6048854216406219	1.8054460496	-0.20056062795937812
10050000	10099999	2.667745111654254	1.8054460496	0.8622990620542539
10100000	10149999	2.329631149162662	1.8054460496	0.5241850995626618
10150000	10199999	1.6303824590233367	1.8054460496	-0.17506359057666332
10200000	10249999	1.6689964770908867	1.8054460496	-0.13644957250911327
10250000	10299999	2.1619882695102053	1.8054460496	0.3565422199102053
10300000	10349999	2.0613357930071303	1.8054460496	0.25588974340713033
10350000	10399999	1.4676654554379396	1.8054460496	-0.3377805941620604
10400000	10449999	2.9407456725	1.8054460496	1.1352996228999999
10450000	10499999	1.997059657447004	1.8054460496	0.1916136078470041
10500000	10549999	1.0461596239546753	1.8054460496	-0.7592864256453247
10550000	10599999	1.6706517569332329	1.8054460496	-0.13479429266676712
10600000	10649999	2.2859855936013793	1.8054460496	0.4805395440013793
10650000	10699999	2.1754086172620575	1.8054460496	0.3699625676620575
10700000	10749999	3.0368266158	1.8054460496	1.2313805662
10750000	10799999	1.7376366363244065	1.8054460496	-0.06780941327559353
10800000	10849999	1.4550281184967835	1.8054460496	-0.3504179311032165
10850000	10899999	2.690333834272058	1.8054460496	0.884887784672058
10900000	10949999	2.0844103092546113	1.8054460496	0.27896425965461136
10950000	10999999	1.4793894480622862	1.8054460496	-0.32605660153771376
11000000	11049999	1.5790123400763032	1.8054460496	-0.2264337095236968
11050000	11099999	2.205762392529715	1.8054460496	0.40031634292971496
11100000	11149999	2.070015555370999	1.8054460496	0.26456950577099914
11150000	11199999	2.597598897233716	1.8054460496	0.7921528476337159
11200000	11249999	1.631031114737874	1.8054460496	-0.174414934862126
11250000	11299999	2.5051979992433715	1.8054460496	0.6997519496433715
11300000	11349999	1.7262507615427944	1.8054460496	-0.07919528805720555
11350000	11399999	1.3063404906980134	1.8054460496	-0.4991055589019866
11400000	11449999	2.297033154338156	1.8054460496	0.4915871047381559
11450000	11499999	2.588468537652948	1.8054460496	0.7830224880529482
11500000	11549999	2.427495030187732	1.8054460496	0.6220489805877318
11550000	11599999	1.2596998216953217	1.8054460496	-0.5457462279046783
11600000	11649999	1.939825721696426	1.8054460496	0.1343796720964261
11650000	11699999	2.2188429102120972	1.8054460496	0.41339686061209724
11700000	11749999	1.6511681968977814	1.8054460496	-0.1542778527022186
11750000	11799999	1.722202548269303	1.8054460496	-0.08324350133069691
11800000	11849999	2.3423181960356843	1.8054460496	0.5368721464356843
11850000	11899999	2.5302122382220795	1.8054460496	0.7247661886220795
11900000	11949999	1.9066860402121804	1.8054460496	0.10123999061218036
11950000	11999999	1.7926268720771699	1.8054460496	-0.012819177522830127
12000000	12049999	2.3831945900757234	1.8054460496	0.5777485404757234
12050000	12099999	1.9644963865220015	1.8054460496	0.15905033692200155
12100000	12149999	1.95087387357135	1.8054460496	0.14542782397135
12150000	12199999	1.8178548057913941	1.8054460496	0.012408756191394144
12200000	12249999	1.8708165727831894	1.8054460496	0.06537052318318937
12250000	12299999	1.3311248236062958	1.8054460496	-0.4743212259937042
12300000	12349999	1.669434070359371	1.8054460496	-0.1360119792406289
12350000	12399999	1.9420033085132782	1.8054460496	0.1365572589132782
12400000	12449999	2.2793906552447813	1.8054460496	0.47394460564478136
12450000	12499999	1.9493747818740554	1.8054460496	0.14392873227405545
12500000	12549999	2.224560997858319	1.8054460496	0.41911494825831896
12550000	12599999	1.9467774064989578	1.8054460496	0.14133135689895782
12600000	12649999	1.8467778168139448	1.8054460496	0.041331767213944826
12650000	12699999	2.2240177193243347	1.8054460496	0.4185716697243347
12700000	12749999	2.291795254345584	1.8054460496	0.4863492047455842
12750000	12799999	1.2910346224595826	1.8054460496	-0.5144114271404174
12800000	12849999	1.5669275579484987	1.8054460496	-0.2385184916515013
12850000	12899999	2.6554988718930788	1.8054460496	0.8500528222930788
12900000	12949999	2.471263828056561	1.8054460496	0.6658177784565611
12950000	12999999	1.9453395830753508	1.8054460496	0.13989353347535083
13000000	13049999	2.13409551641232	1.8054460496	0.3286494668123199
13050000	13099999	1.1289482186733826	1.8054460496	-0.6764978309266174
13100000	13149999	2.855053897	1.8054460496	1.0496078474
13150000	13199999	2.121033074562039	1.8054460496	0.31558702496203894
13200000	13249999	1.380401606442514	1.8054460496	-0.425044443157486
13250000	13299999	2.130923255662868	1.8054460496	0.3254772060628679
13300000	13349999	1.9599392339239867	1.8054460496	0.15449318432398673
13350000	13399999	1.4470887774803893	1.8054460496	-0.35835727211961066
13400000	13449999	1.930115482974466	1.8054460496	0.12466943337446601
13450000	13499999	2.1631459755827636	1.8054460496	0.35769992598276357
13500000	13549999	2.3862728862861937	1.8054460496	0.5808268366861937
13550000	13599999	2.099399871626434	1.8054460496	0.29395382202643416
13600000	13649999	2.342028547951749	1.8054460496	0.5365824983517489
13650000	13699999	1.7163380935881942	1.8054460496	-0.08910795601180577
13700000	13749999	1.6870437810429413	1.8054460496	-0.11840226855705871
13750000	13799999	2.7370992268320555	1.8054460496	0.9316531772320555
13800000	13849999	1.7965218914115493	1.8054460496	-0.008924158188450715
13850000	13899999	1.7250313664421797	1.8054460496	-0.0804146831578203
13900000	13949999	2.598656587856238	1.8054460496	0.793210538256238
13950000	13999999	1.163340270467212	1.8054460496	-0.642105779132788
14000000	14049999	1.8320263461166153	1.8054460496	0.02658029651661531
14050000	14099999	2.464222767917456	1.8054460496	0.6587767183174562
14100000	14149999	2.4351119989168764	1.8054460496	0.6296659493168764
14150000	14199999	1.4882755356977326	1.8054460496	-0.31717051390226736
14200000	14249999	1.368715589921997	1.8054460496	-0.43673045967800306
14250000	14299999	1.4469497538027862	1.8054460496	-0.35849629579721376
14300000	14349999	2.326996398413942	1.8054460496	0.5215503488139421
14350000	14399999	3.337971758	1.8054460496	1.5325257084000001
14400000	14449999	2.1042313395145142	1.8054460496	0.29878528991451425
14450000	14499999	2.0432637211810105	1.8054460496	0.23781767158101053
14500000	14549999	2.104695588549772	1.8054460496	0.299249538949772
14550000	14599999	1.5256105055692428	1.8054460496	-0.27983554403075717
14600000	14649999	1.5428259747204347	1.8054460496	-0.2626200748795653
14650000	14699999	1.110637870106732	1.8054460496	-0.6948081794932679
14700000	14749999	2.504239725007788	1.8054460496	0.6987936754077881
14750000	14799999	2.235911422214154	1.8054460496	0.4304653726141541
14800000	14849999	1.9334300318958748	1.8054460496	0.12798398229587482
14850000	14899999	1.7835396162208046	1.8054460496	-0.0219064333791954
14900000	14949999	2.0790735312688535	1.8054460496	0.27362748166885353
14950000	14999999	2.2235572362115583	1.8054460496	0.4181111866115583
15000000	15049999	2.050960684269876	1.8054460496	0.24551463466987622
15050000	15099999	1.8915690824786713	1.8054460496	0.08612303287867129
15100000	15149999	1.7129718755403283	1.8054460496	-0.09247417405967173
15150000	15199999	1.530628225060013	1.8054460496	-0.27481782453998704
15200000	15249999	1.6239183804898774	1.8054460496	-0.18152766911012264
15250000	15299999	1.4435229169125976	1.8054460496	-0.3619231326874024
15300000	15349999	2.0674927175272644	1.8054460496	0.2620466679272644
15350000	15399999	1.5796531853301041	1.8054460496	-0.22579286426989587
15400000	15449999	2.5198176597670168	1.8054460496	0.7143716101670168
15450000	15499999	1.713322596405217	1.8054460496	-0.09212345319478299
15500000	15549999	1.533550531431381	1.8054460496	-0.2718955181686189
15550000	15599999	1.8547880522578766	1.8054460496	0.04934200265787658
15600000	15649999	1.8818558198701845	1.8054460496	0.07640977027018447
15650000	15699999	0.9409920372290406	1.8054460496	-0.8644540123709594
15700000	15749999	1.147989765929956	1.8054460496	-0.6574562836700439
15750000	15799999	1.704876877262239	1.8054460496	-0.10056917233776108
15800000	15849999	2.1567060094128663	1.8054460496	0.3512599598128663
15850000	15899999	1.7972805994236671	1.8054460496	-0.008165450176332856
15900000	15949999	1.9825527266750054	1.8054460496	0.17710667707500538
15950000	15999999	1.9717428118781677	1.8054460496	0.1662967622781677
16000000	16049999	1.5966552220008083	1.8054460496	-0.20879082759919165
16050000	16099999	1.8598370322682019	1.8054460496	0.05439098266820186
16100000	16149999	1.102373186279431	1.8054460496	-0.703072863320569
16150000	16199999	1.7673780308007965	1.8054460496	-0.03806801879920352
16200000	16249999	2.63242414670885	1.8054460496	0.8269780971088498
16250000	16299999	1.5699949418551484	1.8054460496	-0.23545110774485156
16300000	16349999	0.9162675806501037	1.8054460496	-0.8891784689498963
16350000	16399999	1.835401036836796	1.8054460496	0.029954987236795905
16400000	16449999	2.8481675338	1.8054460496	1.0427214841999999
16450000	16499999	2.0088917198156766	1.8054460496	0.2034456702156766
16500000	16549999	1.3296634030859162	1.8054460496	-0.47578264651408375
16550000	16599999	2.243506758029422	1.8054460496	0.4380607084294219
16600000	16649999	1.79384621839051	1.8054460496	-0.011599831209490041
16650000	16699999	1.9982703235549684	1.8054460496	0.19282427395496837
16700000	16749999	2.1179377460751008	1.8054460496	0.3124916964751008
16750000	16799999	1.7367024157678923	1.8054460496	-0.06874363383210769
16800000	16849999	1.7585319227835052	1.8054460496	-0.04691412681649476
16850000	16899999	1.6937451027303994	1.8054460496	-0.11170094686960064
16900000	16949999	2.074935439821286	1.8054460496	0.26948939022128604
16950000	16999999	2.4997787728186096	1.8054460496	0.6943327232186096
17000000	17049999	1.8819952977398886	1.8054460496	0.07654924813988861
17050000	17099999	2.1487330001833116	1.8054460496	0.3432869505833116
17100000	17149999	1.6819202451465836	1.8054460496	-0.12352580445341643
17150000	17199999	1.6717444972083921	1.8054460496	-0.13370155239160786
17200000	17249999	2.2959056808626768	1.8054460496	0.4904596312626768
17250000	17299999	1.95207594738147	1.8054460496	0.14662989778146995
17300000	17349999	1.8641972939392684	1.8054460496	0.05875124433926837
17350000	17399999	2.00435570540068	1.8054460496	0.19890965580067999
17400000	17449999	2.054527257310787	1.8054460496	0.24908120771078712
17450000	17499999	2.155472802466339	1.8054460496	0.3500267528663392
17500000	17549999	2.2083492920977204	1.8054460496	0.40290324249772036
17550000	17599999	1.883611811040387	1.8054460496	0.078165761440387
17600000	17649999	2.2606222996119505	1.8054460496	0.4551762500119505
17650000	17699999	2.0592034979425673	1.8054460496	0.2537574483425673
17700000	17749999	1.9915468266766494	1.8054460496	0.1861007770766494
17750000	17799999	1.88711701592359	1.8054460496	0.08167096632358994
17800000	17849999	2.136938701602914	1.8054460496	0.3314926520029142
17850000	17899999	2.2315026945153074	1.8054460496	0.42605664491530737
17900000	17949999	2.0643934451988066	1.8054460496	0.25894739559880664
17950000	17999999	1.7354871019493436	1.8054460496	-0.06995894765065636
18000000	18049999	2.0721287829361685	1.8054460496	0.26668273333616854
18050000	18099999	2.4192864912582244	1.8054460496	0.6138404416582244
18100000	18149999	2.1779248018791257	1.8054460496	0.37247875227912575
18150000	18199999	2.1450322776753525	1.8054460496	0.33958622807535255
18200000	18249999	2.2920100401340178	1.8054460496	0.4865639905340178
18250000	18299999	2.267057242231485	1.8054460496	0.461611192631485
18300000	18349999	2.2910166636255647	1.8054460496	0.4855706140255647
18350000	18399999	2.5705647497529234	1.8054460496	0.7651187001529234
18400000	18449999	2.2098899809220947	1.8054460496	0.40444393132209466
18450000	18499999	2.6134965475347167	1.8054460496	0.8080504979347167
18500000	18549999	1.0708585970504028	1.8054460496	-0.7345874525495972
18550000	18599999	1.0271673231	1.8054460496	-0.7782787265
18600000	18649999	2.6924352977875	1.8054460496	0.8869892481875001
18650000	18699999	2.401192795703894	1.8054460496	0.5957467461038939
18700000	18749999	2.0596526945565214	1.8054460496	0.25420664495652145
18750000	18799999	2.1357426132096253	1.8054460496	0.33029656360962534
18800000	18849999	2.3632365399284208	1.8054460496	0.5577904903284208
18850000	18899999	2.1536302450882903	1.8054460496	0.34818419548829027
18900000	18949999	2.211436352313614	1.8054460496	0.4059903027136138
18950000	18999999	1.4553500386909697	1.8054460496	-0.3500960109090303
19000000	19049999	2.255318417672476	1.8054460496	0.4498723680724761
19050000	19099999	2.2967765829464386	1.8054460496	0.4913305333464386
19100000	19149999	1.242945518721533	1.8054460496	-0.562500530878467
19150000	19199999	2.290528334071495	1.8054460496	0.48508228447149504
19200000	19249999	2.5850142013354125	1.8054460496	0.7795681517354125
19250000	19299999	1.6928922698761064	1.8054460496	-0.11255377972389358
19300000	19349999	1.9699952371705063	1.8054460496	0.1645491875705063
19350000	19399999	2.266377263837289	1.8054460496	0.4609312142372892
19400000	19449999	1.5524161025028382	1.8054460496	-0.25302994709716176
19450000	19499999	1.6568141053236483	1.8054460496	-0.14863194427635174
19500000	19549999	2.6744416179213073	1.8054460496	0.8689955683213073
19550000	19599999	1.9460341071832925	1.8054460496	0.14058805758329251
19600000	19649999	0.8682965026	1.8054460496	-0.937149547
19650000	19699999	1.5279161096540803	1.8054460496	-0.2775299399459197
19700000	19749999	2.0242875218954346	1.8054460496	0.2188414722954346
19750000	19799999	1.125515699446228	1.8054460496	-0.6799303501537719
19800000	19849999	1.8531248597892023	1.8054460496	0.04767881018920228
19850000	19899999	1.6617456808695108	1.8054460496	-0.1437003687304892
19900000	19949999	1.887931805975048	1.8054460496	0.08248575637504807
19950000	19999999	1.8903550820206068	1.8054460496	0.08490903242060677
20000000	20049999	2.272514509833058	1.8054460496	0.46706846023305815
20050000	20099999	0.6519913835	1.8054460496	-1.1534546661
20100000	20149999	0.8398168876424316	1.8054460496	-0.9656291619575684
20150000	20199999	1.2507639435991256	1.8054460496	-0.5546821060008744
20200000	20249999	1.2193037348919038	1.8054460496	-0.5861423147080962
20250000	20299999	1.1341523992540619	1.8054460496	-0.6712936503459381
20300000	20349999	1.1556264396470215	1.8054460496	-0.6498196099529785
20350000	20399999	1.2390086516440155	1.8054460496	-0.5664373979559845
20400000	20449999	0.9924691983531433	1.8054460496	-0.8129768512468567
20450000	20499999	0.8285301487170899	1.8054460496	-0.9769159008829101
20500000	20549999	0.6333401192729797	1.8054460496	-1.1721059303270203
20550000	20599999	0.4131066534549255	1.8054460496	-1.3923393961450745
20600000	20649999	0.6780143830816865	1.8054460496	-1.1274316665183135
20650000	20699999	0.3881929850386596	1.8054460496	-1.4172530645613404
20700000	20749999	0.3070497673000001	1.8054460496	-1.4983962822999999
20750000	20799999	0.8222939213901245	1.8054460496	-0.9831521282098755
20800000	20849999	1.0972618583719116	1.8054460496	-0.7081841912280884
20850000	20899999	1.1516623645743773	1.8054460496	-0.6537836850256227
20900000	20949999	1.2781534174216675	1.8054460496	-0.5272926321783324
20950000	20999999	1.3395272814019012	1.8054460496	-0.46591876819809874
21000000	21049999	1.1594840497575378	1.8054460496	-0.6459619998424622
21050000	21099999	0.6573094515783904	1.8054460496	-1.1481365980216096
21100000	21149999	0.8397938432988525	1.8054460496	-0.9656522063011475
21150000	21199999	0.7865034264733703	1.8054460496	-1.0189426231266296
21200000	21249999	1.6299185448979219	1.8054460496	-0.17552750470207812
21250000	21299999	2.083537533314897	1.8054460496	0.2780914837148969
21300000	21349999	1.7405195831309768	1.8054460496	-0.06492646646902323
21350000	21399999	0.8747929650460265	1.8054460496	-0.9306530845539734
21400000	21449999	0.9063389968941894	1.8054460496	-0.8991070527058106
21450000	21499999	1.3161229009054747	1.8054460496	-0.4893231486945253
21500000	21549999	1.3781569961320679	1.8054460496	-0.4272890534679321
21550000	21599999	1.612261372180945	1.8054460496	-0.1931846774190551
21600000	21649999	1.3375151242089598	1.8054460496	-0.4679309253910402
21650000	21699999	1.3477171120322966	1.8054460496	-0.4577289375677034
21700000	21749999	2.0378754181063723	1.8054460496	0.2324293685063723
21750000	21799999	1.9759126152539994	1.8054460496	0.17046656565399942
21800000	21849999	2.213240588074524	1.8054460496	0.40779453847452407
21850000	21899999	1.6390317142757111	1.8054460496	-0.16641433532428884
21900000	21949999	1.3541270894753663	1.8054460496	-0.4513189601246337
21950000	21999999	1.350931482017935	1.8054460496	-0.454514567582065
22000000	22049999	0.8812597745435425	1.8054460496	-0.9241862750564575
22050000	22099999	0.43036038340000005	1.8054460496	-1.3750856662
22100000	22149999	0.6901851742088927	1.8054460496	-1.1152608753911073
22150000	22199999	1.1961405387683777	1.8054460496	-0.6093055108316223
22200000	22249999	0.9748480635836151	1.8054460496	-0.8305979860163849
22250000	22299999	0.9552469812078216	1.8054460496	-0.8501990683921784
22300000	22349999	1.0099461862675843	1.8054460496	-0.7954998633324157
22350000	22399999	0.9939585380973632	1.8054460496	-0.8114875115026368
22400000	22449999	0.923353299549823	1.8054460496	-0.882092750050177
22450000	22499999	0.8853867688123779	1.8054460496	-0.9200592807876221
22500000	22549999	0.8568640582405335	1.8054460496	-0.9485819913594665
22550000	22599999	1.089860322056372	1.8054460496	-0.7155857275436279
22600000	22649999	0.8611085849556213	1.8054460496	-0.9443374646443787
22650000	22699999	0.6500084903248657	1.8054460496	-1.1554375592751343
22700000	22749999	0.7238925266304017	1.8054460496	-1.0815535229695983
22750000	22799999	0.4717292480160644	1.8054460496	-1.3337168015839356
22800000	22849999	0.7053759059904725	1.8054460496	-1.1000701436095275
22850000	22899999	0.7201598914486023	1.8054460496	-1.0852861581513977
22900000	22949999	0.8119325858392914	1.8054460496	-0.9935134637607086
22950000	22999999	0.8544967793202332	1.8054460496	-0.9509492702797668
23000000	23049999	0.9054910427697999	1.8054460496	-0.8999550068302001
23050000	23099999	0.7764586878977782	1.8054460496	-1.0289873617022218
23100000	23149999	0.531491656056372	1.8054460496	-1.273954393543628
23150000	23199999	1.070478358655185	1.8054460496	-0.7349676909448151
23200000	23249999	0.6783930664552917	1.8054460496	-1.1270529831447083
23250000	23299999	0.7501353312232117	1.8054460496	-1.0553107183767882
23300000	23349999	1.1334636477811981	1.8054460496	-0.6719824018188019
23350000	23399999	0.9853367645472808	1.8054460496	-0.8201092850527192
23400000	23449999	1.0621350634852174	1.8054460496	-0.7433109861147826
23450000	23499999	0.6448227516762635	1.8054460496	-1.1606232979237365
23500000	23549999	0.971363317501535	1.8054460496	-0.834082732098465
23550000	23599999	0.9186134354695954	1.8054460496	-0.8868326141304046
23600000	23649999	0.7860244874859132	1.8054460496	-1.0194215621140867
23650000	23699999	0.9707623648425965	1.8054460496	-0.8346836847574035
23700000	23749999	0.8145844747915314	1.8054460496	-0.9908615748084686
23750000	23799999	0.8787404685743408	1.8054460496	-0.9267055810256591
23800000	23849999	1.1769892316811554	1.8054460496	-0.6284568179188446
23850000	23899999	1.6157495047343118	1.8054460496	-0.1896965448656882
23900000	23949999	1.6735021334663762	1.8054460496	-0.13194391613362377
23950000	23999999	0.9887481414393402	1.8054460496	-0.8166979081606598
24000000	24049999	0.7807529851236206	1.8054460496	-1.0246930644763794
24050000	24099999	0.9948088598661713	1.8054460496	-0.8106371897338287
24100000	24149999	1.2856968820219694	1.8054460496	-0.5197491675780306
24150000	24199999	1.0275320500565857	1.8054460496	-0.7779139995434143
24200000	24249999	1.044737512089795	1.8054460496	-0.760708537510205
24250000	24299999	1.5873741183737429	1.8054460496	-0.21807193122625712
24300000	24349999	1.100899450704968	1.8054460496	-0.7045465988950319
24350000	24399999	0.9066847503163025	1.8054460496	-0.8987612992836975
24400000	24449999	1.0060393729121337	1.8054460496	-0.7994066766878662
24450000	24499999	1.0853287810764405	1.8054460496	-0.7201172685235595
24500000	24549999	1.1720678461704712	1.8054460496	-0.6333782034295288
24550000	24599999	1.1046337008	1.8054460496	-0.7008123488
24600000	24649999	0.5815877692890807	1.8054460496	-1.2238582803109193
24650000	24699999	1.4719324916890808	1.8054460496	-0.3335135579109192
24700000	24749999	1.4719324916890808	1.8054460496	-0.3335135579109192
24750000	24799999	1.4719324916890808	1.8054460496	-0.3335135579109192
24800000	24849999	1.4719324916890808	1.8054460496	-0.3335135579109192
24850000	24899999	1.4719324916890808	1.8054460496	-0.3335135579109192
24900000	24949999	1.4719324916890808	1.8054460496	-0.3335135579109192
24950000	24999999	1.4719324916890808	1.8054460496	-0.3335135579109192
25000000	25049999	1.4719324916890808	1.8054460496	-0.3335135579109192
25050000	25099999	1.4719324916890808	1.8054460496	-0.3335135579109192
25100000	25149999	1.4719324916890808	1.8054460496	-0.3335135579109192
25150000	25199999	1.4719324916890808	1.8054460496	-0.3335135579109192
25200000	25249999	1.4719324916890808	1.8054460496	-0.3335135579109192
25250000	25299999	1.4719324916890808	1.8054460496	-0.3335135579109192
25300000	25349999	1.4719324916890808	1.8054460496	-0.3335135579109192
25350000	25399999	1.4719324916890808	1.8054460496	-0.3335135579109192
25400000	25449999	1.4719324916890808	1.8054460496	-0.3335135579109192
25450000	25499999	1.4719324916890808	1.8054460496	-0.3335135579109192
25500000	25549999	1.4719324916890808	1.8054460496	-0.3335135579109192
25550000	25599999	1.4719324916890808	1.8054460496	-0.3335135579109192
25600000	25649999	1.4719324916890808	1.8054460496	-0.3335135579109192
25650000	25699999	1.4719324916890808	1.8054460496	-0.3335135579109192
25700000	25749999	1.4719324916890808	1.8054460496	-0.3335135579109192
25750000	25799999	1.4719324916890808	1.8054460496	-0.3335135579109192
25800000	25849999	1.4719324916890808	1.8054460496	-0.3335135579109192
25850000	25899999	1.4719324916890808	1.8054460496	-0.3335135579109192
25900000	25949999	1.4719324916890808	1.8054460496	-0.3335135579109192
25950000	25999999	1.4719324916890808	1.8054460496	-0.3335135579109192
26000000	26049999	1.4719324916890808	1.8054460496	-0.3335135579109192
26050000	26099999	1.4719324916890808	1.8054460496	-0.3335135579109192
26100000	26149999	1.4719324916890808	1.8054460496	-0.3335135579109192
26150000	26199999	1.4719324916890808	1.8054460496	-0.3335135579109192
26200000	26249999	1.4719324916890808	1.8054460496	-0.3335135579109192
26250000	26299999	1.4719324916890808	1.8054460496	-0.3335135579109192
26300000	26349999	1.4719324916890808	1.8054460496	-0.3335135579109192
26350000	26399999	1.4719324916890808	1.8054460496	-0.3335135579109192
26400000	26449999	1.4719324916890808	1.8054460496	-0.3335135579109192
26450000	26499999	1.4719324916890808	1.8054460496	-0.3335135579109192
26500000	26549999	1.4719324916890808	1.8054460496	-0.3335135579109192
26550000	26599999	1.4719324916890808	1.8054460496	-0.3335135579109192
26600000	26649999	1.4719324916890808	1.8054460496	-0.3335135579109192
26650000	26699999	1.4719324916890808	1.8054460496	-0.3335135579109192
26700000	26749999	1.4719324916890808	1.8054460496	-0.3335135579109192
26750000	26799999	1.4719324916890808	1.8054460496	-0.3335135579109192
26800000	26849999	1.4719324916890808	1.8054460496	-0.3335135579109192
26850000	26899999	1.4719324916890808	1.8054460496	-0.3335135579109192
26900000	26949999	1.4719324916890808	1.8054460496	-0.3335135579109192
26950000	26999999	1.4719324916890808	1.8054460496	-0.3335135579109192
27000000	27049999	1.4719324916890808	1.8054460496	-0.3335135579109192
27050000	27099999	1.4719324916890808	1.8054460496	-0.3335135579109192
27100000	27149999	1.4719324916890808	1.8054460496	-0.3335135579109192
27150000	27199999	1.4719324916890808	1.8054460496	-0.3335135579109192
27200000	27249999	1.4719324916890808	1.8054460496	-0.3335135579109192
27250000	27299999	1.4719324916890808	1.8054460496	-0.3335135579109192
27300000	27349999	1.4719324916890808	1.8054460496	-0.3335135579109192
27350000	27399999	1.4719324916890808	1.8054460496	-0.3335135579109192
27400000	27449999	1.4719324916890808	1.8054460496	-0.3335135579109192
27450000	27499999	1.4719324916890808	1.8054460496	-0.3335135579109192
27500000	27549999	1.4719324916890808	1.8054460496	-0.3335135579109192
27550000	27599999	1.4719324916890808	1.8054460496	-0.3335135579109192
27600000	27649999	1.4719324916890808	1.8054460496	-0.3335135579109192
27650000	27699999	1.4719324916890808	1.8054460496	-0.3335135579109192
27700000	27749999	70.94246055268907	1.8054460496	69.13701450308908
27750000	27799999	1.0639177319164919	1.8054460496	-0.7415283176835081
27800000	27849999	1.716850854288356	1.8054460496	-0.08859519531164395
27850000	27899999	1.586773165991304	1.8054460496	-0.21867288360869597
27900000	27949999	1.5947887695715086	1.8054460496	-0.21065728002849138
27950000	27999999	2.1089295384134115	1.8054460496	0.3034834888134115
28000000	28049999	1.6877348940482237	1.8054460496	-0.11771115555177625
28050000	28099999	1.811021894548691	1.8054460496	0.0055758449486909
28100000	28149999	0.6458501968442871	1.8054460496	-1.1595958527557129
28150000	28199999	0.9635937801477905	1.8054460496	-0.8418522694522095
28200000	28249999	0.8509783762570373	1.8054460496	-0.9544676733429627
28250000	28299999	1.4872840073983116	1.8054460496	-0.3181620422016884
28300000	28349999	1.3012438850428008	1.8054460496	-0.5042021645571992
28350000	28399999	1.1881317329462464	1.8054460496	-0.6173143166537536
28400000	28449999	1.039666270235672	1.8054460496	-0.765779779364328
28450000	28499999	1.1654613530627502	1.8054460496	-0.6399846965372498
28500000	28549999	1.1736107409752532	1.8054460496	-0.6318353086247468
28550000	28599999	1.4260298260035738	1.8054460496	-0.37941622359642624
28600000	28649999	1.3165055279838866	1.8054460496	-0.48894052161611334
28650000	28699999	1.1853833134067564	1.8054460496	-0.6200627361932436
28700000	28749999	1.277781757962924	1.8054460496	-0.527664291637076
28750000	28799999	1.5198864955336213	1.8054460496	-0.2855595540663787
28800000	28849999	1.2316360292435484	1.8054460496	-0.5738100203564516
28850000	28899999	1.2318709976133118	1.8054460496	-0.5735750519866882
28900000	28949999	1.1779086999932984	1.8054460496	-0.6275373496067016
28950000	28999999	1.3444946235284851	1.8054460496	-0.46095142607151485
29000000	29049999	2.5175298426815553	1.8054460496	0.7120837930815553
29050000	29099999	2.6855817593289246	1.8054460496	0.8801357097289246
29100000	29149999	1.4664088444717867	1.8054460496	-0.33903720512821334
29150000	29199999	1.8775918019585203	1.8054460496	0.07214575235852028
29200000	29249999	0.9680209591420044	1.8054460496	-0.8374250904579956
29250000	29299999	1.9650566112452763	1.8054460496	0.15961056164527632
29300000	29349999	1.4889857649478897	1.8054460496	-0.3164602846521103
29350000	29399999	1.0961186410636534	1.8054460496	-0.7093274085363466
29400000	29449999	1.0418829382737427	1.8054460496	-0.7635631113262573
29450000	29499999	1.537420963779979	1.8054460496	-0.26802508582002105
29500000	29549999	1.7714027372993737	1.8054460496	-0.034043312300626294
29550000	29599999	1.707159844430771	1.8054460496	-0.09828620516922904
29600000	29649999	1.3630781867425743	1.8054460496	-0.4423678628574257
29650000	29699999	1.8143106564451794	1.8054460496	0.008864606845179424
29700000	29749999	1.3539518873097593	1.8054460496	-0.45149416229024064
29750000	29799999	0.9150110862686707	1.8054460496	-0.8904349633313293
29800000	29849999	1.3049932336557646	1.8054460496	-0.5004528159442354
29850000	29899999	1.5583501445418464	1.8054460496	-0.2470959050581536
29900000	29949999	1.4456519718653444	1.8054460496	-0.35979407773465555
29950000	29999999	1.5934092639026636	1.8054460496	-0.21203678569733642
30000000	30049999	1.4217658974309755	1.8054460496	-0.3836801521690245
30050000	30099999	0.9791551250929443	1.8054460496	-0.8262909245070557
30100000	30149999	2.097879903320163	1.8054460496	0.29243385372016295
30150000	30199999	1.6336348760190567	1.8054460496	-0.17181117358094333
30200000	30249999	0.7780723044888549	1.8054460496	-1.027373745111145
30250000	30299999	1.9664533235328765	1.8054460496	0.1610072739328765
30300000	30349999	2.248096460664557	1.8054460496	0.44265041106455705
30350000	30399999	1.465099755457997	1.8054460496	-0.340346294142003
30400000	30449999	2.246422358561258	1.8054460496	0.44097630896125795
30450000	30499999	3.18174902816696	1.8054460496	1.3763029785669598
30500000	30549999	2.0007094223776734	1.8054460496	0.19526337277767336
30550000	30599999	1.2475435835763795	1.8054460496	-0.5579024660236205
30600000	30649999	1.2520657800525299	1.8054460496	-0.5533802695474701
30650000	30699999	1.3295137466863678	1.8054460496	-0.4759323029136322
30700000	30749999	1.1962280508271759	1.8054460496	-0.6092179987728241
30750000	30799999	1.512105280750299	1.8054460496	-0.29334076884970095
30800000	30849999	1.5073069129122896	1.8054460496	-0.2981391366877104
30850000	30899999	1.3126756744554093	1.8054460496	-0.49277037514459066
30900000	30949999	1.386394772497696	1.8054460496	-0.41905127710230405
30950000	30999999	1.2154301407520967	1.8054460496	-0.5900159088479033
31000000	31049999	1.5092329209164626	1.8054460496	-0.29621312868353744
31050000	31099999	1.3837540226012819	1.8054460496	-0.4216920269987181
31100000	31149999	0.7550577374234009	1.8054460496	-1.0503883121765991
31150000	31199999	0.6461390672	1.8054460496	-1.1593069824
31200000	31249999	0.994042364483258	1.8054460496	-0.811403685116742
31250000	31299999	0.8382741716550659	1.8054460496	-0.9671718779449341
31300000	31349999	1.5210043506194122	1.8054460496	-0.2844416989805878
31350000	31399999	1.4516279037700959	1.8054460496	-0.3538181458299041
31400000	31449999	1.4005391114475692	1.8054460496	-0.40490693815243084
31450000	31499999	1.5071692269026367	1.8054460496	-0.29827682269736333
31500000	31549999	1.4601384006210418	1.8054460496	-0.34530764897895816
31550000	31599999	1.2015849253744233	1.8054460496	-0.6038611242255767
31600000	31649999	1.279300517963629	1.8054460496	-0.526145531636371
31650000	31699999	1.3945391748958342	1.8054460496	-0.41090687470416576
31700000	31749999	1.2038132192316588	1.8054460496	-0.6016328303683411
31750000	31799999	1.2292967870638885	1.8054460496	-0.5761492625361115
31800000	31849999	1.0740645088963654	1.8054460496	-0.7313815407036346
31850000	31899999	1.1615970263358124	1.8054460496	-0.6438490232641876
31900000	31949999	1.2002170155717224	1.8054460496	-0.6052290340282775
31950000	31999999	1.161342323003299	1.8054460496	-0.6441037265967009
32000000	32049999	1.316613698168274	1.8054460496	-0.4888323514317261
32050000	32099999	1.3049431283542021	1.8054460496	-0.5005029212457979
32100000	32149999	1.219897488842804	1.8054460496	-0.585548560757196
32150000	32199999	1.070252122499463	1.8054460496	-0.735193927100537
32200000	32249999	1.238664469718695	1.8054460496	-0.566781579881305
32250000	32299999	1.2454158027755522	1.8054460496	-0.5600302468244478
32300000	32349999	1.390068439653389	1.8054460496	-0.4153776099466109
32350000	32399999	1.3228573560349348	1.8054460496	-0.4825886935650652
32400000	32449999	1.495489419774765	1.8054460496	-0.309956629825235
32450000	32499999	1.3309378829956557	1.8054460496	-0.47450816660434425
32500000	32549999	1.1620269419191804	1.8054460496	-0.6434191076808196
32550000	32599999	1.165479667553818	1.8054460496	-0.6399663820461821
32600000	32649999	1.5135017559579529	1.8054460496	-0.2919442936420471
32650000	32699999	1.0653040057275696	1.8054460496	-0.7401420438724304
32700000	32749999	0.7549073232001038	1.8054460496	-1.0505387263998962
32750000	32799999	0.9733121487843323	1.8054460496	-0.8321339008156677
32800000	32849999	1.3031066425047362	1.8054460496	-0.5023394070952638
32850000	32899999	2.321671102687303	1.8054460496	0.5162250530873029
32900000	32949999	2.278273252313713	1.8054460496	0.47282720271371304
32950000	32999999	1.7177564359200088	1.8054460496	-0.08768961367999117
33000000	33049999	1.6470632061031967	1.8054460496	-0.15838284349680332
33050000	33099999	0.863014204	1.8054460496	-0.9424318456
33100000	33149999	1.6793486944716178	1.8054460496	-0.12609735512838216
33150000	33199999	2.024661259394109	1.8054460496	0.2192152097941089
33200000	33249999	1.5521629859590074	1.8054460496	-0.2532830636409926
33250000	33299999	2.0975812584478803	1.8054460496	0.29213520884788036
33300000	33349999	1.9133093682496116	1.8054460496	0.10786331864961163
33350000	33399999	1.8065539241268074	1.8054460496	0.0011078745268073842
33400000	33449999	1.4157763283156677	1.8054460496	-0.3896697212843323
33450000	33499999	1.7773491000328336	1.8054460496	-0.02809694956716635
33500000	33549999	2.673656398950714	1.8054460496	0.8682103493507141
33550000	33599999	1.8052556280139815	1.8054460496	-0.00019042158601845216
33600000	33649999	1.2771973036879334	1.8054460496	-0.5282487459120666
33650000	33699999	1.622491365728068	1.8054460496	-0.18295468387193203
33700000	33749999	1.129367446269458	1.8054460496	-0.6760786033305419
33750000	33799999	2.134815249650565	1.8054460496	0.3293692000505648
33800000	33849999	2.52894379141391	1.8054460496	0.7234977418139099
33850000	33899999	1.2367406582811769	1.8054460496	-0.5687053913188231
33900000	33949999	0.6952952511000001	1.8054460496	-1.1101507984999999
33950000	33999999	1.6597498778727453	1.8054460496	-0.1456961717272547
34000000	34049999	1.7522823105844498	1.8054460496	-0.05316373901555016
34050000	34099999	1.8367112592050048	1.8054460496	0.031265209605004785
34100000	34149999	1.6422520124809799	1.8054460496	-0.16319403711902014
34150000	34199999	1.6295816104681622	1.8054460496	-0.1758644391318378
34200000	34249999	1.1347655546526552	1.8054460496	-0.6706804949473448
34250000	34299999	0.7983039567704955	1.8054460496	-1.0071420928295045
34300000	34349999	1.617417077009352	1.8054460496	-0.18802897259064788
34350000	34399999	1.7946695448690353	1.8054460496	-0.010776504730964698
34400000	34449999	1.8251064404885635	1.8054460496	0.019660390888563528
34450000	34499999	2.0000353999239002	1.8054460496	0.19458935032390023
34500000	34549999	1.9161231234419625	1.8054460496	0.11067707384196246
34550000	34599999	1.8950527374032529	1.8054460496	0.08960668780325287
34600000	34649999	1.2584275899506774	1.8054460496	-0.5470184596493226
34650000	34699999	1.9362664412991775	1.8054460496	0.13082039169917747
34700000	34749999	1.7732655610656693	1.8054460496	-0.03218048853433064
34750000	34799999	2.619595492399182	1.8054460496	0.8141494427991822
34800000	34849999	1.6022934879999235	1.8054460496	-0.20315256160007644
34850000	34899999	1.835782627428122	1.8054460496	0.030336577828121936
34900000	34949999	1.8668129866061676	1.8054460496	0.06136693700616758
34950000	34999999	1.0567077436803833	1.8054460496	-0.7487383059196167
35000000	35049999	1.6250151626213714	1.8054460496	-0.18043088697862864
35050000	35099999	1.8776857410484467	1.8054460496	0.07223969144844666
35100000	35149999	2.2472895731811127	1.8054460496	0.4418435235811127
35150000	35199999	1.9327056875800492	1.8054460496	0.12725963798004924
35200000	35249999	1.4658546087602844	1.8054460496	-0.3395914408397156
35250000	35299999	1.7767197522597786	1.8054460496	-0.028726297340221363
35300000	35349999	2.034481251217356	1.8054460496	0.2290352016173558
35350000	35399999	2.3822101680772123	1.8054460496	0.5767641184772123
35400000	35449999	2.161833396535092	1.8054460496	0.356387346935092
35450000	35499999	1.674794240511583	1.8054460496	-0.130651809088417
35500000	35549999	1.6024510136974213	1.8054460496	-0.20299503590257872
35550000	35599999	2.186917636481027	1.8054460496	0.3814715868810272
35600000	35649999	1.6877561415170395	1.8054460496	-0.11768990808296054
35650000	35699999	2.447276333895633	1.8054460496	0.6418302842956329
35700000	35749999	2.0458070769570007	1.8054460496	0.2403610273570007
35750000	35799999	1.4020091291262695	1.8054460496	-0.4034369204737305
35800000	35849999	1.814401257083728	1.8054460496	0.008955207483728023
35850000	35899999	2.2733029930027375	1.8054460496	0.46785694340273754
35900000	35949999	2.6707046840445923	1.8054460496	0.8652586344445923
35950000	35999999	1.595956394913716	1.8054460496	-0.2094896546862839
36000000	36049999	1.7909452184118941	1.8054460496	-0.014500831188105856
36050000	36099999	2.221226706344583	1.8054460496	0.415780656744583
36100000	36149999	2.1809614388022642	1.8054460496	0.37551538920226424
36150000	36199999	1.801360088787808	1.8054460496	-0.004085960812191924
36200000	36249999	2.0212589167135175	1.8054460496	0.21581286711351755
36250000	36299999	2.18869359269238	1.8054460496	0.38324754309237985
36300000	36349999	2.0055486239890565	1.8054460496	0.20010257438905654
36350000	36399999	2.404038421688913	1.8054460496	0.598592372088913
36400000	36449999	1.802938868416339	1.8054460496	-0.0025071811836610003
36450000	36499999	1.8674811304103582	1.8054460496	0.062035080810358245
36500000	36549999	2.1089084840469865	1.8054460496	0.3034624344469865
36550000	36599999	1.5081579289603364	1.8054460496	-0.2972881206396636
36600000	36649999	1.9098099149233188	1.8054460496	0.10436386532331876
36650000	36699999	1.382384235924658	1.8054460496	-0.4230618136753419
36700000	36749999	1.7537751355056068	1.8054460496	-0.05167091409439317
36750000	36799999	0.5571117097	1.8054460496	-1.2483343399
36800000	36849999	0.4252933364	1.8054460496	-1.3801527132
36850000	36899999	1.7099317648068517	1.8054460496	-0.09551428479314827
36900000	36949999	1.6776564176438393	1.8054460496	-0.12778963195616067
36950000	36999999	1.3641360434930236	1.8054460496	-0.44131000610697635
37000000	37049999	1.4767030906949798	1.8054460496	-0.32874295890502014
37050000	37099999	1.1978445972211182	1.8054460496	-0.6076014523788817
37100000	37149999	1.1889893613325624	1.8054460496	-0.6164566882674376
37150000	37199999	1.1714407719896056	1.8054460496	-0.6340052776103944
37200000	37249999	1.4030831134745543	1.8054460496	-0.4023629361254457
37250000	37299999	1.3407160976337251	1.8054460496	-0.46472995196627487
37300000	37349999	1.215104567770581	1.8054460496	-0.590341481829419
37350000	37399999	1.4023306291809357	1.8054460496	-0.40311542041906434
37400000	37449999	1.2422956282630797	1.8054460496	-0.5631504213369203
37450000	37499999	1.23230399058049	1.8054460496	-0.57314205901951
37500000	37549999	1.4684004427084756	1.8054460496	-0.3370456068915244
37550000	37599999	1.488229505778363	1.8054460496	-0.317216543821637
37600000	37649999	1.2589291093214507	1.8054460496	-0.5465169402785492
37650000	37699999	1.6713368949694338	1.8054460496	-0.13410915463056616
37700000	37749999	0.8723171314436889	1.8054460496	-0.933128918156311
37750000	37799999	0.6984589862226807	1.8054460496	-1.1069870633773193
37800000	37849999	0.8700137038266845	1.8054460496	-0.9354323457733155
37850000	37899999	1.1500371427732787	1.8054460496	-0.6554089068267213
37900000	37949999	1.6117298458183624	1.8054460496	-0.19371620378163756
37950000	37999999	1.4219103932593957	1.8054460496	-0.38353565634060427
38000000	38049999	1.098339661866226	1.8054460496	-0.707106387733774
38050000	38099999	1.4906834871159544	1.8054460496	-0.31476256248404555
38100000	38149999	1.526555328221042	1.8054460496	-0.278890721378958
38150000	38199999	1.6562687719451625	1.8054460496	-0.14917727765483746
38200000	38249999	1.9064151063118449	1.8054460496	0.10096905671184486
38250000	38299999	1.6439068383936357	1.8054460496	-0.16153921120636427
38300000	38349999	1.1068936439599304	1.8054460496	-0.6985524056400696
38350000	38399999	0.7003200744	1.8054460496	-1.1051259752
38400000	38449999	1.7578369456759504	1.8054460496	-0.0476091039240496
38450000	38499999	2.1424213096318847	1.8054460496	0.3369752600318847
38500000	38549999	1.9527655801395278	1.8054460496	0.14731953053952784
38550000	38599999	1.5404664646203874	1.8054460496	-0.2649795849796126
38600000	38649999	1.8319991903224273	1.8054460496	0.026553140722427315
38650000	38699999	2.191366368839923	1.8054460496	0.385920319239923
38700000	38749999	1.2029820586342894	1.8054460496	-0.6024639909657106
38750000	38799999	2.915520282780249	1.8054460496	1.110074233180249
38800000	38849999	1.960231699133152	1.8054460496	0.1547856495331521
38850000	38899999	1.3838192166718994	1.8054460496	-0.42162683292810055
38900000	38949999	2.022045321737423	1.8054460496	0.2165992721374228
38950000	38999999	1.6758901085526015	1.8054460496	-0.12955594104739854
39000000	39049999	1.5772857715222566	1.8054460496	-0.22816027807774342
39050000	39099999	2.606697569814264	1.8054460496	0.8012515202142638
39100000	39149999	1.7273020954623504	1.8054460496	-0.07814395413764963
39150000	39199999	1.9253695840705385	1.8054460496	0.1199235344705385
39200000	39249999	1.261955867075418	1.8054460496	-0.5434901825245819
39250000	39299999	2.4743440913296326	1.8054460496	0.6688980417296326
39300000	39349999	2.0483948714870577	1.8054460496	0.2429488218870577
39350000	39399999	1.858505218363926	1.8054460496	0.05305916876392591
39400000	39449999	1.0854740096103943	1.8054460496	-0.7199720399896057
39450000	39499999	1.88284124559171	1.8054460496	0.07739519599171008
39500000	39549999	2.3468735906795257	1.8054460496	0.5414275410795257
39550000	39599999	1.841428646393573	1.8054460496	0.03598259679357296
39600000	39649999	1.9334061913419265	1.8054460496	0.1279601417419265
39650000	39699999	1.9913040734992036	1.8054460496	0.18585802389920358
39700000	39749999	2.12990993802081	1.8054460496	0.32446388842081
39750000	39799999	2.696702069768872	1.8054460496	0.8912560201688722
39800000	39849999	1.4929330435016572	1.8054460496	-0.31251300609834276
39850000	39899999	1.7234801379650144	1.8054460496	-0.08196591163498557
39900000	39949999	1.4853765338658662	1.8054460496	-0.3200695157341338
39950000	39999999	2.4169585257076722	1.8054460496	0.6115124761076722
40000000	40049999	1.5476257776710631	1.8054460496	-0.25782027192893686
40050000	40099999	2.2725831350875154	1.8054460496	0.4671370854875154
40100000	40149999	2.824893127872717	1.8054460496	1.0194470782727172
40150000	40199999	2.1798502736848206	1.8054460496	0.37440422408482066
40200000	40249999	1.9294526401806655	1.8054460496	0.12400659058066554
40250000	40299999	1.8046372838244031	1.8054460496	-0.0008087657755968536
40300000	40349999	2.1279371207004916	1.8054460496	0.3224910711004916
40350000	40399999	1.1830147884195985	1.8054460496	-0.6224312611804015
40400000	40449999	1.8914054719723907	1.8054460496	0.08595942237239074
40450000	40499999	2.0617485016330717	1.8054460496	0.25630245203307167
40500000	40549999	2.3364193697154327	1.8054460496	0.5309733201154327
40550000	40599999	2.801770433316829	1.8054460496	0.996324383716829
40600000	40649999	1.5354953523847548	1.8054460496	-0.26995069721524523
40650000	40699999	2.2161569349859893	1.8054460496	0.4107108853859893
40700000	40749999	1.7346345573128454	1.8054460496	-0.07081149228715455
40750000	40799999	1.513266799017578	1.8054460496	-0.2921792505824219
40800000	40849999	1.6955471493403655	1.8054460496	-0.10989890025963445
40850000	40899999	2.375244763921411	1.8054460496	0.5697987143214109
40900000	40949999	2.020518263179856	1.8054460496	0.21507221357985618
40950000	40999999	2.082431217681108	1.8054460496	0.27698516808110796
41000000	41049999	1.9100588944430892	1.8054460496	0.10461284484308919
41050000	41099999	2.1927872491732665	1.8054460496	0.3873411995732665
41100000	41149999	1.1412320656028991	1.8054460496	-0.6642139839971009
41150000	41199999	1.5494215892652985	1.8054460496	-0.2560244603347015
41200000	41249999	2.1222052390445727	1.8054460496	0.3167591894445727
41250000	41299999	1.9577115510336696	1.8054460496	0.15226550143366957
41300000	41349999	1.4295577276834077	1.8054460496	-0.37588832191659227
41350000	41399999	2.6421064568473875	1.8054460496	0.8366604072473875
41400000	41449999	2.6373771101662413	1.8054460496	0.8319310605662413
41450000	41499999	1.7941695779579825	1.8054460496	-0.011276471642017505
41500000	41549999	2.1943810004870574	1.8054460496	0.38893495088705743
41550000	41599999	2.4707286859501494	1.8054460496	0.6652826363501494
41600000	41649999	1.751883006023471	1.8054460496	-0.05356304357652908
41650000	41699999	1.5656020872735108	1.8054460496	-0.2398439623264892
41700000	41749999	2.083803068424219	1.8054460496	0.2783570188242188
41750000	41799999	2.0531240867354574	1.8054460496	0.24767803713545744
41800000	41849999	1.4300522249192964	1.8054460496	-0.3753938246807036
41850000	41899999	2.2419535416151213	1.8054460496	0.4365074920151213
41900000	41949999	1.2716946707900267	1.8054460496	-0.5337513788099733
41950000	41999999	1.573969920543711	1.8054460496	-0.231476129056289
42000000	42049999	2.589707741878973	1.8054460496	0.7842616922789731
42050000	42099999	1.8537124599661996	1.8054460496	0.04826641036619961
42100000	42149999	1.6710627478273619	1.8054460496	-0.13438330177263813
42150000	42199999	2.2849266292127504	1.8054460496	0.47948057961275037
42200000	42249999	2.1843248191265108	1.8054460496	0.3788787695265108
42250000	42299999	2.1748537287616854	1.8054460496	0.3694076791616854
42300000	42349999	1.387438300196521	1.8054460496	-0.41800774940347907
42350000	42399999	1.5924475195697938	1.8054460496	-0.2129985300302062
42400000	42449999	2.3706100193388426	1.8054460496	0.5651639697388426
42450000	42499999	1.7957727335049416	1.8054460496	-0.009673316095058393
42500000	42549999	2.1194723686027954	1.8054460496	0.31402631900279543
42550000	42599999	1.1442951713183076	1.8054460496	-0.6611508782816924
42600000	42649999	1.5750493146959625	1.8054460496	-0.23039673490403745
42650000	42699999	2.0760819188156097	1.8054460496	0.27063586921560967
42700000	42749999	1.8796331492757223	1.8054460496	0.07418709967572235
42750000	42799999	2.263621049209247	1.8054460496	0.458174999609247
42800000	42849999	1.7813211191150269	1.8054460496	-0.024124930484973106
42850000	42899999	2.0683395257579713	1.8054460496	0.2628934761579713
42900000	42949999	1.2491149106554689	1.8054460496	-0.5563311389445311
42950000	42999999	2.0648206667816025	1.8054460496	0.2593746171816025
43000000	43049999	2.4053771714109677	1.8054460496	0.5999311218109677
43050000	43099999	1.6844153432038786	1.8054460496	-0.12103070639612135
43100000	43149999	1.5564841322821854	1.8054460496	-0.24896191731781459
43150000	43199999	1.8379413110944856	1.8054460496	0.03249526149448556
43200000	43249999	2.436841571954529	1.8054460496	0.6313955223545289
43250000	43299999	2.112996498820027	1.8054460496	0.30755044922002694
43300000	43349999	2.21749207026659	1.8054460496	0.4120460206665899
43350000	43399999	1.9618921876780715	1.8054460496	0.1564461380780715
43400000	43449999	1.5014504536755005	1.8054460496	-0.30399559592449954
43450000	43499999	2.1548084989727903	1.8054460496	0.34936244937279026
43500000	43549999	2.1514308831897764	1.8054460496	0.3459848335897764
43550000	43599999	1.795620004911099	1.8054460496	-0.009826044688900915
43600000	43649999	1.6856793167547899	1.8054460496	-0.11976673284521011
43650000	43699999	2.390527236064569	1.8054460496	0.5850811864645689
43700000	43749999	2.1318748349962067	1.8054460496	0.3264287853962067
43750000	43799999	2.3460475351946077	1.8054460496	0.5406014855946077
43800000	43849999	1.6967445083387007	1.8054460496	-0.10870154126129927
43850000	43899999	1.8027754298461136	1.8054460496	-0.002670619753886383
43900000	43949999	1.2623520129959775	1.8054460496	-0.5430940366040224
43950000	43999999	2.591446281775317	1.8054460496	0.7860002321753172
44000000	44049999	1.8966423774897092	1.8054460496	0.09119632788970922
44050000	44099999	2.0482006012925233	1.8054460496	0.24275455169252336
44100000	44149999	2.2837385064038758	1.8054460496	0.4782924568038758
44150000	44199999	1.8926698438474263	1.8054460496	0.08722379424742632
44200000	44249999	2.1726166648683547	1.8054460496	0.3671706152683547
44250000	44299999	2.1098523616543714	1.8054460496	0.3044063120543714
44300000	44349999	0.7767616323	1.8054460496	-1.0286844173
44350000	44399999	2.074539398527857	1.8054460496	0.2690933489278571
44400000	44449999	2.309042248906311	1.8054460496	0.5035961993063109
44450000	44499999	1.9400601149684826	1.8054460496	0.13461406536848264
44500000	44549999	2.1362329911860307	1.8054460496	0.3307869415860307
44550000	44599999	1.9536452686501908	1.8054460496	0.14819921905019084
44600000	44649999	1.8164771460241935	1.8054460496	0.011031096424193532
44650000	44699999	1.9588997880387247	1.8054460496	0.15345373843872467
44700000	44749999	1.8039164685144122	1.8054460496	-0.0015295810855877612
44750000	44799999	2.1444240272303574	1.8054460496	0.3389779776303574
44800000	44849999	2.2367996730549407	1.8054460496	0.43135362345494066
44850000	44899999	2.336514168666905	1.8054460496	0.5310681190669051
44900000	44949999	1.866918822635727	1.8054460496	0.06147277303572696
44950000	44999999	1.3483084731999542	1.8054460496	-0.4571375764000458
45000000	45049999	0.8247815923	1.8054460496	-0.9806644573
45050000	45099999	1.4641026425616457	1.8054460496	-0.3413434070383543
45100000	45149999	2.832817669399414	1.8054460496	1.027371619799414
45150000	45199999	1.7398202227257844	1.8054460496	-0.06562582687421559
45200000	45249999	2.49162754613136	1.8054460496	0.68618149653136
45250000	45299999	2.433559516996863	1.8054460496	0.6281134673968629
45300000	45349999	2.079465844491917	1.8054460496	0.2740197948919172
45350000	45399999	1.3686443591778839	1.8054460496	-0.43680169042211614
45400000	45449999	2.0935857564127396	1.8054460496	0.2881397068127396
45450000	45499999	1.8918649892493624	1.8054460496	0.08641893964936243
45500000	45549999	2.370497286919858	1.8054460496	0.565051237319858
45550000	45599999	2.1302978492807982	1.8054460496	0.32485179968079825
45600000	45649999	2.140138465162506	1.8054460496	0.3346924155625062
45650000	45699999	1.6792417824682373	1.8054460496	-0.1262042671317627
45700000	45749999	2.216976975625125	1.8054460496	0.411530926025125
45750000	45799999	2.6595559991184263	1.8054460496	0.8541099495184263
45800000	45849999	1.893603773213489	1.8054460496	0.08815772361348895
45850000	45899999	1.4082343412965392	1.8054460496	-0.39721170830346075
45900000	45949999	1.9957893700367935	1.8054460496	0.19034332043679347
45950000	45999999	2.2372412891171325	1.8054460496	0.4317952395171325
46000000	46049999	2.0041410042429093	1.8054460496	0.19869495464290932
46050000	46099999	2.2609776073231385	1.8054460496	0.45553155772313847
46100000	46149999	2.255180949084653	1.8054460496	0.44973489948465284
46150000	46199999	1.651373655602359	1.8054460496	-0.15407239399764094
46200000	46249999	2.296742429120108	1.8054460496	0.49129637952010796
46250000	46299999	1.613555920615866	1.8054460496	-0.19189012898413393
46300000	46349999	1.6580941790429633	1.8054460496	-0.1473518705570367
46350000	46399999	1.8660948013564487	1.8054460496	0.06064875175644868
46400000	46449999	1.9718588021860795	1.8054460496	0.16641275258607946
46450000	46499999	2.2324442982905457	1.8054460496	0.4269982486905457
46500000	46549999	1.5436926593822249	1.8054460496	-0.2617533902177751
46550000	46599999	2.1996126804763394	1.8054460496	0.3941666308763394
46600000	46649999	2.6159176278832277	1.8054460496	0.8104715782832277
46650000	46699999	2.6546141627088318	1.8054460496	0.8491681131088318
46700000	46749999	2.1382310061120577	1.8054460496	0.33278495651205775
46750000	46799999	1.5079760907697053	1.8054460496	-0.2974699588302947
46800000	46849999	1.9266232176366578	1.8054460496	0.12117716803665779
46850000	46899999	1.4422557499715913	1.8054460496	-0.36319029962840865
46900000	46949999	2.5189977899702454	1.8054460496	0.7135517403702454
46950000	46999999	2.2715043083175352	1.8054460496	0.46605825871753526
47000000	47049999	1.7252190631660644	1.8054460496	-0.08022698643393555
47050000	47099999	2.245959305569429	1.8054460496	0.4405132559694289
47100000	47149999	2.2173800625555358	1.8054460496	0.4119340129555358
47150000	47199999	2.543932886811023	1.8054460496	0.7384868372110232
47200000	47249999	1.67325834094328	1.8054460496	-0.13218770865672003
47250000	47299999	2.042262458940448	1.8054460496	0.2368164093404479
47300000	47349999	2.2037696917550504	1.8054460496	0.39832364215505045
47350000	47399999	1.807248847432501	1.8054460496	0.0018027978325010352
47400000	47449999	2.8856477757	1.8054460496	1.0802017260999999
47450000	47499999	1.970649006052592	1.8054460496	0.1652029564525921
47500000	47549999	1.2243967893516725	1.8054460496	-0.5810492602483275
47550000	47599999	2.342146361489111	1.8054460496	0.5367003118891112
47600000	47649999	2.2737262190126586	1.8054460496	0.4682801694126586
47650000	47699999	1.9878290831340775	1.8054460496	0.18238303353407748
47700000	47749999	2.1928252238045105	1.8054460496	0.3873791742045105
47750000	47799999	1.1206813695102356	1.8054460496	-0.6847646800897644
47800000	47849999	2.5061589617004576	1.8054460496	0.7007129121004576
47850000	47899999	2.3165431801022	1.8054460496	0.5110971305022001
47900000	47949999	1.0802068182029054	1.8054460496	-0.7252392313970946
47950000	47999999	2.1218907266512392	1.8054460496	0.31644467705123924
48000000	48049999	2.1045328670355072	1.8054460496	0.29908681743550725
48050000	48099999	2.543351179832434	1.8054460496	0.7379051302324342
48100000	48149999	2.517988813565924	1.8054460496	0.7125427639659239
48150000	48199999	1.7504550577760627	1.8054460496	-0.054990991823937296
48200000	48249999	1.3301452634783812	1.8054460496	-0.47530078612161875
48250000	48299999	1.5720320707253341	1.8054460496	-0.23341397887466586
48300000	48349999	2.1823712545309846	1.8054460496	0.3769252049309846
48350000	48399999	1.9587175369312417	1.8054460496	0.15327148733124174
48400000	48449999	0.6893291804709656	1.8054460496	-1.1161168691290344
48450000	48499999	0.9350307142288391	1.8054460496	-0.8704153353711609
48500000	48549999	2.8303176612	1.8054460496	1.0248716116
48550000	48599999	2.394925617850946	1.8054460496	0.5894795682509462
48600000	48649999	1.7487708316997488	1.8054460496	-0.05667521790025121
48650000	48699999	1.8478361869337507	1.8054460496	0.042390137333750744
48700000	48749999	2.5540879693224916	1.8054460496	0.7486419197224916
48750000	48799999	1.7013821371553863	1.8054460496	-0.10406391244461366
48800000	48849999	1.6413709997132568	1.8054460496	-0.16407504988674315
48850000	48899999	2.1065911593466735	1.8054460496	0.3011451097466735
48900000	48949999	2.3627884266484465	1.8054460496	0.5573423770484465
48950000	48999999	1.444795876750348	1.8054460496	-0.36065017284965206
49000000	49049999	2.235322339310156	1.8054460496	0.429876289710156
49050000	49099999	2.180913673529886	1.8054460496	0.375467623929886
49100000	49149999	1.0914749031895385	1.8054460496	-0.7139711464104614
49150000	49199999	2.1232730544405913	1.8054460496	0.31782700484059134
49200000	49249999	2.9561834063371153	1.8054460496	1.1507373567371153
49250000	49299999	2.010290196354795	1.8054460496	0.204844146754795
49300000	49349999	1.9585401998682612	1.8054460496	0.15309415026826123
49350000	49399999	2.3478230607695876	1.8054460496	0.5423770111695876
49400000	49449999	2.8598425904459046	1.8054460496	1.0543965408459046
49450000	49499999	1.582847264846356	1.8054460496	-0.22259878475364392
49500000	49549999	1.6584095762430358	1.8054460496	-0.14703647335696424
49550000	49599999	1.7308607512837706	1.8054460496	-0.0745852983162294
49600000	49649999	2.284533937873706	1.8054460496	0.47908788827370596
49650000	49699999	2.4061726259896545	1.8054460496	0.6007265763896545
49700000	49749999	1.349673582633197	1.8054460496	-0.45577246696680307
49750000	49799999	2.335518302443805	1.8054460496	0.5300722528438051
49800000	49849999	2.336261924738562	1.8054460496	0.5308158751385621
49850000	49899999	2.260099502580325	1.8054460496	0.4546534529803252
49900000	49949999	2.5496476177792267	1.8054460496	0.7442015681792267
49950000	49999999	1.3822282604825258	1.8054460496	-0.4232177891174742
50000000	50049999	2.272156899019806	1.8054460496	0.466710849419806
50050000	50099999	1.9012615580299843	1.8054460496	0.09581550842998432
50100000	50149999	2.3305787249560423	1.8054460496	0.5251326753560424
50150000	50199999	1.4683859247175537	1.8054460496	-0.3370601248824463
50200000	50249999	2.2729298759990906	1.8054460496	0.4674838263990906
50250000	50299999	2.2890530029136533	1.8054460496	0.48360695331365333
50300000	50349999	2.1870609041110596	1.8054460496	0.3816148545110596
50350000	50399999	1.7733487437314208	1.8054460496	-0.03209730586857917
50400000	50449999	1.3510208470575196	1.8054460496	-0.4544252025424804
50450000	50499999	1.902205130609346	1.8054460496	0.09675908100934594
50500000	50549999	2.2349610362402803	1.8054460496	0.4295149866402803
50550000	50599999	1.6108431982057145	1.8054460496	-0.19460285139428546
50600000	50649999	0.8543789635	1.8054460496	-0.9510670861
50650000	50699999	1.7117875333148058	1.8054460496	-0.09365851628519417
50700000	50749999	2.34002045354599	1.8054460496	0.5345744039459901
50750000	50799999	2.1424037027149443	1.8054460496	0.3369576531149443
50800000	50849999	1.5071701140107163	1.8054460496	-0.29827593558928367
50850000	50899999	1.6901776508400208	1.8054460496	-0.11526839875997918
50900000	50949999	2.7248619712	1.8054460496	0.9194159216000002
50950000	50999999	1.2383958722208466	1.8054460496	-0.5670501773791534
51000000	51049999	1.253093622635956	1.8054460496	-0.5523524269640441
51050000	51099999	2.1225190297180085	1.8054460496	0.31707298011800855
51100000	51149999	2.1272024220236387	1.8054460496	0.32175637242363875
51150000	51199999	1.6488535480808983	1.8054460496	-0.15659250151910165
51200000	51249999	2.2455485679657285	1.8054460496	0.44010251836572856
51250000	51299999	1.603362029059677	1.8054460496	-0.20208402054032293
51300000	51349999	2.066885358958128	1.8054460496	0.2614393093581282
51350000	51399999	2.3331714711729155	1.8054460496	0.5277254215729155
51400000	51449999	1.4856735620961914	1.8054460496	-0.3197724875038086
51450000	51499999	2.131600040081427	1.8054460496	0.3261539904814268
51500000	51549999	2.2593446127043944	1.8054460496	0.45389856310439436
51550000	51599999	1.9361128385746889	1.8054460496	0.13066678897468886
51600000	51649999	1.4822373349432953	1.8054460496	-0.32320871465670464
51650000	51699999	1.7541352982092233	1.8054460496	-0.05131075139077668
51700000	51749999	2.8174158195108703	1.8054460496	1.0119697699108703
51750000	51799999	1.845196423972706	1.8054460496	0.0397503743727059
51800000	51849999	1.2933334475404723	1.8054460496	-0.5121126020595277
51850000	51899999	2.4719224294234987	1.8054460496	0.6664763798234987
51900000	51949999	1.5490001557055146	1.8054460496	-0.25644589389448535
51950000	51999999	1.977919490520876	1.8054460496	0.1724734409208759
52000000	52049999	2.9520929251803163	1.8054460496	1.1466468755803163
52050000	52099999	2.644197228952179	1.8054460496	0.8387511793521791
52100000	52149999	1.5667412373113465	1.8054460496	-0.23870481228865348
52150000	52199999	1.344080027625067	1.8054460496	-0.4613660219749329
52200000	52249999	2.255424920571561	1.8054460496	0.44997887097156086
52250000	52299999	2.0699971849997305	1.8054460496	0.2645511353997305
52300000	52349999	1.4036958724868835	1.8054460496	-0.40175017711311645
52350000	52399999	1.7116649849167085	1.8054460496	-0.0937810646832915
52400000	52449999	2.0140572030206894	1.8054460496	0.20861115342068937
52450000	52499999	2.2459518319053315	1.8054460496	0.44050578230533155
52500000	52549999	1.987188304217395	1.8054460496	0.18174225461739502
52550000	52599999	2.0130681086948465	1.8054460496	0.20762205909484654
52600000	52649999	1.7082499458211853	1.8054460496	-0.09719610377881471
52650000	52699999	2.132355841649649	1.8054460496	0.3269097920496491
52700000	52749999	1.5243413871076692	1.8054460496	-0.2811046624923308
52750000	52799999	0.9321835385711914	1.8054460496	-0.8732625110288086
52800000	52849999	1.4126531697276308	1.8054460496	-0.3927928798723692
52850000	52899999	1.5731748594195891	1.8054460496	-0.23227119018041087
52900000	52949999	1.9094799356586334	1.8054460496	0.1040338860586334
52950000	52999999	1.3983131739964159	1.8054460496	-0.40713287560358413
53000000	53049999	1.6949082230175567	1.8054460496	-0.11053782658244327
53050000	53099999	1.7214753983879318	1.8054460496	-0.08397065121206815
53100000	53149999	1.53996125389942	1.8054460496	-0.2654847957005799
53150000	53199999	2.244518179798697	1.8054460496	0.43907213019869706
53200000	53249999	1.6332514210280151	1.8054460496	-0.17219462857198486
53250000	53299999	1.852260110379619	1.8054460496	0.04681406077961903
53300000	53349999	1.953465356109696	1.8054460496	0.14801930650969597
53350000	53399999	2.0322318107276245	1.8054460496	0.2267857611276245
53400000	53449999	2.043387543734236	1.8054460496	0.23794149413423593
53450000	53499999	1.573804146363742	1.8054460496	-0.231641903236258
53500000	53549999	1.516268606654364	1.8054460496	-0.28917744294563597
53550000	53599999	1.674732860117912	1.8054460496	-0.1307131894820881
53600000	53649999	1.9163351232992538	1.8054460496	0.11088907369925383
53650000	53699999	1.3727096633078522	1.8054460496	-0.43273638629214783
53700000	53749999	1.1166883644130126	1.8054460496	-0.6887576851869874
53750000	53799999	1.4216735339025854	1.8054460496	-0.38377251569741455
53800000	53849999	1.412378129076584	1.8054460496	-0.393067920523416
53850000	53899999	1.6088685705887404	1.8054460496	-0.19657747901125955
53900000	53949999	1.519081353145456	1.8054460496	-0.2863646964545441
53950000	53999999	2.2725321529959532	1.8054460496	0.46708610339595324
54000000	54049999	1.3714405750746126	1.8054460496	-0.4340054745253874
54050000	54099999	1.5290715967413768	1.8054460496	-0.27637445285862317
54100000	54149999	1.7852725495057786	1.8054460496	-0.020173500094221364
54150000	54199999	1.8756112874956559	1.8054460496	0.07016523789565587
54200000	54249999	1.6666727560986168	1.8054460496	-0.13877329350138323
54250000	54299999	1.2048440792642272	1.8054460496	-0.6006019703357728
54300000	54349999	1.2626728553148192	1.8054460496	-0.5427731942851808
54350000	54399999	2.123532126686893	1.8054460496	0.31808607708689296
54400000	54449999	1.8951531125144256	1.8054460496	0.08970706291442565
54450000	54499999	2.252529780256799	1.8054460496	0.4470837306567992
54500000	54549999	1.5873045507386963	1.8054460496	-0.21814149886130374
54550000	54599999	0.9324197363680237	1.8054460496	-0.8730263132319763
54600000	54649999	0.933899400811792	1.8054460496	-0.871546648788208
54650000	54699999	2.1016686654641266	1.8054460496	0.29622261586412657
54700000	54749999	1.7941511156451613	1.8054460496	-0.011294933954838715
54750000	54799999	1.55467725732229	1.8054460496	-0.25076879227771
54800000	54849999	1.8453053564561919	1.8054460496	0.03985930685619188
54850000	54899999	2.144582397089996	1.8054460496	0.3391363474899962
54900000	54949999	1.2524946710348084	1.8054460496	-0.5529513785651916
54950000	54999999	0.9397781314135926	1.8054460496	-0.8656679181864074
55000000	55049999	1.513163455461058	1.8054460496	-0.292282594138942
55050000	55099999	2.4766697678561096	1.8054460496	0.6712237182561096
55100000	55149999	1.8711922683403748	1.8054460496	0.06574621874037478
55150000	55199999	1.6333665561114914	1.8054460496	-0.1720794934885086
55200000	55249999	1.3784148259499729	1.8054460496	-0.4270312236500271
55250000	55299999	1.190649453319442	1.8054460496	-0.6147965962805579
55300000	55349999	0.9611854226339149	1.8054460496	-0.8442606269660851
55350000	55399999	1.0857995212336853	1.8054460496	-0.7196465283663147
55400000	55449999	2.2073772386472807	1.8054460496	0.40193118904728076
55450000	55499999	2.443784346093219	1.8054460496	0.6383382964932189
55500000	55549999	2.0455725925636963	1.8054460496	0.2401265429636963
55550000	55599999	1.3515927044235565	1.8054460496	-0.4538533451764435
55600000	55649999	1.6784055566547211	1.8054460496	-0.12704049294527886
55650000	55699999	1.6231089670105758	1.8054460496	-0.18233708258942416
55700000	55749999	1.9531669554311089	1.8054460496	0.14772090583110886
55750000	55799999	2.053637387198822	1.8054460496	0.24819133759882206
55800000	55849999	2.5018972617363953	1.8054460496	0.6964512121363953
55850000	55899999	2.4003442548638	1.8054460496	0.5948982052637999
55900000	55949999	1.5674410758967072	1.8054460496	-0.23800497370329277
55950000	55999999	1.684278314963926	1.8054460496	-0.121167734636074
56000000	56049999	1.398119040824347	1.8054460496	-0.4073270087756531
56050000	56099999	2.6554664428617674	1.8054460496	0.8500203932617674
56100000	56149999	2.0914430227703122	1.8054460496	0.28599697317031225
56150000	56199999	0.7586692456000002	1.8054460496	-1.0467768039999998
56200000	56249999	1.200894816437381	1.8054460496	-0.604551233162619
56250000	56299999	2.0665445300228944	1.8054460496	0.2610984804228944
56300000	56349999	1.9386244658882874	1.8054460496	0.13317841628828742
56350000	56399999	1.666640290212877	1.8054460496	-0.13880575938712303
56400000	56449999	1.854819918061525	1.8054460496	0.04937386846152503
56450000	56499999	1.7533983626644802	1.8054460496	-0.052047686935519755
56500000	56549999	1.326002425472412	1.8054460496	-0.4794436241275879
56550000	56599999	0.7294949398999999	1.8054460496	-1.0759511097
56600000	56649999	1.9382086748963316	1.8054460496	0.13276262529633165
56650000	56699999	1.7924764730514924	1.8054460496	-0.012969576548507611
56700000	56749999	1.8388859973363938	1.8054460496	0.033439947736393805
56750000	56799999	2.0088978407102975	1.8054460496	0.20345179111029754
56800000	56849999	1.8621520899420774	1.8054460496	0.05670604034207738
56850000	56899999	1.3613075086836122	1.8054460496	-0.4441385409163878
56900000	56949999	1.349267299949469	1.8054460496	-0.45617874965053096
56950000	56999999	1.2524783115429536	1.8054460496	-0.5529677380570464
57000000	57049999	1.4650234336573846	1.8054460496	-0.34042261594261536
57050000	57099999	1.342633445617674	1.8054460496	-0.46281260398232593
57100000	57149999	1.2639761373670195	1.8054460496	-0.5414699122329805
57150000	57199999	1.1649785130599213	1.8054460496	-0.6404675365400787
57200000	57249999	1.1273353423699248	1.8054460496	-0.6781107072300752
57250000	57299999	1.221666838426648	1.8054460496	-0.583779211173352
57300000	57349999	1.3274333449797668	1.8054460496	-0.47801270462023315
57350000	57399999	1.2898054150031448	1.8054460496	-0.5156406345968552
57400000	57449999	1.372098992632016	1.8054460496	-0.43334705696798403
57450000	57499999	1.2345121689455918	1.8054460496	-0.5709338806544082
57500000	57549999	1.1657664200595406	1.8054460496	-0.6396796295404594
57550000	57599999	0.7903155143711671	1.8054460496	-1.015130535228833
57600000	57649999	0.7834040741733337	1.8054460496	-1.0220419754266663
57650000	57699999	1.1874132829506348	1.8054460496	-0.6180327666493652
57700000	57749999	1.4216513981312104	1.8054460496	-0.38379465146878955
57750000	57799999	1.6903923738035216	1.8054460496	-0.1150536757964784
57800000	57849999	1.9172855115684395	1.8054460496	0.11183946196843952
57850000	57899999	1.6177690001306106	1.8054460496	-0.18767704946938935
57900000	57949999	1.2348691907865539	1.8054460496	-0.5705768588134461
57950000	57999999	1.1257470233795805	1.8054460496	-0.6796990262204194
58000000	58049999	1.3862925295541673	1.8054460496	-0.41915352004583273
58050000	58099999	1.2650999214068146	1.8054460496	-0.5403461281931854
58100000	58149999	1.9091540647644423	1.8054460496	0.10370801516444228
58150000	58199999	2.017585935626781	1.8054460496	0.2121398860267809
58200000	58249999	1.5616103930812804	1.8054460496	-0.24383565651871963
58250000	58299999	1.4779622258974854	1.8054460496	-0.3274838237025146
58300000	58349999	1.8764112040255054	1.8054460496	0.07096515442550544
58350000	58399999	1.2493491348665557	1.8054460496	-0.5560969147334442
58400000	58449999	1.0029839665275635	1.8054460496	-0.8024620830724365
58450000	58499999	1.3721535772678375	1.8054460496	-0.4332924723321625
58500000	58549999	1.3663600605622221	1.8054460496	-0.43908598903777785
58550000	58599999	1.690930562071093	1.8054460496	-0.11451548752890695
58600000	58649999	1.396171838906262	1.8054460496	-0.4092742106937379
58650000	58699999	0.9779026938221008	1.8054460496	-0.8275433557778992
58700000	58749999	1.3344934543011626	1.8054460496	-0.4709525952988374
58750000	58799999	2.185400952004309	1.8054460496	0.3799549024043092
58800000	58849999	1.7192346718401512	1.8054460496	-0.08621137775984877
58850000	58899999	2.011575725038475	1.8054460496	0.20612967543847516
58900000	58949999	2.067945773036272	1.8054460496	0.2624997234362718
58950000	58999999	1.8654857030014815	1.8054460496	0.06003965340148154
59000000	59049999	1.8007060957557082	1.8054460496	-0.004739953844291822
59050000	59099999	1.7844693758	1.8054460496	-0.0209766737999999
59100000	59149999	1.0388979421	1.8054460496	-0.7665481075
