start	end	obs	exp	var
0	49999	1.8272472979800598	1.8272472979800598	0.0
50000	99999	1.2404654981868164	1.8272472979800598	-0.5867817997932434
100000	149999	1.2404654981868164	1.8272472979800598	-0.5867817997932434
150000	199999	1.2404654981868164	1.8272472979800598	-0.5867817997932434
200000	249999	1.2404654981868164	1.8272472979800598	-0.5867817997932434
250000	299999	1.2404654981868164	1.8272472979800598	-0.5867817997932434
300000	349999	1.2404654981868164	1.8272472979800598	-0.5867817997932434
350000	399999	1.2404654981868164	1.8272472979800598	-0.5867817997932434
400000	449999	1.2404654981868164	1.8272472979800598	-0.5867817997932434
450000	499999	1.2404654981868164	1.8272472979800598	-0.5867817997932434
500000	549999	1.2404654981868164	1.8272472979800598	-0.5867817997932434
550000	599999	1.2404654981868164	1.8272472979800598	-0.5867817997932434
600000	649999	1.2404654981868164	1.8272472979800598	-0.5867817997932434
650000	699999	1.2404654981868164	1.8272472979800598	-0.5867817997932434
700000	749999	1.2404654981868164	1.8272472979800598	-0.5867817997932434
750000	799999	1.2404654981868164	1.8272472979800598	-0.5867817997932434
800000	849999	1.2404654981868164	1.8272472979800598	-0.5867817997932434
850000	899999	1.2404654981868164	1.8272472979800598	-0.5867817997932434
900000	949999	1.2404654981868164	1.8272472979800598	-0.5867817997932434
950000	999999	1.2404654981868164	1.8272472979800598	-0.5867817997932434
1000000	1049999	1.2404654981868164	1.8272472979800598	-0.5867817997932434
1050000	1099999	1.2404654981868164	1.8272472979800598	-0.5867817997932434
1100000	1149999	1.2404654981868164	1.8272472979800598	-0.5867817997932434
1150000	1199999	1.2404654981868164	1.8272472979800598	-0.5867817997932434
1200000	1249999	1.2404654981868164	1.8272472979800598	-0.5867817997932434
1250000	1299999	1.2404654981868164	1.8272472979800598	-0.5867817997932434
1300000	1349999	1.2404654981868164	1.8272472979800598	-0.5867817997932434
1350000	1399999	1.2404654981868164	1.8272472979800598	-0.5867817997932434
1400000	1449999	1.2404654981868164	1.8272472979800598	-0.5867817997932434
1450000	1499999	1.2404654981868164	1.8272472979800598	-0.5867817997932434
1500000	1549999	1.2404654981868164	1.8272472979800598	-0.5867817997932434
1550000	1599999	1.2404654981868164	1.8272472979800598	-0.5867817997932434
1600000	1649999	1.2404654981868164	1.8272472979800598	-0.5867817997932434
1650000	1699999	1.2404654981868164	1.8272472979800598	-0.5867817997932434
1700000	1749999	1.2404654981868164	1.8272472979800598	-0.5867817997932434
1750000	1799999	1.2404654981868164	1.8272472979800598	-0.5867817997932434
1800000	1849999	1.2404654981868164	1.8272472979800598	-0.5867817997932434
1850000	1899999	1.2404654981868164	1.8272472979800598	-0.5867817997932434
1900000	1949999	1.2404654981868164	1.8272472979800598	-0.5867817997932434
1950000	1999999	1.2404654981868164	1.8272472979800598	-0.5867817997932434
2000000	2049999	1.2404654981868164	1.8272472979800598	-0.5867817997932434
2050000	2099999	1.2404654981868164	1.8272472979800598	-0.5867817997932434
2100000	2149999	1.2404654981868164	1.8272472979800598	-0.5867817997932434
2150000	2199999	1.2404654981868164	1.8272472979800598	-0.5867817997932434
2200000	2249999	1.2404654981868164	1.8272472979800598	-0.5867817997932434
2250000	2299999	1.2404654981868164	1.8272472979800598	-0.5867817997932434
2300000	2349999	1.2404654981868164	1.8272472979800598	-0.5867817997932434
2350000	2399999	1.2404654981868164	1.8272472979800598	-0.5867817997932434
2400000	2449999	1.2404654981868164	1.8272472979800598	-0.5867817997932434
2450000	2499999	1.2404654981868164	1.8272472979800598	-0.5867817997932434
2500000	2549999	1.2404654981868164	1.8272472979800598	-0.5867817997932434
2550000	2599999	1.2404654981868164	1.8272472979800598	-0.5867817997932434
2600000	2649999	1.2404654981868164	1.8272472979800598	-0.5867817997932434
2650000	2699999	1.2404654981868164	1.8272472979800598	-0.5867817997932434
2700000	2749999	1.2404654981868164	1.8272472979800598	-0.5867817997932434
2750000	2799999	1.2404654981868164	1.8272472979800598	-0.5867817997932434
2800000	2849999	1.2404654981868164	1.8272472979800598	-0.5867817997932434
2850000	2899999	1.2404654981868164	1.8272472979800598	-0.5867817997932434
2900000	2949999	1.2404654981868164	1.8272472979800598	-0.5867817997932434
2950000	2999999	1.2404654981868164	1.8272472979800598	-0.5867817997932434
3000000	3049999	1.2404654981868164	1.8272472979800598	-0.5867817997932434
3050000	3099999	1.2404654981868164	1.8272472979800598	-0.5867817997932434
3100000	3149999	1.2404654981868164	1.8272472979800598	-0.5867817997932434
3150000	3199999	1.2404654981868164	1.8272472979800598	-0.5867817997932434
3200000	3249999	1.2404654981868164	1.8272472979800598	-0.5867817997932434
3250000	3299999	1.2404654981868164	1.8272472979800598	-0.5867817997932434
3300000	3349999	1.2404654981868164	1.8272472979800598	-0.5867817997932434
3350000	3399999	1.2404654981868164	1.8272472979800598	-0.5867817997932434
3400000	3449999	1.2404654981868164	1.8272472979800598	-0.5867817997932434
3450000	3499999	1.2404654981868164	1.8272472979800598	-0.5867817997932434
3500000	3549999	1.2404654981868164	1.8272472979800598	-0.5867817997932434
3550000	3599999	1.2404654981868164	1.8272472979800598	-0.5867817997932434
3600000	3649999	1.2404654981868164	1.8272472979800598	-0.5867817997932434
3650000	3699999	1.2404654981868164	1.8272472979800598	-0.5867817997932434
3700000	3749999	1.2404654981868164	1.8272472979800598	-0.5867817997932434
3750000	3799999	1.2404654981868164	1.8272472979800598	-0.5867817997932434
3800000	3849999	1.2404654981868164	1.8272472979800598	-0.5867817997932434
3850000	3899999	1.2404654981868164	1.8272472979800598	-0.5867817997932434
3900000	3949999	1.2404654981868164	1.8272472979800598	-0.5867817997932434
3950000	3999999	1.2404654981868164	1.8272472979800598	-0.5867817997932434
4000000	4049999	1.2404654981868164	1.8272472979800598	-0.5867817997932434
4050000	4099999	1.2404654981868164	1.8272472979800598	-0.5867817997932434
4100000	4149999	1.2404654981868164	1.8272472979800598	-0.5867817997932434
4150000	4199999	1.2404654981868164	1.8272472979800598	-0.5867817997932434
4200000	4249999	1.2404654981868164	1.8272472979800598	-0.5867817997932434
4250000	4299999	1.2404654981868164	1.8272472979800598	-0.5867817997932434
4300000	4349999	1.2404654981868164	1.8272472979800598	-0.5867817997932434
4350000	4399999	1.2404654981868164	1.8272472979800598	-0.5867817997932434
4400000	4449999	1.2404654981868164	1.8272472979800598	-0.5867817997932434
4450000	4499999	1.2404654981868164	1.8272472979800598	-0.5867817997932434
4500000	4549999	1.2404654981868164	1.8272472979800598	-0.5867817997932434
4550000	4599999	1.2404654981868164	1.8272472979800598	-0.5867817997932434
4600000	4649999	1.2404654981868164	1.8272472979800598	-0.5867817997932434
4650000	4699999	1.2404654981868164	1.8272472979800598	-0.5867817997932434
4700000	4749999	1.2404654981868164	1.8272472979800598	-0.5867817997932434
4750000	4799999	1.2404654981868164	1.8272472979800598	-0.5867817997932434
4800000	4849999	1.2404654981868164	1.8272472979800598	-0.5867817997932434
4850000	4899999	1.2404654981868164	1.8272472979800598	-0.5867817997932434
4900000	4949999	1.2404654981868164	1.8272472979800598	-0.5867817997932434
4950000	4999999	1.2404654981868164	1.8272472979800598	-0.5867817997932434
5000000	5049999	1.2404654981868164	1.8272472979800598	-0.5867817997932434
5050000	5099999	1.2404654981868164	1.8272472979800598	-0.5867817997932434
5100000	5149999	1.2404654981868164	1.8272472979800598	-0.5867817997932434
5150000	5199999	1.2404654981868164	1.8272472979800598	-0.5867817997932434
5200000	5249999	1.2404654981868164	1.8272472979800598	-0.5867817997932434
5250000	5299999	1.2404654981868164	1.8272472979800598	-0.5867817997932434
5300000	5349999	1.2404654981868164	1.8272472979800598	-0.5867817997932434
5350000	5399999	1.2404654981868164	1.8272472979800598	-0.5867817997932434
5400000	5449999	1.2404654981868164	1.8272472979800598	-0.5867817997932434
5450000	5499999	1.2404654981868164	1.8272472979800598	-0.5867817997932434
5500000	5549999	1.2404654981868164	1.8272472979800598	-0.5867817997932434
5550000	5599999	1.2404654981868164	1.8272472979800598	-0.5867817997932434
5600000	5649999	1.2404654981868164	1.8272472979800598	-0.5867817997932434
5650000	5699999	1.2404654981868164	1.8272472979800598	-0.5867817997932434
5700000	5749999	1.2404654981868164	1.8272472979800598	-0.5867817997932434
5750000	5799999	1.2404654981868164	1.8272472979800598	-0.5867817997932434
5800000	5849999	1.2404654981868164	1.8272472979800598	-0.5867817997932434
5850000	5899999	1.2404654981868164	1.8272472979800598	-0.5867817997932434
5900000	5949999	1.2404654981868164	1.8272472979800598	-0.5867817997932434
5950000	5999999	1.2404654981868164	1.8272472979800598	-0.5867817997932434
6000000	6049999	1.2404654981868164	1.8272472979800598	-0.5867817997932434
6050000	6099999	1.2404654981868164	1.8272472979800598	-0.5867817997932434
6100000	6149999	1.2404654981868164	1.8272472979800598	-0.5867817997932434
6150000	6199999	1.2404654981868164	1.8272472979800598	-0.5867817997932434
6200000	6249999	1.2404654981868164	1.8272472979800598	-0.5867817997932434
6250000	6299999	1.2404654981868164	1.8272472979800598	-0.5867817997932434
6300000	6349999	1.2404654981868164	1.8272472979800598	-0.5867817997932434
6350000	6399999	1.2404654981868164	1.8272472979800598	-0.5867817997932434
6400000	6449999	1.2404654981868164	1.8272472979800598	-0.5867817997932434
6450000	6499999	1.2404654981868164	1.8272472979800598	-0.5867817997932434
6500000	6549999	1.2404654981868164	1.8272472979800598	-0.5867817997932434
6550000	6599999	1.2404654981868164	1.8272472979800598	-0.5867817997932434
6600000	6649999	1.2404654981868164	1.8272472979800598	-0.5867817997932434
6650000	6699999	1.2404654981868164	1.8272472979800598	-0.5867817997932434
6700000	6749999	1.2404654981868164	1.8272472979800598	-0.5867817997932434
6750000	6799999	1.2404654981868164	1.8272472979800598	-0.5867817997932434
6800000	6849999	1.2404654981868164	1.8272472979800598	-0.5867817997932434
6850000	6899999	1.2404654981868164	1.8272472979800598	-0.5867817997932434
6900000	6949999	1.2404654981868164	1.8272472979800598	-0.5867817997932434
6950000	6999999	1.2404654981868164	1.8272472979800598	-0.5867817997932434
7000000	7049999	1.2404654981868164	1.8272472979800598	-0.5867817997932434
7050000	7099999	1.2404654981868164	1.8272472979800598	-0.5867817997932434
7100000	7149999	1.2404654981868164	1.8272472979800598	-0.5867817997932434
7150000	7199999	1.2404654981868164	1.8272472979800598	-0.5867817997932434
7200000	7249999	1.2404654981868164	1.8272472979800598	-0.5867817997932434
7250000	7299999	1.2404654981868164	1.8272472979800598	-0.5867817997932434
7300000	7349999	1.2404654981868164	1.8272472979800598	-0.5867817997932434
7350000	7399999	1.2404654981868164	1.8272472979800598	-0.5867817997932434
7400000	7449999	1.2404654981868164	1.8272472979800598	-0.5867817997932434
7450000	7499999	1.2404654981868164	1.8272472979800598	-0.5867817997932434
7500000	7549999	1.2404654981868164	1.8272472979800598	-0.5867817997932434
7550000	7599999	1.2404654981868164	1.8272472979800598	-0.5867817997932434
7600000	7649999	1.2404654981868164	1.8272472979800598	-0.5867817997932434
7650000	7699999	1.2404654981868164	1.8272472979800598	-0.5867817997932434
7700000	7749999	1.2404654981868164	1.8272472979800598	-0.5867817997932434
7750000	7799999	1.2404654981868164	1.8272472979800598	-0.5867817997932434
7800000	7849999	1.2404654981868164	1.8272472979800598	-0.5867817997932434
7850000	7899999	1.2404654981868164	1.8272472979800598	-0.5867817997932434
7900000	7949999	1.2404654981868164	1.8272472979800598	-0.5867817997932434
7950000	7999999	1.2404654981868164	1.8272472979800598	-0.5867817997932434
8000000	8049999	1.2404654981868164	1.8272472979800598	-0.5867817997932434
8050000	8099999	1.2404654981868164	1.8272472979800598	-0.5867817997932434
8100000	8149999	1.2404654981868164	1.8272472979800598	-0.5867817997932434
8150000	8199999	1.2404654981868164	1.8272472979800598	-0.5867817997932434
8200000	8249999	1.2404654981868164	1.8272472979800598	-0.5867817997932434
8250000	8299999	1.2404654981868164	1.8272472979800598	-0.5867817997932434
8300000	8349999	1.2404654981868164	1.8272472979800598	-0.5867817997932434
8350000	8399999	1.2404654981868164	1.8272472979800598	-0.5867817997932434
8400000	8449999	1.2404654981868164	1.8272472979800598	-0.5867817997932434
8450000	8499999	1.2404654981868164	1.8272472979800598	-0.5867817997932434
8500000	8549999	1.2404654981868164	1.8272472979800598	-0.5867817997932434
8550000	8599999	1.2404654981868164	1.8272472979800598	-0.5867817997932434
8600000	8649999	1.2404654981868164	1.8272472979800598	-0.5867817997932434
8650000	8699999	1.2404654981868164	1.8272472979800598	-0.5867817997932434
8700000	8749999	1.2404654981868164	1.8272472979800598	-0.5867817997932434
8750000	8799999	1.2404654981868164	1.8272472979800598	-0.5867817997932434
8800000	8849999	1.2404654981868164	1.8272472979800598	-0.5867817997932434
8850000	8899999	1.2404654981868164	1.8272472979800598	-0.5867817997932434
8900000	8949999	1.2404654981868164	1.8272472979800598	-0.5867817997932434
8950000	8999999	1.2404654981868164	1.8272472979800598	-0.5867817997932434
9000000	9049999	1.2404654981868164	1.8272472979800598	-0.5867817997932434
9050000	9099999	1.2404654981868164	1.8272472979800598	-0.5867817997932434
9100000	9149999	1.2404654981868164	1.8272472979800598	-0.5867817997932434
9150000	9199999	1.2404654981868164	1.8272472979800598	-0.5867817997932434
9200000	9249999	1.2404654981868164	1.8272472979800598	-0.5867817997932434
9250000	9299999	1.2404654981868164	1.8272472979800598	-0.5867817997932434
9300000	9349999	1.2404654981868164	1.8272472979800598	-0.5867817997932434
9350000	9399999	1.2404654981868164	1.8272472979800598	-0.5867817997932434
9400000	9449999	1.2404654981868164	1.8272472979800598	-0.5867817997932434
9450000	9499999	1.2404654981868164	1.8272472979800598	-0.5867817997932434
9500000	9549999	1.2404654981868164	1.8272472979800598	-0.5867817997932434
9550000	9599999	1.2404654981868164	1.8272472979800598	-0.5867817997932434
9600000	9649999	1.2404654981868164	1.8272472979800598	-0.5867817997932434
9650000	9699999	1.2404654981868164	1.8272472979800598	-0.5867817997932434
9700000	9749999	1.2404654981868164	1.8272472979800598	-0.5867817997932434
9750000	9799999	1.2404654981868164	1.8272472979800598	-0.5867817997932434
9800000	9849999	1.2404654981868164	1.8272472979800598	-0.5867817997932434
9850000	9899999	1.2404654981868164	1.8272472979800598	-0.5867817997932434
9900000	9949999	1.2404654981868164	1.8272472979800598	-0.5867817997932434
9950000	9999999	1.2404654981868164	1.8272472979800598	-0.5867817997932434
10000000	10049999	1.2404654981868164	1.8272472979800598	-0.5867817997932434
10050000	10099999	1.2404654981868164	1.8272472979800598	-0.5867817997932434
10100000	10149999	1.2404654981868164	1.8272472979800598	-0.5867817997932434
10150000	10199999	1.2404654981868164	1.8272472979800598	-0.5867817997932434
10200000	10249999	1.2404654981868164	1.8272472979800598	-0.5867817997932434
10250000	10299999	1.2404654981868164	1.8272472979800598	-0.5867817997932434
10300000	10349999	1.2404654981868164	1.8272472979800598	-0.5867817997932434
10350000	10399999	1.2404654981868164	1.8272472979800598	-0.5867817997932434
10400000	10449999	1.2404654981868164	1.8272472979800598	-0.5867817997932434
10450000	10499999	1.2404654981868164	1.8272472979800598	-0.5867817997932434
10500000	10549999	1.2404654981868164	1.8272472979800598	-0.5867817997932434
10550000	10599999	1.2404654981868164	1.8272472979800598	-0.5867817997932434
10600000	10649999	1.2404654981868164	1.8272472979800598	-0.5867817997932434
10650000	10699999	1.2404654981868164	1.8272472979800598	-0.5867817997932434
10700000	10749999	1.2404654981868164	1.8272472979800598	-0.5867817997932434
10750000	10799999	1.2404654981868164	1.8272472979800598	-0.5867817997932434
10800000	10849999	1.2404654981868164	1.8272472979800598	-0.5867817997932434
10850000	10899999	1.2404654981868164	1.8272472979800598	-0.5867817997932434
10900000	10949999	1.2404654981868164	1.8272472979800598	-0.5867817997932434
10950000	10999999	1.2404654981868164	1.8272472979800598	-0.5867817997932434
11000000	11049999	1.2404654981868164	1.8272472979800598	-0.5867817997932434
11050000	11099999	1.2404654981868164	1.8272472979800598	-0.5867817997932434
11100000	11149999	1.2404654981868164	1.8272472979800598	-0.5867817997932434
11150000	11199999	1.2404654981868164	1.8272472979800598	-0.5867817997932434
11200000	11249999	1.2404654981868164	1.8272472979800598	-0.5867817997932434
11250000	11299999	1.2404654981868164	1.8272472979800598	-0.5867817997932434
11300000	11349999	1.2404654981868164	1.8272472979800598	-0.5867817997932434
11350000	11399999	1.2404654981868164	1.8272472979800598	-0.5867817997932434
11400000	11449999	1.2404654981868164	1.8272472979800598	-0.5867817997932434
11450000	11499999	1.2404654981868164	1.8272472979800598	-0.5867817997932434
11500000	11549999	1.2404654981868164	1.8272472979800598	-0.5867817997932434
11550000	11599999	1.2404654981868164	1.8272472979800598	-0.5867817997932434
11600000	11649999	1.2404654981868164	1.8272472979800598	-0.5867817997932434
11650000	11699999	1.2404654981868164	1.8272472979800598	-0.5867817997932434
11700000	11749999	1.2404654981868164	1.8272472979800598	-0.5867817997932434
11750000	11799999	1.2404654981868164	1.8272472979800598	-0.5867817997932434
11800000	11849999	1.2404654981868164	1.8272472979800598	-0.5867817997932434
11850000	11899999	1.2404654981868164	1.8272472979800598	-0.5867817997932434
11900000	11949999	1.2404654981868164	1.8272472979800598	-0.5867817997932434
11950000	11999999	1.2404654981868164	1.8272472979800598	-0.5867817997932434
12000000	12049999	1.2404654981868164	1.8272472979800598	-0.5867817997932434
12050000	12099999	1.2404654981868164	1.8272472979800598	-0.5867817997932434
12100000	12149999	1.2404654981868164	1.8272472979800598	-0.5867817997932434
12150000	12199999	1.2404654981868164	1.8272472979800598	-0.5867817997932434
12200000	12249999	1.2404654981868164	1.8272472979800598	-0.5867817997932434
12250000	12299999	1.2404654981868164	1.8272472979800598	-0.5867817997932434
12300000	12349999	1.2404654981868164	1.8272472979800598	-0.5867817997932434
12350000	12399999	1.2404654981868164	1.8272472979800598	-0.5867817997932434
12400000	12449999	1.2404654981868164	1.8272472979800598	-0.5867817997932434
12450000	12499999	1.2404654981868164	1.8272472979800598	-0.5867817997932434
12500000	12549999	1.2404654981868164	1.8272472979800598	-0.5867817997932434
12550000	12599999	1.2404654981868164	1.8272472979800598	-0.5867817997932434
12600000	12649999	1.2404654981868164	1.8272472979800598	-0.5867817997932434
12650000	12699999	1.2404654981868164	1.8272472979800598	-0.5867817997932434
12700000	12749999	1.2404654981868164	1.8272472979800598	-0.5867817997932434
12750000	12799999	1.2404654981868164	1.8272472979800598	-0.5867817997932434
12800000	12849999	1.2404654981868164	1.8272472979800598	-0.5867817997932434
12850000	12899999	1.2404654981868164	1.8272472979800598	-0.5867817997932434
12900000	12949999	1.2404654981868164	1.8272472979800598	-0.5867817997932434
12950000	12999999	1.2404654981868164	1.8272472979800598	-0.5867817997932434
13000000	13049999	1.2404654981868164	1.8272472979800598	-0.5867817997932434
13050000	13099999	1.2404654981868164	1.8272472979800598	-0.5867817997932434
13100000	13149999	1.2404654981868164	1.8272472979800598	-0.5867817997932434
13150000	13199999	1.2404654981868164	1.8272472979800598	-0.5867817997932434
13200000	13249999	1.2404654981868164	1.8272472979800598	-0.5867817997932434
13250000	13299999	1.2404654981868164	1.8272472979800598	-0.5867817997932434
13300000	13349999	1.2404654981868164	1.8272472979800598	-0.5867817997932434
13350000	13399999	1.2404654981868164	1.8272472979800598	-0.5867817997932434
13400000	13449999	1.2404654981868164	1.8272472979800598	-0.5867817997932434
13450000	13499999	1.2404654981868164	1.8272472979800598	-0.5867817997932434
13500000	13549999	1.2404654981868164	1.8272472979800598	-0.5867817997932434
13550000	13599999	1.2404654981868164	1.8272472979800598	-0.5867817997932434
13600000	13649999	1.2404654981868164	1.8272472979800598	-0.5867817997932434
13650000	13699999	1.2404654981868164	1.8272472979800598	-0.5867817997932434
13700000	13749999	1.2404654981868164	1.8272472979800598	-0.5867817997932434
13750000	13799999	1.2404654981868164	1.8272472979800598	-0.5867817997932434
13800000	13849999	1.2404654981868164	1.8272472979800598	-0.5867817997932434
13850000	13899999	1.2404654981868164	1.8272472979800598	-0.5867817997932434
13900000	13949999	1.2404654981868164	1.8272472979800598	-0.5867817997932434
13950000	13999999	1.2404654981868164	1.8272472979800598	-0.5867817997932434
14000000	14049999	1.2404654981868164	1.8272472979800598	-0.5867817997932434
14050000	14099999	1.2404654981868164	1.8272472979800598	-0.5867817997932434
14100000	14149999	1.2404654981868164	1.8272472979800598	-0.5867817997932434
14150000	14199999	1.2404654981868164	1.8272472979800598	-0.5867817997932434
14200000	14249999	1.2404654981868164	1.8272472979800598	-0.5867817997932434
14250000	14299999	1.2404654981868164	1.8272472979800598	-0.5867817997932434
14300000	14349999	1.2404654981868164	1.8272472979800598	-0.5867817997932434
14350000	14399999	1.2404654981868164	1.8272472979800598	-0.5867817997932434
14400000	14449999	1.2404654981868164	1.8272472979800598	-0.5867817997932434
14450000	14499999	1.2404654981868164	1.8272472979800598	-0.5867817997932434
14500000	14549999	1.2404654981868164	1.8272472979800598	-0.5867817997932434
14550000	14599999	1.2404654981868164	1.8272472979800598	-0.5867817997932434
14600000	14649999	1.2404654981868164	1.8272472979800598	-0.5867817997932434
14650000	14699999	1.2404654981868164	1.8272472979800598	-0.5867817997932434
14700000	14749999	1.2404654981868164	1.8272472979800598	-0.5867817997932434
14750000	14799999	1.2404654981868164	1.8272472979800598	-0.5867817997932434
14800000	14849999	1.2404654981868164	1.8272472979800598	-0.5867817997932434
14850000	14899999	1.2404654981868164	1.8272472979800598	-0.5867817997932434
14900000	14949999	1.2404654981868164	1.8272472979800598	-0.5867817997932434
14950000	14999999	1.2404654981868164	1.8272472979800598	-0.5867817997932434
15000000	15049999	1.2404654981868164	1.8272472979800598	-0.5867817997932434
15050000	15099999	1.2404654981868164	1.8272472979800598	-0.5867817997932434
15100000	15149999	1.2404654981868164	1.8272472979800598	-0.5867817997932434
15150000	15199999	1.2404654981868164	1.8272472979800598	-0.5867817997932434
15200000	15249999	1.2404654981868164	1.8272472979800598	-0.5867817997932434
15250000	15299999	1.2404654981868164	1.8272472979800598	-0.5867817997932434
15300000	15349999	1.2404654981868164	1.8272472979800598	-0.5867817997932434
15350000	15399999	1.2404654981868164	1.8272472979800598	-0.5867817997932434
15400000	15449999	1.2404654981868164	1.8272472979800598	-0.5867817997932434
15450000	15499999	1.2404654981868164	1.8272472979800598	-0.5867817997932434
15500000	15549999	1.2404654981868164	1.8272472979800598	-0.5867817997932434
15550000	15599999	1.2404654981868164	1.8272472979800598	-0.5867817997932434
15600000	15649999	1.2404654981868164	1.8272472979800598	-0.5867817997932434
15650000	15699999	1.2404654981868164	1.8272472979800598	-0.5867817997932434
15700000	15749999	1.2404654981868164	1.8272472979800598	-0.5867817997932434
15750000	15799999	1.2404654981868164	1.8272472979800598	-0.5867817997932434
15800000	15849999	1.2404654981868164	1.8272472979800598	-0.5867817997932434
15850000	15899999	1.2404654981868164	1.8272472979800598	-0.5867817997932434
15900000	15949999	1.2404654981868164	1.8272472979800598	-0.5867817997932434
15950000	15999999	1.2404654981868164	1.8272472979800598	-0.5867817997932434
16000000	16049999	1.2404654981868164	1.8272472979800598	-0.5867817997932434
16050000	16099999	0.6000058920868165	1.8272472979800598	-1.2272414058932433
16100000	16149999	2.0263577596688327	1.8272472979800598	0.1991104616887729
16150000	16199999	1.508347819381903	1.8272472979800598	-0.3188994785981567
16200000	16249999	1.913591934263568	1.8272472979800598	0.0863446362835083
16250000	16299999	1.9494370852796141	1.8272472979800598	0.12218978729955432
16300000	16349999	1.7500621138510193	1.8272472979800598	-0.07718518412904052
16350000	16399999	2.0045918108988707	1.8272472979800598	0.17734451291881093
16400000	16449999	1.9761133195968261	1.8272472979800598	0.14886602161676632
16450000	16499999	0.4121804573727845	1.8272472979800598	-1.4150668406072753
16500000	16549999	1.713238900651819	1.8272472979800598	-0.11400839732824086
16550000	16599999	1.8763613395800598	1.8272472979800598	0.04911404159999999
16600000	16649999	0.0	1.8272472979800598	-1.8272472979800598
16650000	16699999	0.6017493959868163	1.8272472979800598	-1.2254979019932435
16700000	16749999	1.2404654981868164	1.8272472979800598	-0.5867817997932434
16750000	16799999	1.2404654981868164	1.8272472979800598	-0.5867817997932434
16800000	16849999	1.4824450952868164	1.8272472979800598	-0.34480220269324335
16850000	16899999	3.8608502674649356	1.8272472979800598	2.0336029694848756
16900000	16949999	11.07273827584256	1.8272472979800598	9.2454909778625
16950000	16999999	3.6092358292890996	1.8272472979800598	1.7819885313090398
17000000	17049999	4.02434648265931	1.8272472979800598	2.1970991846792502
17050000	17099999	5.603154242365003	1.8272472979800598	3.7759069443849427
17100000	17149999	6.2406175745968815	1.8272472979800598	4.4133702766168215
17150000	17199999	2.2437125036934784	1.8272472979800598	0.4164652057134186
17200000	17249999	4.348800678476482	1.8272472979800598	2.521553380496422
17250000	17299999	2.345562521700818	1.8272472979800598	0.518315223720758
17300000	17349999	1.2364194152681274	1.8272472979800598	-0.5908278827119324
17350000	17399999	2.364725321189499	1.8272472979800598	0.5374780232094392
17400000	17449999	1.73416589862006	1.8272472979800598	-0.0930813993599997
17450000	17499999	2.7896087602752746	1.8272472979800598	0.9623614622952148
17500000	17549999	2.1237573071487823	1.8272472979800598	0.2965100091687225
17550000	17599999	2.213473843895099	1.8272472979800598	0.38622654591503935
17600000	17649999	2.43156586085332	1.8272472979800598	0.6043185628732604
17650000	17699999	2.0367585927205853	1.8272472979800598	0.20951129474052554
17700000	17749999	2.124559874549533	1.8272472979800598	0.2973125765694731
17750000	17799999	2.3186979578529234	1.8272472979800598	0.4914506598728636
17800000	17849999	2.4688223224406496	1.8272472979800598	0.6415750244605898
17850000	17899999	2.5031607102938658	1.8272472979800598	0.675913412313806
17900000	17949999	2.553057815922052	1.8272472979800598	0.7258105179419923
17950000	17999999	2.068956518063841	1.8272472979800598	0.24170922008378137
18000000	18049999	1.4187024138523925	1.8272472979800598	-0.4085448841276673
18050000	18099999	2.0089531474497635	1.8272472979800598	0.1817058494697037
18100000	18149999	3.0216982225519224	1.8272472979800598	1.1944509245718626
18150000	18199999	2.7282725307707794	1.8272472979800598	0.9010252327907196
18200000	18249999	2.059692774752803	1.8272472979800598	0.23244547677274308
18250000	18299999	2.2155201064868226	1.8272472979800598	0.3882728085067628
18300000	18349999	2.1880378523195816	1.8272472979800598	0.3607905543395218
18350000	18399999	2.437805653444415	1.8272472979800598	0.6105583554643552
18400000	18449999	3.1998786689054812	1.8272472979800598	1.3726313709254214
18450000	18499999	2.7638692983220583	1.8272472979800598	0.9366220003419985
18500000	18549999	2.440489514785846	1.8272472979800598	0.6132422168057861
18550000	18599999	1.6906050458167603	1.8272472979800598	-0.1366422521632995
18600000	18649999	1.6326175519791335	1.8272472979800598	-0.1946297460009263
18650000	18699999	0.7528173483800598	1.8272472979800598	-1.0744299496
18700000	18749999	0.9464266775050507	1.8272472979800598	-0.8808206204750091
18750000	18799999	0.9007926650669098	1.8272472979800598	-0.92645463291315
18800000	18849999	1.5101261304208007	1.8272472979800598	-0.3171211675592591
18850000	18899999	0.9311890005800598	1.8272472979800598	-0.8960582974
18900000	18949999	1.0762126758723327	1.8272472979800598	-0.7510346221077271
18950000	18999999	3.118764381238348	1.8272472979800598	1.2915170832582883
19000000	19049999	3.6108242802813937	1.8272472979800598	1.7835769823013339
19050000	19099999	4.094861306631087	1.8272472979800598	2.2676140086510266
19100000	19149999	4.165836129348051	1.8272472979800598	2.338588831367991
19150000	19199999	4.5892155081581425	1.8272472979800598	2.7619682101780825
19200000	19249999	5.320519819417407	1.8272472979800598	3.493272521437347
19250000	19299999	5.698705636114066	1.8272472979800598	3.8714583381340057
19300000	19349999	5.103742588551505	1.8272472979800598	3.276495290571445
19350000	19399999	5.050779832650378	1.8272472979800598	3.2235325346703183
19400000	19449999	4.879780854408928	1.8272472979800598	3.052533556428868
19450000	19499999	3.8089389376280947	1.8272472979800598	1.9816916396480349
19500000	19549999	4.146403541117352	1.8272472979800598	2.319156243137292
19550000	19599999	4.723835626444519	1.8272472979800598	2.8965883284644587
19600000	19649999	4.63814884994541	1.8272472979800598	2.81090155196535
19650000	19699999	4.9596760828042505	1.8272472979800598	3.1324287848241905
19700000	19749999	5.80978359109017	1.8272472979800598	3.98253629311011
19750000	19799999	5.826277790716223	1.8272472979800598	3.9990304927361633
19800000	19849999	5.472516019222894	1.8272472979800598	3.645268721242834
19850000	19899999	4.876593813906366	1.8272472979800598	3.049346515926306
19900000	19949999	4.0033931484488035	1.8272472979800598	2.1761458504687434
19950000	19999999	4.558240697191821	1.8272472979800598	2.730993399211761
20000000	20049999	5.76986920608006	1.8272472979800598	3.9426219080999996
20050000	20099999	4.23629623211841	1.8272472979800598	2.40904893413835
20100000	20149999	4.019639519575928	1.8272472979800598	2.1923922215958678
20150000	20199999	4.825257153209485	1.8272472979800598	2.9980098552294248
20200000	20249999	5.930927301475104	1.8272472979800598	4.103680003495044
20250000	20299999	3.6726938986983537	1.8272472979800598	1.845446600718294
20300000	20349999	2.86954642898006	1.8272472979800598	1.0422991310000003
20350000	20399999	0.3055270895800597	1.8272472979800598	-1.5217202084
20400000	20449999	0.2991488731800598	1.8272472979800598	-1.5280984248
20450000	20499999	0.28162073038005997	1.8272472979800598	-1.5456265675999998
20500000	20549999	0.3602165215868165	1.8272472979800598	-1.4670307763932433
20550000	20599999	1.0593408109919922	1.8272472979800598	-0.7679064869880676
20600000	20649999	0.6100532306868163	1.8272472979800598	-1.2171940672932435
20650000	20699999	0.2772241733800598	1.8272472979800598	-1.5500231246
20700000	20749999	3.11747469868006	1.8272472979800598	1.2902274007000003
20750000	20799999	4.810732918473193	1.8272472979800598	2.9834856204931333
20800000	20849999	5.500707752955401	1.8272472979800598	3.6734604549753413
20850000	20899999	5.0665366228372894	1.8272472979800598	3.2392893248572294
20900000	20949999	4.608247343574013	1.8272472979800598	2.781000045593953
20950000	20999999	5.143918976785706	1.8272472979800598	3.316671678805646
21000000	21049999	5.041405429901263	1.8272472979800598	3.214158131921203
21050000	21099999	4.273799653803102	1.8272472979800598	2.4465523558230418
21100000	21149999	4.2973133204696135	1.8272472979800598	2.4700660224895534
21150000	21199999	5.508078795474686	1.8272472979800598	3.6808314974946263
21200000	21249999	5.3555460182314665	1.8272472979800598	3.5282987202514065
21250000	21299999	5.9775404609676706	1.8272472979800598	4.1502931629876105
21300000	21349999	5.30677120037479	1.8272472979800598	3.47952390239473
21350000	21399999	5.037070363185529	1.8272472979800598	3.2098230652054687
21400000	21449999	4.6615292383724	1.8272472979800598	2.83428194039234
21450000	21499999	1.8466570574440306	1.8272472979800598	0.019409759463970833
21500000	21549999	1.734543418943212	1.8272472979800598	-0.09270387903684774
21550000	21599999	3.0508373309786885	1.8272472979800598	1.2235900329986287
21600000	21649999	2.4019445725816224	1.8272472979800598	0.5746972746015626
21650000	21699999	0.6644112073800599	1.8272472979800598	-1.1628360906
21700000	21749999	0.5597438350800599	1.8272472979800598	-1.2675034629
21750000	21799999	1.22373634311734	1.8272472979800598	-0.6035109548627198
21800000	21849999	3.41204523078006	1.8272472979800598	1.5847979328000001
21850000	21899999	0.9686733935782104	1.8272472979800598	-0.8585739044018494
21900000	21949999	4.927242102138194	1.8272472979800598	3.0999948041581336
21950000	21999999	5.256904716563746	1.8272472979800598	3.4296574185836857
22000000	22049999	4.710210100031958	1.8272472979800598	2.882962802051898
22050000	22099999	5.117469069766244	1.8272472979800598	3.290221771786184
22100000	22149999	6.294000065483817	1.8272472979800598	4.466752767503757
22150000	22199999	7.979190816610401	1.8272472979800598	6.151943518630341
22200000	22249999	6.327511348852747	1.8272472979800598	4.500264050872687
22250000	22299999	5.2706978811873	1.8272472979800598	3.44345058320724
22300000	22349999	4.820143632193583	1.8272472979800598	2.9928963342135226
22350000	22399999	7.381904410990183	1.8272472979800598	5.554657113010123
22400000	22449999	6.677213316132578	1.8272472979800598	4.849966018152518
22450000	22499999	5.541255579541955	1.8272472979800598	3.7140082815618953
22500000	22549999	6.381478957550622	1.8272472979800598	4.554231659570562
22550000	22599999	4.823416547301275	1.8272472979800598	2.9961692493212153
22600000	22649999	7.590838269226648	1.8272472979800598	5.763590971246588
22650000	22699999	4.016251902495434	1.8272472979800598	2.1890046045153744
22700000	22749999	5.586411463046132	1.8272472979800598	3.759164165066072
22750000	22799999	5.286901758052079	1.8272472979800598	3.459654460072019
22800000	22849999	5.994621697012607	1.8272472979800598	4.167374399032547
22850000	22899999	7.505699363395374	1.8272472979800598	5.678452065415314
22900000	22949999	7.001771529358292	1.8272472979800598	5.174524231378232
22950000	22999999	6.943490477428546	1.8272472979800598	5.116243179448486
23000000	23049999	7.207923133755055	1.8272472979800598	5.380675835774995
23050000	23099999	7.9251422731796435	1.8272472979800598	6.0978949751995835
23100000	23149999	8.128799666662015	1.8272472979800598	6.301552368681955
23150000	23199999	9.70744082711958	1.8272472979800598	7.88019352913952
23200000	23249999	7.611538996789783	1.8272472979800598	5.784291698809723
23250000	23299999	7.814456068507037	1.8272472979800598	5.987208770526977
23300000	23349999	9.521830163129811	1.8272472979800598	7.694582865149751
23350000	23399999	8.216073612189295	1.8272472979800598	6.3888263142092345
23400000	23449999	7.491874448241373	1.8272472979800598	5.664627150261313
23450000	23499999	7.419379205556128	1.8272472979800598	5.592131907576068
23500000	23549999	8.467918285221627	1.8272472979800598	6.640670987241567
23550000	23599999	9.79777455358006	1.8272472979800598	7.9705272556
23600000	23649999	4.70408479298006	1.8272472979800598	2.876837495
23650000	23699999	0.8143806846376098	1.8272472979800598	-1.01286661334245
23700000	23749999	1.5239385219789061	1.8272472979800598	-0.3033087760011537
23750000	23799999	1.9833937847488923	1.8272472979800598	0.15614648676883247
23800000	23849999	2.45550904528006	1.8272472979800598	0.6282617473000001
23850000	23899999	1.5163642958564298	1.8272472979800598	-0.31088300212362996
23900000	23949999	1.3882759464131829	1.8272472979800598	-0.43897135156687694
23950000	23999999	1.833467790568692	1.8272472979800598	0.00622049258863222
24000000	24049999	2.1220189722578797	1.8272472979800598	0.2947716742778199
24050000	24099999	1.923234006461026	1.8272472979800598	0.09598670848096624
24100000	24149999	2.0194751598552427	1.8272472979800598	0.19222786187518293
24150000	24199999	1.5152032336741381	1.8272472979800598	-0.3120440643059217
24200000	24249999	1.1808815218523683	1.8272472979800598	-0.6463657761276915
24250000	24299999	1.523020183834384	1.8272472979800598	-0.3042271141456758
24300000	24349999	1.728169064861902	1.8272472979800598	-0.09907823311815789
24350000	24399999	1.9257269830882873	1.8272472979800598	0.09847968510822747
24400000	24449999	2.0114898138451967	1.8272472979800598	0.18424251586513685
24450000	24499999	1.917416441282553	1.8272472979800598	0.09016914330249315
24500000	24549999	1.9929906459914795	1.8272472979800598	0.16574334801141966
24550000	24599999	1.4741230136174897	1.8272472979800598	-0.35312428436257015
24600000	24649999	1.8495253410041015	1.8272472979800598	0.022278043024041683
24650000	24699999	1.5287409791841005	1.8272472979800598	-0.29850631879595935
24700000	24749999	1.9041858241289626	1.8272472979800598	0.07693852614890284
24750000	24799999	2.096374897775674	1.8272472979800598	0.2691275997956144
24800000	24849999	2.1102248385630524	1.8272472979800598	0.2829775405829926
24850000	24899999	2.6054125190800597	1.8272472979800598	0.7781652210999999
24900000	24949999	1.3409025676608275	1.8272472979800598	-0.4863447303192323
24950000	24999999	1.2328272385419923	1.8272472979800598	-0.5944200594380675
25000000	25049999	2.032327268264566	1.8272472979800598	0.2050799702845063
25050000	25099999	2.230137715150696	1.8272472979800598	0.40289041717063623
25100000	25149999	2.4361767034449526	1.8272472979800598	0.6089294054648928
25150000	25199999	1.4394446848085725	1.8272472979800598	-0.38780261317148734
25200000	25249999	1.9847377145893554	1.8272472979800598	0.15749041660929564
25250000	25299999	1.79686142974942	1.8272472979800598	-0.030385868230639712
25300000	25349999	1.5431081124102897	1.8272472979800598	-0.28413918556977014
25350000	25399999	1.922257291990619	1.8272472979800598	0.0950099940105591
25400000	25449999	1.083461385361535	1.8272472979800598	-0.7437859126185249
25450000	25499999	0.4686480597739502	1.8272472979800598	-1.3585992382061096
25500000	25549999	1.9467910845099732	1.8272472979800598	0.11954378652991338
25550000	25599999	1.3664105792710366	1.8272472979800598	-0.4608367187090232
25600000	25649999	1.3788908049416986	1.8272472979800598	-0.4483564930383612
25650000	25699999	2.116403803356378	1.8272472979800598	0.2891565053763181
25700000	25749999	1.334917989088202	1.8272472979800598	-0.4923293088918579
25750000	25799999	1.6136988480640815	1.8272472979800598	-0.21354844991597832
25800000	25849999	1.3424239740935577	1.8272472979800598	-0.48482332388650207
25850000	25899999	1.0750527013487519	1.8272472979800598	-0.7521945966313079
25900000	25949999	1.7526145618392914	1.8272472979800598	-0.07463273614076837
25950000	25999999	2.192532482416809	1.8272472979800598	0.3652851844367493
26000000	26049999	2.4047976346076783	1.8272472979800598	0.5775503366276185
26050000	26099999	2.0987630143202454	1.8272472979800598	0.27151571634018556
26100000	26149999	2.0126810896374208	1.8272472979800598	0.18543379165736096
26150000	26199999	0.936720609464685	1.8272472979800598	-0.8905266885153748
26200000	26249999	1.1614194052022522	1.8272472979800598	-0.6658278927778076
26250000	26299999	1.588846037152681	1.8272472979800598	-0.2384012608273789
26300000	26349999	1.5725992384652743	1.8272472979800598	-0.25464805951478553
26350000	26399999	1.671598218767707	1.8272472979800598	-0.15564907921235283
26400000	26449999	1.5793848087524627	1.8272472979800598	-0.24786248922759713
26450000	26499999	1.6041312508312209	1.8272472979800598	-0.22311604714883893
26500000	26549999	1.7551345737237427	1.8272472979800598	-0.0721127242563171
26550000	26599999	1.7162020397103621	1.8272472979800598	-0.11104525826969769
26600000	26649999	1.9452833784330383	1.8272472979800598	0.11803608045297853
26650000	26699999	1.8905330833648926	1.8272472979800598	0.06328578538483276
26700000	26749999	0.9572775734757935	1.8272472979800598	-0.8699697245042664
26750000	26799999	0.6895710168814879	1.8272472979800598	-1.1376762810985719
26800000	26849999	2.5389030921561098	1.8272472979800598	0.71165579417605
26850000	26899999	1.6480242813937378	1.8272472979800598	-0.179223016586322
26900000	26949999	1.8736515516057861	1.8272472979800598	0.04640425362572631
26950000	26999999	2.6790989285800597	1.8272472979800598	0.8518516305999999
27000000	27049999	2.0496532380634216	1.8272472979800598	0.22240594008336179
27050000	27099999	0.7275579580800597	1.8272472979800598	-1.0996893399
27100000	27149999	1.262101367835611	1.8272472979800598	-0.5651459301444488
27150000	27199999	1.321659756521559	1.8272472979800598	-0.5055875414585007
27200000	27249999	1.6388727013552689	1.8272472979800598	-0.18837459662479095
27250000	27299999	1.8118759144061767	1.8272472979800598	-0.015371383573883124
27300000	27349999	1.697922384064624	1.8272472979800598	-0.12932491391543577
27350000	27399999	1.6328924924635315	1.8272472979800598	-0.19435480551652828
27400000	27449999	1.5755435633828077	1.8272472979800598	-0.25170373459725215
27450000	27499999	1.4382883157442867	1.8272472979800598	-0.3889589822357731
27500000	27549999	1.5682378796829393	1.8272472979800598	-0.25900941829712054
27550000	27599999	1.7700951121744048	1.8272472979800598	-0.057152185805654954
27600000	27649999	1.5972346923954919	1.8272472979800598	-0.23001260558456793
27650000	27699999	1.7589613472810883	1.8272472979800598	-0.06828595069897148
27700000	27749999	1.4756913155486249	1.8272472979800598	-0.35155598243143493
27750000	27799999	1.126585673657962	1.8272472979800598	-0.7006616243220978
27800000	27849999	1.4549927620659675	1.8272472979800598	-0.3722545359140923
27850000	27899999	1.5735591985426185	1.8272472979800598	-0.2536880994374413
27900000	27949999	1.4801668239471688	1.8272472979800598	-0.347080474032891
27950000	27999999	1.5047829741732788	1.8272472979800598	-0.32246432380678103
28000000	28049999	1.5467186643335984	1.8272472979800598	-0.2805286336464614
28050000	28099999	2.17536801899599	1.8272472979800598	0.34812072101593006
28100000	28149999	2.096903250851764	1.8272472979800598	0.2696559528717042
28150000	28199999	1.3675608748766808	1.8272472979800598	-0.45968642310337904
28200000	28249999	0.23124630519237654	1.8272472979800598	-1.5960009927876833
28250000	28299999	0.6705210725800599	1.8272472979800598	-1.1567262254
28300000	28349999	2.6797852295811033	1.8272472979800598	0.8525379316010435
28350000	28399999	1.2705429548293061	1.8272472979800598	-0.5567043431507537
28400000	28449999	0.5476909360781617	1.8272472979800598	-1.2795563619018981
28450000	28499999	1.6201467193171986	1.8272472979800598	-0.20710057866286125
28500000	28549999	1.9778758628071655	1.8272472979800598	0.15062856482710574
28550000	28599999	1.9335155457295197	1.8272472979800598	0.10626824774945987
28600000	28649999	2.2539241323290744	1.8272472979800598	0.4266768343490146
28650000	28699999	2.3438029577613193	1.8272472979800598	0.5165556597812595
28700000	28749999	2.221898049409909	1.8272472979800598	0.3946507514298492
28750000	28799999	2.1078254095863524	1.8272472979800598	0.28057811160629265
28800000	28849999	1.8078105800231659	1.8272472979800598	-0.019436717956893945
28850000	28899999	2.049684968947847	1.8272472979800598	0.2224376709677871
28900000	28949999	2.1928366724692414	1.8272472979800598	0.3655893744891816
28950000	28999999	1.3660846640789184	1.8272472979800598	-0.4611626339011414
29000000	29049999	1.601183722351477	1.8272472979800598	-0.2260635756285827
29050000	29099999	2.3857160852702455	1.8272472979800598	0.5584687872901857
29100000	29149999	2.1174887864934995	1.8272472979800598	0.29024148851343967
29150000	29199999	1.787046973303383	1.8272472979800598	-0.04020032467667689
29200000	29249999	1.0601169544153626	1.8272472979800598	-0.7671303435646972
29250000	29299999	1.4671106610266587	1.8272472979800598	-0.36013663695340115
29300000	29349999	2.3727943310144655	1.8272472979800598	0.5455470330344057
29350000	29399999	2.2293710246621337	1.8272472979800598	0.40212372668207386
29400000	29449999	1.2297119011526276	1.8272472979800598	-0.5975353968274322
29450000	29499999	1.7450734187971992	1.8272472979800598	-0.08217387918286057
29500000	29549999	2.001453419328369	1.8272472979800598	0.17420612134830926
29550000	29599999	1.9747997401732453	1.8272472979800598	0.14755244219318553
29600000	29649999	1.6451303966444855	1.8272472979800598	-0.18211690133557434
29650000	29699999	0.9953701962451141	1.8272472979800598	-0.8318771017349457
29700000	29749999	1.6933328477779144	1.8272472979800598	-0.13391445020214543
29750000	29799999	1.7150451997785727	1.8272472979800598	-0.11220209820148708
29800000	29849999	2.067195056049606	1.8272472979800598	0.23994775806954638
29850000	29899999	1.9913085040040222	1.8272472979800598	0.16406120602396235
29900000	29949999	1.8403439733539626	1.8272472979800598	0.0130966753739028
29950000	29999999	1.7124511892497305	1.8272472979800598	-0.1147961087303293
30000000	30049999	1.5390785353795746	1.8272472979800598	-0.2881687626004852
30050000	30099999	1.7063798559225891	1.8272472979800598	-0.12086744205747069
30100000	30149999	1.699719201272143	1.8272472979800598	-0.12752809670791687
30150000	30199999	1.9274705143563842	1.8272472979800598	0.10022321637632436
30200000	30249999	1.9872497513765441	1.8272472979800598	0.16000245339648433
30250000	30299999	2.3759318610242555	1.8272472979800598	0.5486845630441957
30300000	30349999	2.9423940601094665	1.8272472979800598	1.1151467621294067
30350000	30399999	1.9339338988275403	1.8272472979800598	0.1066866008474805
30400000	30449999	1.5008705557177673	1.8272472979800598	-0.3263767422622925
30450000	30499999	1.2575538439937317	1.8272472979800598	-0.5696934539863281
30500000	30549999	1.9780439817618167	1.8272472979800598	0.15079668378175692
30550000	30599999	2.7997570273800596	1.8272472979800598	0.9725097293999998
30600000	30649999	1.6625794760519637	1.8272472979800598	-0.16466782192809615
30650000	30699999	1.260803149984366	1.8272472979800598	-0.5664441479956939
30700000	30749999	2.5327285893003784	1.8272472979800598	0.7054812913203186
30750000	30799999	1.597862310156364	1.8272472979800598	-0.22938498782369576
30800000	30849999	2.3673422068655396	1.8272472979800598	0.5400949088854798
30850000	30899999	1.9127514153939575	1.8272472979800598	0.08550411741389774
30900000	30949999	1.9875499025133943	1.8272472979800598	0.16030260453333445
30950000	30999999	1.5502497529135673	1.8272472979800598	-0.27699754506649255
31000000	31049999	1.619435953400994	1.8272472979800598	-0.2078113445790657
31050000	31099999	2.6806088242800596	1.8272472979800598	0.8533615262999998
31100000	31149999	1.9906726232167937	1.8272472979800598	0.16342532523673392
31150000	31199999	1.2117255927326598	1.8272472979800598	-0.6155217052474
31200000	31249999	2.5040641349414487	1.8272472979800598	0.676816836961389
31250000	31299999	2.0723619025190003	1.8272472979800598	0.24511460453894052
31300000	31349999	1.2228916339436127	1.8272472979800598	-0.6043556640364471
31350000	31399999	1.9082975507723146	1.8272472979800598	0.08105025279225475
31400000	31449999	2.5184474594861146	1.8272472979800598	0.6912001615060548
31450000	31499999	1.5226695778579193	1.8272472979800598	-0.30457772012214046
31500000	31549999	1.9237724129125153	1.8272472979800598	0.09652511493245552
31550000	31599999	2.1869769727864257	1.8272472979800598	0.35972967480636586
31600000	31649999	2.084188500422873	1.8272472979800598	0.25694120244281327
31650000	31699999	1.7112774129120147	1.8272472979800598	-0.11596988506804506
31700000	31749999	1.5326677766068673	1.8272472979800598	-0.29457952137319254
31750000	31799999	2.069992467417343	1.8272472979800598	0.2427451694372833
31800000	31849999	1.6340698290417817	1.8272472979800598	-0.19317746893827814
31850000	31899999	1.6307434531960137	1.8272472979800598	-0.19650384478404614
31900000	31949999	1.8848941343910415	1.8272472979800598	0.05764683641098167
31950000	31999999	2.260855818869757	1.8272472979800598	0.43360852088969737
32000000	32049999	1.5682619257313148	1.8272472979800598	-0.25898537224874496
32050000	32099999	1.3760455475952775	1.8272472979800598	-0.4512017503847823
32100000	32149999	2.091056033191882	1.8272472979800598	0.26380873521182235
32150000	32199999	2.243917854999121	1.8272472979800598	0.4166705570190612
32200000	32249999	1.8222412695327057	1.8272472979800598	-0.005006028447354094
32250000	32299999	2.226826513297473	1.8272472979800598	0.39957921531741314
32300000	32349999	2.0093019682229554	1.8272472979800598	0.18205467024289557
32350000	32399999	0.5330224710800597	1.8272472979800598	-1.2942248269
32400000	32449999	2.2508217008026246	1.8272472979800598	0.42357440282256476
32450000	32499999	1.775334019034239	1.8272472979800598	-0.05191327894582076
32500000	32549999	1.5714039027191924	1.8272472979800598	-0.2558433952608674
32550000	32599999	1.6933538607887604	1.8272472979800598	-0.13389343719129942
32600000	32649999	1.7618546755387756	1.8272472979800598	-0.06539262244128419
32650000	32699999	1.776006939652588	1.8272472979800598	-0.05124035832747187
32700000	32749999	1.4108114375102814	1.8272472979800598	-0.41643586046977843
32750000	32799999	1.4727027995564155	1.8272472979800598	-0.3545444984236443
32800000	32849999	2.076712252550217	1.8272472979800598	0.24946495457015705
32850000	32899999	1.171120791219983	1.8272472979800598	-0.6561265067600768
32900000	32949999	1.0373862698825653	1.8272472979800598	-0.7898610280974945
32950000	32999999	2.4162281440287474	1.8272472979800598	0.5889808460486876
33000000	33049999	1.5110307696487668	1.8272472979800598	-0.316216528331293
33050000	33099999	1.1342223626573333	1.8272472979800598	-0.6930249353227265
33100000	33149999	2.218281704751294	1.8272472979800598	0.39103440677123413
33150000	33199999	1.2751130779023179	1.8272472979800598	-0.5521342200777419
33200000	33249999	1.3740737627143371	1.8272472979800598	-0.4531735352657227
33250000	33299999	2.487525586931415	1.8272472979800598	0.660278288951355
33300000	33349999	1.8030971037605987	1.8272472979800598	-0.024150194219461074
33350000	33399999	0.9664145895627045	1.8272472979800598	-0.8608327084173553
33400000	33449999	0.8680067324480225	1.8272472979800598	-0.9592405655320373
33450000	33499999	1.4104593752308228	1.8272472979800598	-0.41678792274923704
33500000	33549999	1.8559916369186553	1.8272472979800598	0.028744338938595515
33550000	33599999	1.7126540976362519	1.8272472979800598	-0.11459320034380793
33600000	33649999	1.2422147398795456	1.8272472979800598	-0.5850325581005142
33650000	33699999	0.5659988757100953	1.8272472979800598	-1.2612484222699645
33700000	33749999	0.748923304669165	1.8272472979800598	-1.0783239933108948
33750000	33799999	1.337279099005252	1.8272472979800598	-0.4899681989748077
33800000	33849999	1.3669109947901779	1.8272472979800598	-0.46033630318988195
33850000	33899999	1.1873591162974106	1.8272472979800598	-0.6398881816826492
33900000	33949999	1.3693302230009627	1.8272472979800598	-0.45791707497909706
33950000	33999999	1.1349125869124077	1.8272472979800598	-0.6923347110676521
34000000	34049999	1.0339117599100875	1.8272472979800598	-0.7933355380699723
34050000	34099999	1.2406379063794941	1.8272472979800598	-0.5866093916005657
34100000	34149999	1.357812340234404	1.8272472979800598	-0.4694349577456558
34150000	34199999	1.298390043453718	1.8272472979800598	-0.5288572545263419
34200000	34249999	1.0871924161943054	1.8272472979800598	-0.7400548817857544
34250000	34299999	1.079489677654677	1.8272472979800598	-0.7477576203253828
34300000	34349999	1.0325834935253677	1.8272472979800598	-0.7946638044546921
34350000	34399999	1.0266306441486541	1.8272472979800598	-0.8006166538314057
34400000	34449999	1.2370009068878445	1.8272472979800598	-0.5902463910922153
34450000	34499999	1.4075169454684051	1.8272472979800598	-0.4197303525116547
34500000	34549999	1.2291530508173332	1.8272472979800598	-0.5980942471627266
34550000	34599999	1.3156525541493798	1.8272472979800598	-0.51159474383068
34600000	34649999	1.4315416043859766	1.8272472979800598	-0.39570569359408325
34650000	34699999	1.2582941396619929	1.8272472979800598	-0.5689531583180669
34700000	34749999	1.2951140883718697	1.8272472979800598	-0.5321332096081901
34750000	34799999	1.1790203305668938	1.8272472979800598	-0.648226967413166
34800000	34849999	1.3421461962517987	1.8272472979800598	-0.48510110172826115
34850000	34899999	1.4675682317449494	1.8272472979800598	-0.35967906623511037
34900000	34949999	1.2827033109864177	1.8272472979800598	-0.5445439869936421
34950000	34999999	1.2049242809586804	1.8272472979800598	-0.6223230170213794
35000000	35049999	1.2495503335338891	1.8272472979800598	-0.5776969644461707
35050000	35099999	1.3657623727958161	1.8272472979800598	-0.46148492518424367
35100000	35149999	1.4031522372668452	1.8272472979800598	-0.42409506071321457
35150000	35199999	1.1928378836367415	1.8272472979800598	-0.6344094143433183
35200000	35249999	1.2587348337629356	1.8272472979800598	-0.5685124642171242
35250000	35299999	1.4547650606852898	1.8272472979800598	-0.37248223729477004
35300000	35349999	1.4298759213961425	1.8272472979800598	-0.3973713765839173
35350000	35399999	1.2828216293048478	1.8272472979800598	-0.544425668675212
35400000	35449999	0.9985428129524353	1.8272472979800598	-0.8287044850276245
35450000	35499999	2.2035785909670347	1.8272472979800598	0.3763312929869749
35500000	35549999	1.6020480076460133	1.8272472979800598	-0.2251992903340465
35550000	35599999	1.7511966084055695	1.8272472979800598	-0.07605068957449035
35600000	35649999	1.5931450562324665	1.8272472979800598	-0.2341022417475933
35650000	35699999	1.1422892222046843	1.8272472979800598	-0.6849580757753755
35700000	35749999	1.066442122245163	1.8272472979800598	-0.7608051757348968
35750000	35799999	1.9541712718806519	1.8272472979800598	0.12692397390059207
35800000	35849999	1.9417129291870605	1.8272472979800598	0.1144656312070007
35850000	35899999	1.9104065310251372	1.8272472979800598	0.08315923304507744
35900000	35949999	2.358760818381891	1.8272472979800598	0.5315135204018311
35950000	35999999	1.6106382592343833	1.8272472979800598	-0.2166090387456765
36000000	36049999	1.1472533278506927	1.8272472979800598	-0.6799939701293671
36050000	36099999	2.020559788997601	1.8272472979800598	0.19331249101754122
36100000	36149999	1.9330927728484437	1.8272472979800598	0.10584547486838392
36150000	36199999	2.5384527688841003	1.8272472979800598	0.7112054709040405
36200000	36249999	2.3821512993805785	1.8272472979800598	0.5549040014005187
36250000	36299999	2.047418769669406	1.8272472979800598	0.22017147168934614
36300000	36349999	1.551701472874945	1.8272472979800598	-0.2755458251051148
36350000	36399999	2.4851547074769655	1.8272472979800598	0.6579074094969057
36400000	36449999	2.274989230578644	1.8272472979800598	0.4477419325985841
36450000	36499999	1.8030907755193595	1.8272472979800598	-0.024156522460700325
36500000	36549999	1.3417551548158082	1.8272472979800598	-0.4854921431642516
36550000	36599999	2.1392594382213197	1.8272472979800598	0.3120121402412599
36600000	36649999	2.7436919314437134	1.8272472979800598	0.9164446334636536
36650000	36699999	1.3640080116577638	1.8272472979800598	-0.46323928632229605
36700000	36749999	1.6230390475694751	1.8272472979800598	-0.20420825041058466
36750000	36799999	2.8459766731800595	1.8272472979800598	1.0187293751999997
36800000	36849999	2.63426411418006	1.8272472979800598	0.8070168162000002
36850000	36899999	0.8332139387866699	1.8272472979800598	-0.9940333591933899
36900000	36949999	0.6056444210800598	1.8272472979800598	-1.2216028769
36950000	36999999	1.4918573719697616	1.8272472979800598	-0.33538992601029816
37000000	37049999	2.400586914370105	1.8272472979800598	0.5733396163900453
37050000	37099999	2.3614012733698244	1.8272472979800598	0.5341539753897646
37100000	37149999	1.543929749091204	1.8272472979800598	-0.28331754888885574
37150000	37199999	1.6075805774674454	1.8272472979800598	-0.21966672051261438
37200000	37249999	1.887209314455255	1.8272472979800598	0.05996201647519528
37250000	37299999	1.8624178069294404	1.8272472979800598	0.03517050894938056
37300000	37349999	2.1567967417075318	1.8272472979800598	0.32954944372747197
37350000	37399999	1.6257138406436333	1.8272472979800598	-0.20153345733642647
37400000	37449999	1.6594936308290107	1.8272472979800598	-0.1677536671510491
37450000	37499999	1.658407716172348	1.8272472979800598	-0.16883958180771175
37500000	37549999	2.2772509082895387	1.8272472979800598	0.4500036103094789
37550000	37599999	1.7957415445817153	1.8272472979800598	-0.031505753398344494
37600000	37649999	1.8837852687925416	1.8272472979800598	0.0565379708124818
37650000	37699999	1.524998319419618	1.8272472979800598	-0.30224897856044186
37700000	37749999	1.7333778032880707	1.8272472979800598	-0.09386949469198913
37750000	37799999	2.5896401235800597	1.8272472979800598	0.7623928255999999
37800000	37849999	2.0242098777883974	1.8272472979800598	0.19696257980833765
37850000	37899999	1.2308731330457365	1.8272472979800598	-0.5963741649343233
37900000	37949999	1.7705717910384033	1.8272472979800598	-0.05667550694165646
37950000	37999999	2.0062301666552735	1.8272472979800598	0.17898286867521374
38000000	38049999	1.5763553857305035	1.8272472979800598	-0.2508919122495563
38050000	38099999	2.4760765976808776	1.8272472979800598	0.6488292997008178
38100000	38149999	2.3721878971226746	1.8272472979800598	0.5449405991426148
38150000	38199999	1.8114231215326722	1.8272472979800598	-0.01582417644738765
38200000	38249999	1.6396693544044556	1.8272472979800598	-0.1875779435756042
38250000	38299999	2.254546065012897	1.8272472979800598	0.427298767032837
38300000	38349999	2.138271792025244	1.8272472979800598	0.3110244940451843
38350000	38399999	1.6748619046225235	1.8272472979800598	-0.15238539335753631
38400000	38449999	1.2932776851450196	1.8272472979800598	-0.5339696128350402
38450000	38499999	1.4011555396556932	1.8272472979800598	-0.42609175832436663
38500000	38549999	2.0968557756752073	1.8272472979800598	0.2696084776951475
38550000	38599999	2.5514610614769775	1.8272472979800598	0.7242137634969177
38600000	38649999	1.6639493707701538	1.8272472979800598	-0.163297927209906
38650000	38699999	2.1271473569062502	1.8272472979800598	0.2999000589261904
38700000	38749999	2.0361883229774382	1.8272472979800598	0.20894102499737843
38750000	38799999	1.800964138851529	1.8272472979800598	-0.026283159128530853
38800000	38849999	1.6106632911442806	1.8272472979800598	-0.21658400683577916
38850000	38899999	1.9925813470266052	1.8272472979800598	0.16533404904654536
38900000	38949999	2.3350966301230103	1.8272472979800598	0.5078493321429505
38950000	38999999	1.6953717521192588	1.8272472979800598	-0.13187554586080097
39000000	39049999	1.8531214595189056	1.8272472979800598	0.025874161538845808
39050000	39099999	1.530167861889221	1.8272472979800598	-0.29707943609083887
39100000	39149999	1.0524674525331665	1.8272472979800598	-0.7747798454468933
39150000	39199999	1.5404506186026645	1.8272472979800598	-0.2867966793773953
39200000	39249999	2.1868361222375547	1.8272472979800598	0.35958882425749494
39250000	39299999	1.7816231218395935	1.8272472979800598	-0.04562417614046632
39300000	39349999	2.5129782974959594	1.8272472979800598	0.6857309995158996
39350000	39399999	1.634279920661206	1.8272472979800598	-0.19296737731885383
39400000	39449999	2.1499006672587893	1.8272472979800598	0.32265336927872945
39450000	39499999	2.57725292688006	1.8272472979800598	0.7500056289000001
39500000	39549999	0.9150627423519959	1.8272472979800598	-0.9121845556280639
39550000	39599999	1.4636436007074232	1.8272472979800598	-0.36360369727263664
39600000	39649999	2.5680510698800596	1.8272472979800598	0.7408037718999998
39650000	39699999	2.2281134925839905	1.8272472979800598	0.4008661946039307
39700000	39749999	1.1592500054154693	1.8272472979800598	-0.6679972925645905
39750000	39799999	2.1262166850882265	1.8272472979800598	0.2989693871081667
39800000	39849999	2.239899276510028	1.8272472979800598	0.41265197852996827
39850000	39899999	1.9998237583378555	1.8272472979800598	0.17257646035779572
39900000	39949999	0.8534866934023804	1.8272472979800598	-0.9737606045776794
39950000	39999999	1.459385037381574	1.8272472979800598	-0.3678622605984858
40000000	40049999	2.0425816192197783	1.8272472979800598	0.21533432123971852
40050000	40099999	1.931560130086789	1.8272472979800598	0.10431283210672926
40100000	40149999	2.079369297278714	1.8272472979800598	0.2521219992986541
40150000	40199999	2.9242851869821713	1.8272472979800598	1.0970378890021115
40200000	40249999	2.637602024419159	1.8272472979800598	0.8103547264390991
40250000	40299999	2.5069753223866824	1.8272472979800598	0.6797280244066226
40300000	40349999	1.9811913714165819	1.8272472979800598	0.15394407343652206
40350000	40399999	2.150583623130063	1.8272472979800598	0.323336325150003
40400000	40449999	0.7969039973666321	1.8272472979800598	-1.0303433006134277
40450000	40499999	1.954416496935159	1.8272472979800598	0.12716919895509915
40500000	40549999	2.4646031772097414	1.8272472979800598	0.6373558792296816
40550000	40599999	2.2652408934172303	1.8272472979800598	0.43799359543717054
40600000	40649999	2.0710886413455047	1.8272472979800598	0.24384134336544494
40650000	40699999	2.20294959160343	1.8272472979800598	0.37570229362337026
40700000	40749999	1.7477889602159191	1.8272472979800598	-0.07945833776414069
40750000	40799999	1.0062055340893006	1.8272472979800598	-0.8210417638907592
40800000	40849999	1.6846028063973526	1.8272472979800598	-0.1426444915827072
40850000	40899999	2.0419279954003144	1.8272472979800598	0.21468069742025464
40900000	40949999	1.8585952026089523	1.8272472979800598	0.031347904628892476
40950000	40999999	2.75089930018006	1.8272472979800598	0.9236520022000001
41000000	41049999	1.9530115799715606	1.8272472979800598	0.1257642819915008
41050000	41099999	1.613559205562959	1.8272472979800598	-0.21368809241710074
41100000	41149999	2.57962391765105	1.8272472979800598	0.7523766196709902
41150000	41199999	1.9854825384086914	1.8272472979800598	0.15823524042863157
41200000	41249999	2.037445393111319	1.8272472979800598	0.2101980951312592
41250000	41299999	1.358986351247345	1.8272472979800598	-0.4682609467327148
41300000	41349999	1.069843692452533	1.8272472979800598	-0.7574036055275268
41350000	41399999	2.2027001880620913	1.8272472979800598	0.37545289008203153
41400000	41449999	2.4306523419294557	1.8272472979800598	0.6034050439493959
41450000	41499999	1.8957782342231568	1.8272472979800598	0.06853093624309703
41500000	41549999	1.8472699462118407	1.8272472979800598	0.020022648231780904
41550000	41599999	1.722472074742415	1.8272472979800598	-0.10477522323764488
41600000	41649999	1.7288979093421417	1.8272472979800598	-0.09834938863791809
41650000	41699999	1.867769047758136	1.8272472979800598	0.0405217497780761
41700000	41749999	1.983432615646573	1.8272472979800598	0.1561853176665131
41750000	41799999	1.4121121881403245	1.8272472979800598	-0.41513510983973534
41800000	41849999	2.2079493685194826	1.8272472979800598	0.38070207053942284
41850000	41899999	2.68258613798006	1.8272472979800598	0.8553388400000002
41900000	41949999	1.3602327666458192	1.8272472979800598	-0.46701453133424065
41950000	41999999	1.8257640584950714	1.8272472979800598	-0.0014832394849884079
42000000	42049999	1.7018734809777678	1.8272472979800598	-0.125373817002292
42050000	42099999	1.0105071168915711	1.8272472979800598	-0.8167401810884887
42100000	42149999	2.2834763676908754	1.8272472979800598	0.45622906971081556
42150000	42199999	2.383065300002527	1.8272472979800598	0.5558180020224672
42200000	42249999	2.199709339815088	1.8272472979800598	0.3724620418350282
42250000	42299999	2.0467650756102387	1.8272472979800598	0.21951777763017888
42300000	42349999	0.7823422681533632	1.8272472979800598	-1.0449050298266966
42350000	42399999	1.4076274163862479	1.8272472979800598	-0.4196198815938119
42400000	42449999	2.4772785979070004	1.8272472979800598	0.6500312999269406
42450000	42499999	1.8675990156028321	1.8272472979800598	0.04035171762277234
42500000	42549999	1.2965931463501328	1.8272472979800598	-0.530654151629927
42550000	42599999	1.4385274679127364	1.8272472979800598	-0.38871983006732336
42600000	42649999	2.4802416099960327	1.8272472979800598	0.6529943120159729
42650000	42699999	2.0008609017104857	1.8272472979800598	0.1736136037304259
42700000	42749999	1.922377403024176	1.8272472979800598	0.09513010504411623
42750000	42799999	2.289011291708954	1.8272472979800598	0.461763993728894
42800000	42849999	1.8779419546942475	1.8272472979800598	0.050694656714187714
42850000	42899999	1.5496192400481061	1.8272472979800598	-0.27762805793195366
42900000	42949999	1.7126294877902375	1.8272472979800598	-0.11461781018982231
42950000	42999999	1.3932123126275608	1.8272472979800598	-0.43403498535249896
43000000	43049999	0.9204064226174866	1.8272472979800598	-0.9068408753625732
43050000	43099999	1.9865208921911712	1.8272472979800598	0.15927359421111142
43100000	43149999	2.4305427260767027	1.8272472979800598	0.6032954280966429
43150000	43199999	1.8239812642747588	1.8272472979800598	-0.003266033705300986
43200000	43249999	1.683683124568762	1.8272472979800598	-0.1435641734112978
43250000	43299999	1.3895655169976289	1.8272472979800598	-0.43768178098243093
43300000	43349999	2.149659929641638	1.8272472979800598	0.3224126316615783
43350000	43399999	2.373285001738348	1.8272472979800598	0.5460377037582884
43400000	43449999	1.8298126785856872	1.8272472979800598	0.0025653806056273876
43450000	43499999	1.6736477198023219	1.8272472979800598	-0.15359957817773795
43500000	43549999	1.629845755019515	1.8272472979800598	-0.1974015429605449
43550000	43599999	1.6271513698629776	1.8272472979800598	-0.2000959281170822
43600000	43649999	1.3814688781972748	1.8272472979800598	-0.445778419782785
43650000	43699999	2.0876804297212646	1.8272472979800598	0.26043313174120475
43700000	43749999	2.3497739743694397	1.8272472979800598	0.5225266763893799
43750000	43799999	1.185404166773874	1.8272472979800598	-0.6418431312061859
43800000	43849999	1.5343955259027373	1.8272472979800598	-0.2928517720773225
43850000	43899999	1.5098211531599701	1.8272472979800598	-0.3174261448200897
43900000	43949999	1.3352681382322025	1.8272472979800598	-0.49197915974785733
43950000	43999999	1.5051364098180648	1.8272472979800598	-0.32211088816199496
44000000	44049999	1.6497993984352477	1.8272472979800598	-0.1774478995448121
44050000	44099999	1.9459661877282288	1.8272472979800598	0.11871888974816902
44100000	44149999	1.717771251107306	1.8272472979800598	-0.10947604687275381
44150000	44199999	1.3646205385947923	1.8272472979800598	-0.46262675938526754
44200000	44249999	1.3037105331608458	1.8272472979800598	-0.523536764819214
44250000	44299999	1.0103394722778931	1.8272472979800598	-0.8169078257021667
44300000	44349999	0.9950221907513916	1.8272472979800598	-0.8322251072286682
44350000	44399999	1.2306629526556274	1.8272472979800598	-0.5965843453244324
44400000	44449999	2.483005982813031	1.8272472979800598	0.6557586848329711
44450000	44499999	1.5804727436765296	1.8272472979800598	-0.24677455430353024
44500000	44549999	1.2782560016292537	1.8272472979800598	-0.5489912963508061
44550000	44599999	1.3928399754477727	1.8272472979800598	-0.4344073225322871
44600000	44649999	1.4487961924534332	1.8272472979800598	-0.37845110552662664
44650000	44699999	1.4200205155494545	1.8272472979800598	-0.4072267824306053
44700000	44749999	1.4752268916285827	1.8272472979800598	-0.35202040635147713
44750000	44799999	1.4278933359132953	1.8272472979800598	-0.39935396206676455
44800000	44849999	1.3465367800580994	1.8272472979800598	-0.4807105179219604
44850000	44899999	1.8049240482058198	1.8272472979800598	-0.02232324977424005
44900000	44949999	1.627667177035878	1.8272472979800598	-0.19958012094418187
44950000	44999999	1.2704757089106766	1.8272472979800598	-0.5567715890693832
45000000	45049999	0.6313428431242676	1.8272472979800598	-1.1959044548557922
45050000	45099999	1.1110448823200776	1.8272472979800598	-0.7162024156599822
45100000	45149999	1.546907701887938	1.8272472979800598	-0.2803395960921218
45150000	45199999	1.0406233592155152	1.8272472979800598	-0.7866239387645446
45200000	45249999	1.2745286221147958	1.8272472979800598	-0.552718675865264
45250000	45299999	1.8410471914879027	1.8272472979800598	0.013799893507842942
45300000	45349999	1.578054176255635	1.8272472979800598	-0.24919312172442476
45350000	45399999	1.4613661366772575	1.8272472979800598	-0.36588116130280235
45400000	45449999	1.982730626208496	1.8272472979800598	0.15548332822843625
45450000	45499999	1.2845894968346931	1.8272472979800598	-0.5426578011453667
45500000	45549999	1.415139119563668	1.8272472979800598	-0.4121081784163918
45550000	45599999	1.791836379169168	1.8272472979800598	-0.035410918810891756
45600000	45649999	1.3357403306406326	1.8272472979800598	-0.4915069673394272
45650000	45699999	1.1929695635380524	1.8272472979800598	-0.6342777344420074
45700000	45749999	2.056739531342651	1.8272472979800598	0.22949223336259128
45750000	45799999	2.1738046952564547	1.8272472979800598	0.3465573972763949
45800000	45849999	1.4707778448777467	1.8272472979800598	-0.35646945310231315
45850000	45899999	1.7382654969239135	1.8272472979800598	-0.08898180105614628
45900000	45949999	1.362306670635811	1.8272472979800598	-0.4649406273442489
45950000	45999999	0.9524748731623291	1.8272472979800598	-0.8747724248177307
46000000	46049999	1.3829362046987952	1.8272472979800598	-0.4443110932812646
46050000	46099999	1.808543710944593	1.8272472979800598	-0.018703587035466818
46100000	46149999	2.358785183690793	1.8272472979800598	0.5315378857107331
46150000	46199999	1.889015827218274	1.8272472979800598	0.06176852923821419
46200000	46249999	1.4142663208209947	1.8272472979800598	-0.4129809771590651
46250000	46299999	1.2796308575069058	1.8272472979800598	-0.547616440473154
46300000	46349999	1.8246094996627198	1.8272472979800598	-0.002637798317340012
46350000	46399999	0.6494845384625183	1.8272472979800598	-1.1777627595175415
46400000	46449999	1.7891071456213623	1.8272472979800598	-0.0381401523586975
46450000	46499999	2.283233775160596	1.8272472979800598	0.455986477180536
46500000	46549999	0.9212432264665833	1.8272472979800598	-0.9060040715134765
46550000	46599999	2.085012732004303	1.8272472979800598	0.257765434024243
46600000	46649999	2.289873261442639	1.8272472979800598	0.46262596346257934
46650000	46699999	1.7599579937791046	1.8272472979800598	-0.06728930420095525
46700000	46749999	0.9130646030884033	1.8272472979800598	-0.9141826948916565
46750000	46799999	1.143814180527658	1.8272472979800598	-0.6834331174524018
46800000	46849999	2.1217314680942505	1.8272472979800598	0.2944841701141907
46850000	46899999	2.2367274177723266	1.8272472979800598	0.40948011979226684
46900000	46949999	1.0958233413363008	1.8272472979800598	-0.731423956643759
46950000	46999999	1.147351310535135	1.8272472979800598	-0.6798959874449249
47000000	47049999	2.4567180498800596	1.8272472979800598	0.6294707518999998
47050000	47099999	1.677933772903	1.8272472979800598	-0.14931352507705986
47100000	47149999	1.4580933750306992	1.8272472979800598	-0.36915392294936056
47150000	47199999	1.1109482700622895	1.8272472979800598	-0.7162990279177703
47200000	47249999	1.2196215625495208	1.8272472979800598	-0.607625735430539
47250000	47299999	1.6707700334898499	1.8272472979800598	-0.15647726449020993
47300000	47349999	1.8220127005851685	1.8272472979800598	-0.005234597394891294
47350000	47399999	1.6396177071285538	1.8272472979800598	-0.187629590851506
47400000	47449999	1.5200353977278824	1.8272472979800598	-0.3072119002521774
47450000	47499999	1.6953939001662048	1.8272472979800598	-0.13185339781385497
47500000	47549999	1.433934787335198	1.8272472979800598	-0.39331251064486183
47550000	47599999	0.8445641783722443	1.8272472979800598	-0.9826831196078155
47600000	47649999	1.0835028691176758	1.8272472979800598	-0.743744428862384
47650000	47699999	1.4439899934865283	1.8272472979800598	-0.38325730449353146
47700000	47749999	1.62261681618349	1.8272472979800598	-0.20463048179656984
47750000	47799999	1.3199987379457192	1.8272472979800598	-0.5072485600343406
47800000	47849999	0.9925336263242553	1.8272472979800598	-0.8347136716558045
47850000	47899999	1.1018809817820587	1.8272472979800598	-0.7253663161980011
47900000	47949999	1.3137515673187767	1.8272472979800598	-0.5134957306612831
47950000	47999999	0.9274094281847076	1.8272472979800598	-0.8998378697953522
48000000	48049999	1.115495347248938	1.8272472979800598	-0.7117519507311219
48050000	48099999	1.9772329164084197	1.8272472979800598	0.1499856184283599
48100000	48149999	1.7939727883305174	1.8272472979800598	-0.03327450964954237
48150000	48199999	1.5529546802220477	1.8272472979800598	-0.27429261775801206
48200000	48249999	1.083070761955603	1.8272472979800598	-0.7441765360244568
48250000	48299999	1.1148324899752198	1.8272472979800598	-0.71241480800484
48300000	48349999	1.255055283402574	1.8272472979800598	-0.5721920145774857
48350000	48399999	1.4082359824078399	1.8272472979800598	-0.41901131557221993
48400000	48449999	1.2284775699932953	1.8272472979800598	-0.5987697279867645
48450000	48499999	1.3494468595468416	1.8272472979800598	-0.4778004384332182
48500000	48549999	1.295194031497248	1.8272472979800598	-0.5320532664828117
48550000	48599999	1.3991524881593453	1.8272472979800598	-0.42809480982071446
48600000	48649999	1.1590844646009408	1.8272472979800598	-0.668162833379119
48650000	48699999	1.2204477628218133	1.8272472979800598	-0.6067995351582465
48700000	48749999	1.383045313785273	1.8272472979800598	-0.44420198419478685
48750000	48799999	1.255471887393092	1.8272472979800598	-0.5717754105869679
48800000	48849999	1.4909477419450226	1.8272472979800598	-0.33629955603503725
48850000	48899999	0.9764849246130463	1.8272472979800598	-0.8507623733670135
48900000	48949999	0.8737607304607513	1.8272472979800598	-0.9534865675193085
48950000	48999999	1.417987789482997	1.8272472979800598	-0.4092595084970627
49000000	49049999	1.5012025709360595	1.8272472979800598	-0.32604472704400034
49050000	49099999	1.26095394823296	1.8272472979800598	-0.5662933497470999
49100000	49149999	1.0900314263966218	1.8272472979800598	-0.737215871583438
49150000	49199999	1.2426318135309582	1.8272472979800598	-0.5846154844491016
49200000	49249999	1.4963597144644638	1.8272472979800598	-0.330887583515596
49250000	49299999	1.1967239623155403	1.8272472979800598	-0.6305233356645195
49300000	49349999	1.111109275592956	1.8272472979800598	-0.7161380223871039
49350000	49399999	1.25175795483583	1.8272472979800598	-0.5754893431442298
49400000	49449999	1.0633268306332337	1.8272472979800598	-0.7639204673468261
49450000	49499999	1.3851046313329078	1.8272472979800598	-0.44214266664715196
49500000	49549999	1.42210557152276	1.8272472979800598	-0.40514172645729984
49550000	49599999	1.5631001880658355	1.8272472979800598	-0.2641471099142243
49600000	49649999	1.546451658785144	1.8272472979800598	-0.2807956391949158
49650000	49699999	1.223421426072322	1.8272472979800598	-0.6038258719077378
49700000	49749999	1.050189961208197	1.8272472979800598	-0.7770573367718627
49750000	49799999	1.3707116358441924	1.8272472979800598	-0.4565356621358674
49800000	49849999	1.3001171264550506	1.8272472979800598	-0.5271301715250092
49850000	49899999	1.711493961316736	1.8272472979800598	-0.11575333666332388
49900000	49949999	1.6577260107980134	1.8272472979800598	-0.1695212871820464
49950000	49999999	1.5626684720747819	1.8272472979800598	-0.2645788259052779
50000000	50049999	1.6284079507091218	1.8272472979800598	-0.198839347270938
50050000	50099999	1.7287408716926407	1.8272472979800598	-0.09850642628741912
50100000	50149999	0.8528226399676758	1.8272472979800598	-0.974424658012384
50150000	50199999	0.9539205578475678	1.8272472979800598	-0.873326740132492
50200000	50249999	2.0720378352134707	1.8272472979800598	0.24479053723341093
50250000	50299999	1.849541379007785	1.8272472979800598	0.022294081027725232
50300000	50349999	1.0078953268889221	1.8272472979800598	-0.8193519710911377
50350000	50399999	2.53338618798006	1.8272472979800598	0.7061388900000003
50400000	50449999	2.4280423157229523	1.8272472979800598	0.6007950177428925
50450000	50499999	1.7290286310248077	1.8272472979800598	-0.09821866695525205
50500000	50549999	1.9977583924473694	1.8272472979800598	0.1705110944673096
50550000	50599999	1.7701515096071838	1.8272472979800598	-0.05709578837287599
50600000	50649999	2.118018272994684	1.8272472979800598	0.2907709750146241
50650000	50699999	1.3833872883776104	1.8272472979800598	-0.4438600096024494
50700000	50749999	2.6675648327800596	1.8272472979800598	0.8403175347999998
50750000	50799999	1.8272820966749053	1.8272472979800598	3.47986948454615e-05
50800000	50849999	1.7735532472532745	1.8272472979800598	-0.05369405072678535
50850000	50899999	1.9354414588017028	1.8272472979800598	0.10819416082164302
50900000	50949999	1.950227487435257	1.8272472979800598	0.12298018945519718
50950000	50999999	2.0445055952704956	1.8272472979800598	0.21725829729043578
51000000	51049999	2.0401779847750303	1.8272472979800598	0.21293068679497051
51050000	51099999	2.5145215027800596	1.8272472979800598	0.6872742047999998
51100000	51149999	2.1269107687390134	1.8272472979800598	0.2996634707589536
51150000	51199999	2.2564953621790345	1.8272472979800598	0.42924806419897465
51200000	51249999	1.1693809123868164	1.8272472979800598	-0.6578663855932434
51250000	51299999	1.2404654981868164	1.8272472979800598	-0.5867817997932434
51300000	51349999	0.8272472979800598	1.8272472979800598	-1.0
