chrom	start	end	binNum	observed	expected	log2.copyRatio
chr1	0	55699999	1114	2751.07	2213.7	0.374380740406754
chr1	55700000	108999999	1066	1879.37	2118.31	-0.11181699543651
chr1	109000000	121449999	249	643.165	494.803	0.439182265249871
chr1	121450000	121499999	1	163.013	1.98716	6.41898278563598
chr1	121500000	249299999	2556	5448.64	5079.18	0.162148183942074
chr2	0	243199999	4864	9393.43	9712.58	0.0126450890150128
chr3	0	53949999	1079	2295.21	2019.64	0.245375615989151
chr3	53950000	118649999	1294	1825.34	2422.07	-0.347227732558162
chr3	118650000	198049999	1588	2906.86	2972.37	0.0286954899245003
chr4	0	191199999	3824	7109.64	7445.79	-0.00580080385458659
chr5	0	180949999	3619	7064.7	7017.82	0.0704529669700657
chr6	0	45599999	912	2070.68	1527.95	0.499354897863602
chr6	45600000	133899999	1766	2747.09	2958.72	-0.0462213829190862
chr6	133900000	171149999	745	1458.37	1248.16	0.285401519166284
chr7	0	91549999	1831	3440.37	3466.52	0.0499232592263483
chr7	91550000	159149999	1352	3270.15	2559.66	0.414252236472076
chr8	0	146399999	2928	5528.79	5753.84	0.00328628418089407
chr9	0	20749999	415	674.214	821.057	-0.223428182972187
chr9	20750000	31599999	217	231.643	429.324	-0.829316124675824
chr9	31600000	38899999	146	324.719	288.854	0.229698942420819
chr9	38900000	47349999	169	153.34	334.358	-1.06381193798475
chr9	47350000	123149999	1516	2564.74	2999.33	-0.164980069301996
chr9	123150000	141249999	362	923.636	716.199	0.427811514133664
chr10	0	42349999	847	1670.49	1678.34	0.0540839513672862
chr10	42350000	42599999	5	139.059	9.90755	3.87187257981695
chr10	42600000	135549999	1859	3513.8	3683.63	-0.00724846713446341
chr11	0	20599999	412	676.634	562.331	0.327803704222841
chr11	20600000	59599999	780	885.028	1064.61	-0.205682405438767
chr11	59600000	78249999	373	699.274	509.1	0.518756412285866
chr11	78250000	135049999	1136	1279.22	1550.5	-0.216621512766402
chr12	0	45599999	912	1164.54	1264.93	-0.0584497420197679
chr12	45600000	58299999	254	463.863	352.295	0.457762388152979
chr12	58300000	89449999	623	661.464	864.095	-0.32467967974434
chr12	89450000	133899999	889	1265.24	1233.03	0.0980507836559635
chr13	0	53749999	1075	1535.38	1670.08	-0.0604738383234231
chr13	53750000	90449999	734	714.622	1140.31	-0.613326235774536
chr13	90450000	93349999	58	230.432	90.1065	1.41548560388545
chr13	93350000	115199999	437	560.096	678.906	-0.216690097211519
chr14	0	107349999	2147	2739.17	3391.87	-0.247494457427092
chr15	0	32799999	656	1055.04	1294.98	-0.234784506277554
chr15	32800000	102549999	1395	2955.07	2753.8	0.162616133909901
chr16	0	46349999	927	1742.26	1806.25	0.00880996107051795
chr16	46350000	46449999	2	47.2473	3.89698	3.66065106785155
chr16	46450000	90399999	879	1674.14	1712.72	0.027978476442948
chr17	0	81199999	1624	3077.12	3227.6	-0.0080334754459485
chr18	0	35099999	702	1285.6	1104.01	0.280536207349847
chr18	35100000	78099999	860	979.439	1352.5	-0.404753432243604
chr19	0	20049999	401	764.772	723.985	0.13991751029412
chr19	20050000	27699999	153	185.147	276.234	-0.51637211679502
chr19	27700000	27749999	1	70.9425	1.80545	5.35706741245263
chr19	27750000	59149999	628	1092.4	1133.82	0.00715720952181077
chr20	0	6049999	121	185.114	177.265	0.123353910059314
chr20	6050000	26099999	401	331.588	587.465	-0.764263490641775
chr20	26100000	63049999	739	1097.2	1082.64	0.0801205434845572
chr21	0	30199999	604	1116.46	1193.04	-0.0348632371339244
chr21	30200000	48149999	359	896.366	709.108	0.398930167820674
chr22	0	16849999	337	421.073	615.783	-0.487504055879643
chr22	16850000	23649999	136	568.233	248.506	1.25404954620116
chr22	23650000	51349999	554	930.312	1012.3	-0.0610027487642896
chrX	0	72099999	1442	2382.88	2832.87	-0.188710484599608
chrX	72100000	99949999	557	622.675	1094.25	-0.752543508461998
chrX	99950000	155299999	1107	1726.71	2174.75	-0.271976147816727
