188	8.0	0.29058000000000006	0.306292628436525	4230
189	13.0	0.3632	0.25608036790858396	844
190	13.0	0.39030000000000004	0.45432800988606564	688
191	10.0	0.33512000000000003	0.18047040305318388	4759
192	1.0	0.039639999999999995	0.02463181026679353	2495
193	19.0	0.43726000000000004	0.18176796790451324	18879
194	6.0	0.41788	0.20663689787052666	4721
195	15.0	0.18128	0.07513303178576475	413
196	5.0	0.21162	0.26631259552789943	27344
197	15.0	0.4639	0.3532335645847716	16248
198	17.0	0.4755400000000001	0.3558792840308362	1754
199	14.0	0.41096000000000005	0.21226153157638397	1527
200	9.0	0.25286000000000003	0.15891619632383444	1419
201	3.0	0.11154	0.07602170461334568	8456
202	14.0	0.37444000000000005	0.19373870068141122	2691
203	21.0	0.41258	0.16006233732290687	2772
204	8.0	0.13588	0.049252358775243844	1311
207	7.0	0.22678	0.15079737728959583	1489
208	15.0	0.33759999999999996	0.22892016191634704	13591
209	18.0	0.34776	0.21702057562033397	12376
210	16.0	0.33305999999999997	0.21832581264035067	13302
211	15.0	0.35534	0.25765129384368063	21011
212	14.0	0.4321	0.20273324969812845	23290
213	4.0	0.01504	0.029443337310600014	579
214	36.0	0.36571999999999993	0.584807630591865	41685
215	8.0	0.40588	0.7261840691159945	35233
216	0.0	0.4075800000000001	0.8627788534892809	18935
217	7.0	0.4049000000000001	0.4922538178282705	24790
218	16.0	0.38416000000000006	0.38634212475733604	27143
219	13.0	0.40020000000000006	0.41865891377590253	20798
220	19.0	0.36694000000000004	0.46925397862086576	36940
221	17.0	0.38876	0.5989966452131233	74161
222	11.0	0.45392000000000005	0.6026213690201998	36647
223	14.0	0.31278	0.4135997000710237	34430
286	6.0	0.08884	0.11999119288828222	4770
287	11.0	0.38126000000000004	0.28215915779559186	16251
288	25.0	0.37965999999999994	0.24726139553347135	11796
289	22.0	0.36398	0.19096014550036627	4271
290	12.0	0.37496	0.16749260979744157	5488
291	20.0	0.3607	0.27908109344757015	4706
292	16.0	0.3643999999999999	0.40901123779117626	9374
293	13.0	0.37331999999999993	0.41972131636342347	9809
294	16.0	0.39438	0.2944538836981623	7224
295	9.0	0.36258	0.4223799924581132	8087
296	21.0	0.39356	0.4650750651703883	12052
297	14.0	0.37939999999999996	0.4188978789683417	9392
298	13.0	0.3592	0.4265916037285293	7094
299	21.0	0.37059999999999993	0.32559247013625975	2048
300	11.0	0.39449999999999996	0.28331115687492625	684
301	12.0	0.4567	0.39178093929595686	47
302	20.0	0.4032	0.3518459364868989	134
303	16.0	0.4145799999999999	0.43465320225293647	1502
304	23.0	0.45188	0.3455722477458838	21612
305	31.0	0.43176000000000003	0.285911894037921	19416
306	18.0	0.37342	0.3009472331117914	18469
307	12.0	0.4696799999999999	0.46409230772679233	21522
308	12.0	0.45058	0.7114527435342881	21279
309	18.0	0.43110000000000004	0.7905738174527176	29852
310	15.0	0.35186	0.8360365445701913	19715
311	8.0	0.34924	0.8554853397671337	20425
312	14.0	0.37339999999999995	0.9361212243997098	29508
313	13.0	0.3592	0.9352460875650143	31650
314	9.0	0.36224000000000006	0.8886708968509769	33839
315	12.0	0.3636599999999999	0.9266532379422396	32759
316	15.0	0.36451999999999996	0.9624036855445574	35480
317	19.0	0.36535999999999996	0.9162482531347904	39863
318	17.0	0.36341999999999997	0.9273686082389248	36969
319	20.0	0.36784000000000006	0.8308918047672759	37872
320	15.0	0.35804	0.86952487715997	30495
321	10.0	0.37112	0.9438277643080896	39699
322	12.0	0.36973999999999996	0.9526099276964269	40292
323	23.0	0.36	0.7503731616871091	26783
324	22.0	0.38888	0.9214756141118708	33974
325	20.0	0.37338	0.9117280148477344	28438
326	27.0	0.38484	0.7572924368733966	28535
327	22.0	0.35962000000000005	0.9542285676896457	33021
328	8.0	0.37904000000000004	0.9531249783048086	31061
329	5.0	0.36869999999999997	0.9703073179239063	26960
330	21.0	0.39488	0.9515477397902948	30876
331	15.0	0.39518000000000003	0.8949996877501595	25551
332	14.0	0.38502000000000003	0.9044206132981487	27013
333	12.0	0.38412	0.9471681846961436	28021
334	9.0	0.3695800000000001	0.9504657836700747	23697
335	13.0	0.38278	0.9548916773896463	23675
336	20.0	0.37001999999999996	0.8944986775508975	25228
337	23.0	0.37676000000000004	0.9756515646494157	25467
338	17.0	0.371	0.8950336884648248	20944
339	17.0	0.37705999999999995	0.8878369338077143	27739
340	17.0	0.3710799999999999	0.8945094061638295	26428
341	15.0	0.37772	0.9161760674780405	30245
342	22.0	0.37718	0.9479703636245254	26102
343	10.0	0.35095999999999994	0.9576293812029496	25537
344	13.0	0.33938	0.9325926440232757	22223
345	17.0	0.37164	0.7374814774398568	24876
346	15.0	0.35879999999999995	0.8796260967711688	20009
347	11.0	0.36879999999999996	0.8232016241397406	18559
348	20.0	0.35590000000000005	0.9458303703629185	15513
349	13.0	0.34337999999999996	0.9540996236222027	16403
350	22.0	0.37772	0.7981022726596791	17326
351	28.0	0.36638	0.9106525112418081	15125
352	10.0	0.33781999999999995	0.9110415568125481	14668
353	21.0	0.3455	0.9717448726291246	14769
354	13.0	0.34656	0.9377645009217579	15237
355	15.0	0.36388000000000004	0.839531036880176	15218
356	17.0	0.34393999999999997	0.9315928713541807	12811
357	11.0	0.34569999999999995	0.883231990053662	15049
358	10.0	0.35462000000000005	0.9188582301041314	16106
359	16.0	0.35810000000000003	0.915053413864934	14379
360	10.0	0.35273999999999994	0.9272320016777784	14323
361	10.0	0.35308	0.9164529124077928	14265
362	16.0	0.36466	0.7942271094295831	15304
363	13.0	0.35925999999999997	0.9182978205938099	16637
364	28.0	0.3434	0.9759860252055819	15663
365	14.0	0.37625999999999993	0.7207013047994123	16486
366	14.0	0.34747999999999996	0.9109952020482118	12347
367	16.0	0.34214	0.9387491793165946	13869
368	19.0	0.37239999999999995	0.86037807547456	15520
369	23.0	0.39236	0.707231137262293	14580
370	17.0	0.37282000000000004	0.7430423607262102	16456
371	17.0	0.3654	0.8854714395285591	16172
372	18.0	0.37013999999999997	0.7651674421520498	16828
373	16.0	0.40676000000000007	0.6958434974648565	18397
374	16.0	0.40218	0.682963051102328	19222
375	17.0	0.40484000000000003	0.7710991260329014	21650
376	11.0	0.41836000000000007	0.8321141652171608	25522
377	19.0	0.4233	0.7888757084298066	27967
378	18.0	0.40046	0.8512736998928132	27415
379	9.0	0.38344	0.8992044873031733	26820
380	20.0	0.40563999999999995	0.8956976075349745	25498
381	7.0	0.42741999999999997	0.7220211460054536	27563
382	20.0	0.40504000000000007	0.7562821196678975	25591
383	13.0	0.38403999999999994	0.925430686727673	27234
384	15.0	0.38242000000000004	0.9283823290054596	24141
385	10.0	0.40296000000000004	0.8005301302695345	22463
386	14.0	0.37632	0.873270599714609	17120
387	16.0	0.38311999999999996	0.8970098184151575	17788
388	14.0	0.36257999999999996	0.9654250574755322	16945
389	19.0	0.37433999999999995	0.9195440618348527	17009
390	15.0	0.36122	0.9284915856099226	14646
391	11.0	0.36124	0.9304499456615952	14875
392	22.0	0.35048	0.9568904392343234	14671
393	15.0	0.3622800000000001	0.901901958117168	22690
394	17.0	0.34066	0.964546697484826	15712
395	17.0	0.34918	0.9416213954241165	14690
396	13.0	0.35681999999999997	0.7943551746154771	13798
397	15.0	0.3532999999999999	0.9240810837881481	16266
398	15.0	0.34274	0.8059019669384231	17289
399	14.0	0.3496	0.9476255584188207	20492
400	17.0	0.34438	0.9400378962817333	19778
401	12.0	0.35176	0.9272639241371686	18143
402	11.0	0.37701999999999997	0.8654565936597057	20754
403	16.0	0.3607599999999999	0.8698048771632291	17280
404	14.0	0.3636599999999999	0.7976574048383789	16542
405	17.0	0.3547600000000001	0.9703229121991208	15550
406	18.0	0.34214	0.952137718712665	14598
407	16.0	0.34450000000000003	0.9502610912735173	14427
408	19.0	0.35748	0.8630617601492281	15978
409	12.0	0.3609799999999999	0.9182351157989017	16347
410	12.0	0.35674	0.8791047298800798	17010
411	13.0	0.35566000000000003	0.9384380593818437	17783
412	10.0	0.34124000000000004	0.9652795515423613	17652
413	13.0	0.33658	0.9445062079112004	14886
414	14.0	0.33397999999999994	0.9132047422084458	16300
415	26.0	0.34318000000000004	0.9271535886135535	16547
416	11.0	0.35044000000000003	0.9123629458797403	18006
417	13.0	0.3767799999999999	0.940993447041765	19725
418	14.0	0.34968	0.938086855661873	19040
419	21.0	0.3368	0.9588881406387539	17867
420	19.0	0.338	0.9176394038933469	16672
421	24.0	0.35564	0.9413550688342318	18433
422	21.0	0.33303999999999995	0.8839664874573624	15711
423	13.0	0.35134	0.8584640540551468	19783
424	14.0	0.3426600000000001	0.9623130477466804	19083
425	21.0	0.34956000000000004	0.9199722814332234	20422
426	14.0	0.3368	0.8787731844489978	17315
427	17.0	0.35803999999999997	0.9260585956476316	23633
428	10.0	0.3628	0.8906089349179065	19730
429	11.0	0.35412000000000005	0.8998452890884622	22409
430	7.0	0.34668000000000004	0.8959738677996303	19456
431	17.0	0.35253999999999996	0.9159107087342029	20684
432	10.0	0.34948	0.913436406580579	25315
433	17.0	0.33186	0.9388925026729061	22782
434	6.0	0.3446	0.9450858534814487	23470
435	12.0	0.36264	0.9248838565793788	22362
436	10.0	0.35656	0.9065709291949839	22950
437	10.0	0.35928	0.9138645341461984	19052
438	16.0	0.3463399999999999	0.9476547087764132	20199
439	10.0	0.34956	0.9164270627193772	19720
440	20.0	0.3592	0.9605314172233308	19724
441	15.0	0.3609800000000001	0.9358874035585374	19811
442	14.0	0.36002	0.946449256887517	19850
443	19.0	0.3670799999999999	0.937463639817356	19906
444	9.0	0.35372	0.9358635508810546	18645
445	14.0	0.35795999999999994	0.889976414764642	19198
446	16.0	0.34218000000000004	0.9042144979679541	19503
447	13.0	0.37573999999999996	0.9325458679833393	24205
448	15.0	0.34692	0.9284190787329807	21842
449	11.0	0.34690000000000004	0.9543585530879595	21702
450	9.0	0.34114000000000005	0.9447379463377692	29476
451	17.0	0.34925999999999996	0.9590333617334401	29875
452	15.0	0.34082	0.9388452246958147	20786
453	14.0	0.33437999999999996	0.9526702118628254	25069
454	22.0	0.33590000000000003	0.9522138547233867	23714
455	14.0	0.3469	0.905240343431539	25090
456	18.0	0.3403	0.9288419781217107	23315
457	16.0	0.31746	0.9535546768041006	20202
458	12.0	0.3481	0.9394340998864635	20798
459	21.0	0.34842	0.955805968414388	17826
460	21.0	0.36163999999999996	0.9047957990287233	16552
461	18.0	0.3377800000000001	0.90157694015233	16576
462	16.0	0.3526	0.9423517791857948	16609
463	12.0	0.3489	0.9327288326334614	16511
464	14.0	0.35984	0.906525546248513	19353
465	15.0	0.36823999999999996	0.9215349987800449	18590
466	14.0	0.34518	0.9476530779558106	19411
467	15.0	0.36217999999999995	0.863055765985074	21795
468	19.0	0.34352	0.9272602880423004	18591
469	18.0	0.36012000000000005	0.917002327115502	24208
470	17.0	0.34174000000000004	0.9670384673662042	26146
471	19.0	0.3342	0.9344369968086261	23288
472	11.0	0.34434	0.9204129664582382	22730
473	12.0	0.34537999999999996	0.9467572450985563	22406
474	18.0	0.36162	0.9128412724404125	21948
475	15.0	0.33518000000000003	0.9176083763404598	18519
476	22.0	0.3554	0.8963847541419838	21626
477	15.0	0.3487799999999999	0.8550496542966272	16999
478	12.0	0.3541	0.8829568657521104	15647
479	7.0	0.36036000000000007	0.8967939625028832	19055
480	12.0	0.34284	0.9400798215458048	15440
481	13.0	0.36193999999999993	0.8774763117484916	17431
482	17.0	0.34548	0.9372082466431573	16896
483	7.0	0.34584000000000004	0.9125210295954563	16268
484	13.0	0.35481999999999997	0.9304717471923154	15630
485	18.0	0.35110000000000013	0.8234264584830038	13409
486	13.0	0.34157999999999994	0.8953663122006469	13064
487	15.0	0.35812	0.8980126251949747	14489
488	14.0	0.33988	0.9209220134053132	14750
489	16.0	0.3356000000000001	0.9523158028320834	12714
490	14.0	0.3347800000000001	0.8919647297996115	13223
491	12.0	0.33568000000000003	0.9502907564860651	11977
492	19.0	0.33666	0.9741539805491842	12840
493	16.0	0.34281999999999996	0.9373267316619219	13699
494	17.0	0.35484000000000004	0.9025471764813463	14129
495	14.0	0.34556	0.9335156944950006	15451
496	12.0	0.34298000000000006	0.9396051104868934	12262
497	16.0	0.33554	0.934531713622244	12916
498	17.0	0.34334	0.9345167020458347	14088
499	17.0	0.34344	0.9436520918117552	16747
500	17.0	0.3481	0.940883750035907	15014
501	16.0	0.3558800000000001	0.945042806626361	17887
502	14.0	0.36757999999999996	0.8849395194663784	20745
503	11.0	0.37394	0.8882597365945787	20231
504	15.0	0.38116	0.9065044175718373	21708
505	13.0	0.37583999999999995	0.9027994817094918	24158
506	11.0	0.37568000000000007	0.9238561635133323	19099
507	17.0	0.37278	0.9143426304150319	17763
508	21.0	0.35506	0.9410460510542444	15453
509	15.0	0.33912	0.940411463424516	14343
510	14.0	0.33886000000000005	0.9556932912573299	20398
511	9.0	0.35078000000000004	0.9293641199851332	19588
512	11.0	0.33840000000000003	0.9277339473506245	24361
513	15.0	0.34447999999999995	0.9544534565547412	26372
514	15.0	0.34495999999999993	0.9149611354008395	22196
515	17.0	0.34525999999999996	0.925932716140829	18346
516	12.0	0.3459399999999999	0.9203868377286187	21634
517	8.0	0.33936000000000005	0.8938081496385258	17720
518	15.0	0.36002	0.874966032041598	21817
519	11.0	0.35348000000000007	0.9187223842397584	22351
520	9.0	0.35986000000000007	0.9355220237835281	19572
521	21.0	0.34412	0.9292126368883903	19640
522	16.0	0.35125999999999996	0.918038888906896	21150
523	13.0	0.35102000000000005	0.9543284715109004	19459
524	16.0	0.35568000000000005	0.9260478790572301	21457
525	13.0	0.35278	0.8500135376540618	21233
526	16.0	0.36664	0.925428403531043	23049
527	21.0	0.37929999999999997	0.9188138743327655	23742
528	14.0	0.3563400000000001	0.9424279170662715	20281
529	18.0	0.3604	0.947027325050796	17238
530	18.0	0.3738600000000001	0.8957174544470441	17927
531	14.0	0.36074	0.9555381375197841	22425
532	15.0	0.34491999999999995	0.9338869311036179	21663
533	22.0	0.35714000000000007	0.9516984173925821	19547
534	19.0	0.37278000000000006	0.892318250624416	22466
535	23.0	0.38012	0.9227817890857143	23644
536	16.0	0.38083999999999996	0.8438824502764606	26649
537	12.0	0.37276	0.9147729920055967	26353
538	12.0	0.39147999999999994	0.9335032566177099	27198
539	14.0	0.3902400000000001	0.9129634368385255	35899
540	14.0	0.39806	0.9024940653283859	32880
541	15.0	0.40176	0.8882255589758893	40689
542	21.0	0.37378	0.90959390473048	36155
543	15.0	0.4085599999999999	0.8582876199546299	39619
544	13.0	0.41922000000000004	0.8970977622524203	35213
545	12.0	0.41302000000000005	0.7946419155233119	24944
546	13.0	0.39388000000000006	0.9174262721858533	27695
547	7.0	0.39505999999999986	0.917210711980919	26655
548	11.0	0.39708	0.9108068245062896	28312
549	16.0	0.3868	0.9239535623063776	28804
550	21.0	0.40358	0.922565889859168	30250
551	14.0	0.41392	0.8600463276605018	27120
552	14.0	0.38543999999999995	0.83563237843127	23751
553	11.0	0.38392	0.8571944742512907	22411
554	18.0	0.37420000000000003	0.8569064145866782	24241
555	21.0	0.40856000000000003	0.9034149906760733	26000
556	18.0	0.38201999999999997	0.9456335510852925	22214
557	10.0	0.37483999999999995	0.9353541686502923	24970
558	19.0	0.37028	0.956427265378252	23913
559	14.0	0.37101999999999996	0.9389025924063555	22439
560	21.0	0.36471999999999993	0.8684710380428686	20474
561	20.0	0.37958000000000014	0.9150230011745561	23684
562	11.0	0.38616	0.9170226043867751	20077
563	22.0	0.37366	0.937841319185161	20469
564	17.0	0.40880000000000005	0.871816807629094	25009
565	27.0	0.36568	0.9322927531141616	20031
566	23.0	0.39096000000000003	0.9674852900392023	22377
567	17.0	0.36565999999999993	0.9251961726291306	18513
568	18.0	0.37321999999999994	0.8778788575144688	21152
569	15.0	0.37126000000000003	0.935504025621246	22215
570	9.0	0.3636000000000001	0.916966438591864	21377
571	16.0	0.35088	0.9399984170057482	20311
572	15.0	0.35314	0.9838304768073967	20389
573	15.0	0.36083999999999994	0.91859276634284	19968
574	16.0	0.3554	0.9280213270083125	18184
575	18.0	0.36963999999999997	0.9304109043013373	20354
576	21.0	0.36840000000000006	0.8803850173555401	20193
577	14.0	0.35372	0.9296049603443595	33273
578	21.0	0.36107999999999996	0.8831792257099988	19481
579	14.0	0.36091999999999996	0.8771544938464504	20271
580	19.0	0.34908	0.9096223408790831	19499
581	13.0	0.36719999999999997	0.9172274823436771	20023
582	16.0	0.35794	0.9282597653592604	18487
583	13.0	0.37670000000000003	0.8940985551225251	22528
584	17.0	0.35714000000000007	0.5376969543211231	16953
585	18.0	0.36125999999999997	0.4008570958946302	16491
586	12.0	0.36248	0.5432194788339166	17252
587	11.0	0.36588	0.47686742343843364	18092
588	17.0	0.36772000000000005	0.5805061418324751	18591
589	16.0	0.34602000000000005	0.9002304896232305	21330
590	14.0	0.3778199999999999	0.851541240921773	19996
591	15.0	0.36393999999999993	0.9005334585676681	22325
592	19.0	0.3516	0.9624605140872386	21696
593	11.0	0.36863999999999997	0.9091179232059927	22673
594	12.0	0.35646	0.9239639143789132	21536
595	14.0	0.37738000000000005	0.9506458092143211	23277
596	25.0	0.37244	0.9547698894516121	23989
597	20.0	0.3747800000000001	0.9595151975787631	23102
598	16.0	0.37248000000000003	0.8642790533499567	23285
599	19.0	0.37843999999999994	0.8586909259837652	26989
600	19.0	0.3911999999999999	0.916094389743823	28322
601	18.0	0.38095999999999997	0.8093639421630757	26458
602	18.0	0.40528	0.9322805596476545	37930
603	19.0	0.3918	0.8630501984917086	39563
604	14.0	0.39498	0.7869742866413394	42037
605	13.0	0.3838000000000001	0.8833845805381755	44594
606	14.0	0.36142	0.9217052765888415	42036
607	10.0	0.43144	0.8008118057008757	52735
608	14.0	0.3906400000000001	0.8842292091998979	50343
609	14.0	0.41285999999999995	0.890722241824101	54205
610	11.0	0.39590000000000003	0.9089869845355276	44287
611	17.0	0.39556	0.9297254173329298	46308
612	21.0	0.38947999999999994	0.8917834040051054	42776
613	26.0	0.40378000000000003	0.9530065557433959	50980
614	21.0	0.41188	0.8780681312824244	54290
615	15.0	0.39864	0.827589620602743	39664
616	15.0	0.39512	0.8947836506456346	42133
617	13.0	0.41284	0.9313885542129728	43219
618	15.0	0.37994000000000006	0.9328548734090322	45366
619	17.0	0.38172000000000006	0.9479958339046701	47728
620	15.0	0.3901	0.9485797618395003	58940
621	19.0	0.38094000000000006	0.9206983387062185	49695
622	7.0	0.39379999999999993	0.922170881707416	47543
623	21.0	0.37736	0.952773941415299	43105
624	16.0	0.37752	0.9520435567171524	45389
625	19.0	0.3612200000000001	0.905038567527552	31806
626	22.0	0.36902	0.9779586571466395	29828
627	14.0	0.35667999999999994	0.9724601638501749	24120
628	13.0	0.37638	0.9082672873649419	25116
629	20.0	0.36116	0.9541362250319858	21444
630	11.0	0.38195999999999997	0.9378298583703872	27020
631	11.0	0.3646999999999999	0.9032480361347844	23020
632	17.0	0.37536	0.9346686450570875	24978
633	16.0	0.35688	0.9666202009994571	21760
634	18.0	0.37622000000000005	0.8926325108466279	23345
635	17.0	0.37228	0.9260093854579513	23984
636	18.0	0.3656399999999999	0.9471625560370637	24978
637	25.0	0.35736000000000007	0.90254540109698	22126
638	12.0	0.34976	0.91843035234748	19052
639	17.0	0.37006	0.9459046817276058	23260
640	19.0	0.3683199999999999	0.8807688555400868	21787
641	17.0	0.36478	0.927322784389441	19556
642	9.0	0.3546	0.9102888764297673	20888
643	17.0	0.3718000000000001	0.9213874709641963	22593
644	16.0	0.3814	0.8571923319491265	21363
645	24.0	0.37754	0.9580897966924143	23674
646	17.0	0.40684000000000003	0.9082314412895305	26369
647	22.0	0.4	0.9293265952692561	23961
648	17.0	0.4123599999999999	0.8993742852026098	29294
649	12.0	0.42835999999999996	0.8722251988707244	37253
650	16.0	0.42058	0.9127452954900226	39075
651	12.0	0.41804	0.8870506138680347	39766
652	23.0	0.4282399999999999	0.9135223995082666	37394
653	12.0	0.4316600000000001	0.8614733662614383	36657
654	2.0	0.43550000000000005	0.9151177972797173	37555
655	16.0	0.4425	0.8450358209714909	40483
656	9.0	0.45256	0.8269654325906121	49345
657	16.0	0.46230000000000004	0.8463273117187035	46450
658	11.0	0.46562000000000003	0.8446689533008498	43135
659	10.0	0.45771999999999996	0.7779353615198633	51700
660	8.0	0.43613999999999997	0.8366769293108774	50031
661	17.0	0.3698599999999999	0.9245554316017726	40331
662	19.0	0.43698	0.8216279199358245	55792
663	14.0	0.43796	0.7573668046816795	41691
664	13.0	0.4416599999999999	0.9089755414676035	45096
665	10.0	0.45872	0.8679783451141612	47244
666	19.0	0.4471	0.9027659995335512	43001
667	19.0	0.45931999999999995	0.8818562624474465	50919
668	15.0	0.45653999999999995	0.8857069651629408	49210
669	19.0	0.42744	0.9024994661183648	49331
670	17.0	0.40914	0.9110122205290232	41115
671	13.0	0.43326	0.8206801322246806	44741
672	22.0	0.4304599999999999	0.9009728427729137	44893
673	17.0	0.46098	0.8833874052822371	55854
674	13.0	0.45744000000000007	0.954194503409168	50684
675	10.0	0.45854	0.8781972371376771	60233
676	7.0	0.47212000000000004	0.68208585011585	54267
677	15.0	0.46337999999999996	0.768242465757026	55207
678	11.0	0.43526000000000004	0.8199103961995291	50006
679	12.0	0.46598	0.7498679295018248	63448
680	18.0	0.38299999999999995	0.874314740342425	49371
681	21.0	0.37757999999999997	0.8883639541021522	51947
682	17.0	0.39542	0.9124910592901554	47745
683	10.0	0.4210199999999999	0.8733348970083215	52771
684	11.0	0.41975999999999997	0.8699442334219151	47947
685	11.0	0.418	0.9353276445135166	50008
686	18.0	0.44187999999999994	0.9002208351179171	46333
687	12.0	0.46042	0.9436519769522109	42642
688	19.0	0.49016000000000004	0.9519998638402188	46655
689	10.0	0.45447999999999994	0.9025508428603489	53953
690	15.0	0.46048	0.8938221429421398	52294
691	15.0	0.42693999999999993	0.8959012184043544	64459
692	10.0	0.44531999999999994	0.8663290461972782	60764
693	16.0	0.44698	0.8727609527554845	64635
694	11.0	0.4194799999999999	0.8491462537433054	57642
695	14.0	0.48080000000000006	0.7946390619796097	67925
696	15.0	0.43151999999999996	0.7891807129613121	59725
697	8.0	0.44566	0.7717227340603974	63838
698	15.0	0.39524000000000004	0.9068689945505127	54044
699	9.0	0.41162000000000004	0.7891952602699703	52814
700	8.0	0.41936	0.8666975674375299	58132
701	22.0	0.39838	0.8297524991650304	57567
702	10.0	0.39918	0.8829105361985663	57725
703	14.0	0.39358000000000004	0.9181068729361017	50928
704	11.0	0.48686000000000007	0.8822261918271743	63475
705	10.0	0.4545	0.8725572217874291	68173
706	16.0	0.4295800000000001	0.8106982541777283	58437
707	12.0	0.4508	0.8927401584254422	65130
708	15.0	0.43394	0.9240675687027807	56656
709	19.0	0.38878	0.9738991917559755	54661
710	21.0	0.43738	0.8693024552440218	44807
711	16.0	0.43617999999999996	0.9394366917569911	57086
712	19.0	0.42804000000000003	0.9316651458426799	52804
713	13.0	0.43292	0.9406288197641895	52924
714	13.0	0.45481999999999995	0.9043116811651013	62179
715	11.0	0.46147999999999995	0.9140001282542023	59883
716	10.0	0.43812000000000006	0.8871617585521043	57220
717	19.0	0.44160000000000005	0.8818715512055902	52016
718	14.0	0.4353600000000001	0.9313832173842608	54874
719	13.0	0.4446	0.9336880260445087	58564
720	18.0	0.4476	0.9320153032552225	56051
721	14.0	0.45588	0.9084261449362047	55852
722	14.0	0.43606	0.9475007763281754	58140
723	17.0	0.44848	0.9562116920688157	58846
724	16.0	0.4489999999999999	0.9424671596854303	55603
725	19.0	0.42845999999999995	0.966886422701733	62865
726	17.0	0.41306000000000004	0.933906215924144	65354
727	16.0	0.43992000000000003	0.9511755511687779	70851
728	12.0	0.42338000000000003	0.9567803347805435	57298
729	10.0	0.40342	0.9169598640547997	64043
730	14.0	0.41403999999999996	0.924330928930271	57712
731	17.0	0.4053000000000001	0.9367911841503317	52613
732	19.0	0.39546	0.9194791597160042	54804
733	11.0	0.4146000000000001	0.9433109339107368	55615
734	15.0	0.39822	0.9806166647399669	56893
735	19.0	0.40422	0.9386196319358256	59823
736	23.0	0.39787999999999996	0.9300688446563136	48524
737	21.0	0.4061600000000001	0.8365257629802596	46749
738	11.0	0.41107999999999995	0.960373604158776	52328
739	18.0	0.38661999999999996	0.9608381910225878	42710
740	18.0	0.41586	0.9341514667082024	41856
741	18.0	0.41836000000000007	0.9369124662097272	45020
742	16.0	0.40818	0.9363157595854003	38351
743	16.0	0.40706	0.8300153380327234	44667
744	14.0	0.44209999999999994	0.8931934885823066	51238
745	13.0	0.40497999999999995	0.8591124063833718	46523
746	15.0	0.42640000000000006	0.9186611801941944	53682
747	13.0	0.44448	0.8795766923932619	54044
748	12.0	0.4578	0.8836330864353773	56279
749	19.0	0.43238	0.7956684219097157	62778
750	10.0	0.48109999999999997	0.7719420178453267	69881
751	15.0	0.46994	0.7781385235622293	63335
752	8.0	0.47386	0.7715925787749679	64969
753	7.0	0.46	0.6876154514650551	64797
754	12.0	0.41303999999999996	0.8035278383412527	52420
755	10.0	0.47174	0.7725700291403297	57988
756	11.0	0.47438	0.8340589674260629	63363
757	16.0	0.47766000000000003	0.8747075142297633	64201
758	17.0	0.4469200000000001	0.9361669954525648	46510
759	23.0	0.4594	0.8275900801048441	48509
760	11.0	0.46209999999999996	0.8779532564776383	58155
761	8.0	0.49618	0.9548464873227479	51215
762	13.0	0.48084000000000005	0.9111264800947592	56029
763	16.0	0.43892	0.9345073718285416	55467
764	21.0	0.42507999999999996	0.8992598462312567	53039
765	11.0	0.43894	0.8932363522908473	59091
766	17.0	0.45677999999999996	0.8590529737139603	63651
767	8.0	0.46527999999999997	0.8075014327505007	61306
768	8.0	0.43378	0.8213209736808204	54922
769	12.0	0.37974	0.812327760882004	50110
770	19.0	0.38022	0.8629718080017311	52010
771	9.0	0.43366	0.8649682990794314	57947
772	11.0	0.43668000000000007	0.9151994727397096	60895
773	13.0	0.42664	0.7775077887717857	60818
774	25.0	0.4136599999999999	0.87304621092131	54683
775	17.0	0.38461999999999996	0.9493401928188464	45572
776	20.0	0.3798600000000001	0.9713623056351419	53831
777	9.0	0.3942199999999999	0.932074752669678	52529
778	8.0	0.45905999999999997	0.9006626502589288	64314
779	10.0	0.43388	0.8752850254358299	55622
780	13.0	0.44238000000000005	0.9297399199004395	56354
781	13.0	0.4367600000000001	0.9428837663157567	52446
782	16.0	0.45352	0.8974259163422509	41981
783	14.0	0.42278	0.9265748669914265	45174
784	13.0	0.43416	0.960206917661841	42488
785	13.0	0.43796	0.9525594218239664	44979
786	21.0	0.41928	0.9395133664425491	43758
787	13.0	0.41818000000000005	0.9189734190388654	43947
788	11.0	0.42214000000000007	0.9353400910051765	54889
789	17.0	0.39186	0.9356935187716999	49806
790	17.0	0.40944	0.9587844283194848	49495
791	16.0	0.41162	0.8786614142313156	39892
792	17.0	0.40738	0.9644049177807982	43861
793	20.0	0.41385999999999995	0.9367560723732908	41814
794	18.0	0.44464000000000004	0.9569237095950105	48919
795	17.0	0.4225	0.9481558510232699	46971
796	19.0	0.4331399999999999	0.9306284293627557	43637
797	15.0	0.39602000000000004	0.9630544094780872	39440
798	15.0	0.40674	0.9150140907843181	38089
799	7.0	0.43105999999999994	0.9425492893017378	42231
800	11.0	0.4287400000000001	0.9621487174485298	39475
801	13.0	0.4287	0.9299506854645365	46568
802	13.0	0.43616	0.8995366616169045	51158
803	13.0	0.45189999999999997	0.9468298731433265	55871
804	15.0	0.43624	0.9115107726390868	58147
805	16.0	0.42541999999999996	0.9566368053197546	53878
806	12.0	0.46982000000000007	0.938767486615756	52669
807	3.0	0.48222000000000004	0.9472766970022699	51565
808	13.0	0.44575999999999993	0.8939387797098443	49103
809	13.0	0.47408	0.9349403618043614	56398
810	19.0	0.42969999999999997	0.9025563487994418	52786
811	17.0	0.37257999999999997	0.9419232837763147	48253
812	15.0	0.37773999999999996	0.8892249085695212	47153
813	16.0	0.42699999999999994	0.8342215323495557	59762
814	11.0	0.43670000000000003	0.7874588435607878	69298
815	12.0	0.44423999999999997	0.8552100305682799	65775
816	18.0	0.40934	0.908825543769109	63590
817	18.0	0.41384	0.8899197689060244	47175
818	13.0	0.43258	0.861498261680874	42625
819	24.0	0.4242	0.9289348108997427	44170
820	16.0	0.4708	0.9518924766945931	47260
821	16.0	0.4198799999999999	0.9097830370349408	39025
822	9.0	0.43854	0.8272742071136904	39879
823	10.0	0.41059999999999997	0.8972097394660781	31565
824	12.0	0.43658	0.94337812579615	36697
825	12.0	0.44067999999999996	0.9128666195932844	38118
826	14.0	0.43573999999999996	0.9422375207731647	30067
827	14.0	0.44671999999999995	0.8621936010694549	28757
828	23.0	0.43096	0.8461202862969995	23568
829	19.0	0.41246000000000005	0.8142790404942523	24396
830	14.0	0.44055999999999995	0.9422053582242568	27234
831	13.0	0.42163999999999996	0.9363132968183974	23597
832	14.0	0.41766000000000003	0.9112378416157252	25206
833	17.0	0.39756	0.8722142559930317	23267
834	20.0	0.37582	0.9043527887052464	21429
835	18.0	0.39132000000000006	0.9259296640827249	22686
836	20.0	0.39608	0.9318761995387148	23760
837	13.0	0.38972000000000007	0.9231649886133145	21661
838	17.0	0.40468	0.9267033820024275	23218
839	13.0	0.39946000000000004	0.9149126184337334	22202
840	13.0	0.41572000000000003	0.9409641741007158	20148
841	12.0	0.40368000000000004	0.9475888115792092	22388
842	12.0	0.41578	0.905547344327442	27668
843	20.0	0.41729999999999995	0.882465419585562	23552
844	9.0	0.41624	0.9552014593816673	25534
845	16.0	0.42638	0.9058546433542347	23117
846	9.0	0.41348000000000007	0.7873582813820549	23794
847	16.0	0.40184000000000003	0.9568947586223572	26752
848	12.0	0.43748000000000004	0.9222508564677137	30414
849	15.0	0.43528	0.8834996795402671	34963
850	14.0	0.47609999999999997	0.9663656619286575	39411
851	20.0	0.4691199999999999	0.877914519156056	38580
852	14.0	0.43644000000000005	0.9208719430519741	33673
853	12.0	0.44572	0.9251951328511312	34882
854	8.0	0.46143999999999996	0.9378827389585029	37391
855	18.0	0.4772	0.8398708874028366	46680
856	13.0	0.48391999999999996	0.9051988552632174	37199
857	13.0	0.47615999999999997	0.9051261505161768	42466
858	12.0	0.45399999999999996	0.8993295046256012	38776
859	1.0	0.05229999999999999	0.11088	5049
860	11.0	0.43	0.7732399400083173	39854
861	8.0	0.49404	0.9283067212351637	47488
862	6.0	0.51118	0.926252692940365	41955
863	13.0	0.51412	0.9738243118553911	48435
864	8.0	0.47907999999999995	0.8661897789825023	49533
865	9.0	0.5053799999999999	0.9082558763067233	47917
866	9.0	0.47509999999999997	0.9241424735512379	56384
867	15.0	0.4978999999999999	0.8972260253527592	62800
868	12.0	0.45088	0.9519224960887775	47901
869	8.0	0.51038	0.8987601590639547	61614
870	13.0	0.5285799999999999	0.9678418915037972	52632
871	11.0	0.49486	0.9061244346947609	55838
872	8.0	0.47352000000000005	0.9027443996297535	53371
873	12.0	0.51404	0.9406041581133695	56769
874	6.0	0.5151399999999999	0.9411905399212105	52224
875	6.0	0.49934000000000006	0.9200755673005585	55295
876	21.0	0.47744	0.9619528295832881	57525
877	7.0	0.49382	0.935465740849099	66156
878	15.0	0.45818000000000003	0.9491638292252585	56897
879	11.0	0.50102	0.9826976888522663	65763
880	12.0	0.49644	0.8371603700739023	52195
881	4.0	0.534	0.9538041182740481	61857
882	12.0	0.4866400000000001	0.8765646916990938	56960
883	6.0	0.5269	0.8892774072086175	59188
884	9.0	0.46159999999999995	0.7263802574453577	55648
885	12.0	0.53844	0.870131781321692	51073
886	11.0	0.48022	0.7200179988040801	66826
887	13.0	0.47268	0.6299792077778519	60644
888	9.0	0.46840000000000004	0.8055903087371756	61079
889	6.0	0.5454199999999999	0.8923029022647516	62516
890	16.0	0.46141999999999994	0.7699737686165511	67567
891	7.0	0.54086	0.8856031142955633	53374
892	9.0	0.33194	0.6090937320433313	37227
893	3.0	0.19551999999999997	0.3220301832039836	463
894	5.0	0.5452999999999999	0.9652875972671104	41588
895	5.0	0.5753199999999999	0.957056122951517	51926
896	11.0	0.5690200000000001	0.9235909309312346	40835
897	6.0	0.5720000000000001	0.9273665279999135	46344
898	7.0	0.5181	0.9338624720148143	58418
899	12.0	0.42791999999999997	0.8737369758862978	39974
900	14.0	0.42883999999999994	0.8836000063654804	47102
901	13.0	0.44332	0.8803129022993346	63684
902	14.0	0.52284	0.8379724307950972	72473
903	12.0	0.5642400000000001	0.8864652585054008	67215
904	2.0	0.5614199999999999	0.8726931656005653	68804
905	11.0	0.50092	0.8274882069617414	69636
906	10.0	0.5002600000000001	0.859405306766718	67880
907	7.0	0.5375400000000001	0.9179786807956988	53401
908	10.0	0.49518	0.8652687548193035	65464
909	13.0	0.45570000000000005	0.8924042600787342	60114
910	13.0	0.5192799999999999	0.9163585111514844	57038
911	6.0	0.5793400000000001	0.9342817508231057	62406
912	14.0	0.5362600000000001	0.8613360137884802	64371
913	13.0	0.5535800000000001	0.8508380563971267	64511
914	2.0	0.6277	0.9533384958570911	45732
915	11.0	0.5589799999999999	0.876486867469092	59991
916	6.0	0.51974	0.8476451426553896	47156
917	3.0	0.5409	0.9132165696818365	50771
918	15.0	0.5476800000000001	0.9001482211811102	49613
919	8.0	0.494	0.8624814194305079	41492
920	9.0	0.48968000000000006	0.856881020610477	46723
921	13.0	0.46375999999999995	0.8716738982174422	46054
922	7.0	0.51002	0.8896313488989797	49426
923	9.0	0.52104	0.9285975218709118	50700
924	10.0	0.48245999999999994	0.8866292237026951	50813
925	9.0	0.5214599999999999	0.8878977864190972	53622
926	3.0	0.5681200000000001	0.91498350108003	52089
927	9.0	0.5736	0.9354732467457717	55427
928	7.0	0.5811	0.9337149861251314	50001
929	9.0	0.51032	0.9490869409826809	49255
930	19.0	0.4533	0.9656617370284295	54617
931	14.0	0.47128	0.9601395870208219	56510
932	13.0	0.43126	0.9540964167975099	48697
933	9.0	0.49168000000000006	0.8647194877104794	51641
934	8.0	0.5640999999999999	0.9327611640725741	52131
935	9.0	0.5481	0.9154487208602295	55942
936	2.0	0.57304	0.9412490425973579	52504
937	7.0	0.58056	0.9586089148974942	44412
938	7.0	0.5857600000000001	0.9254985720518533	30079
939	11.0	0.56588	0.9345272166846338	42044
940	9.0	0.50054	0.839469275310743	46097
941	21.0	0.44394	0.8723695906697478	35880
942	17.0	0.40612000000000004	0.9265389044484281	39466
943	14.0	0.44026000000000004	0.9341214348413875	35708
944	5.0	0.49169999999999997	0.8476959738322624	45551
945	7.0	0.5016	0.9487541513108673	40325
946	13.0	0.53986	0.9205037053047557	36118
947	6.0	0.5371	0.8849475957207211	43857
948	4.0	0.5537	0.9489947289789676	41922
949	11.0	0.52366	0.8693503919171508	43220
950	9.0	0.54814	0.9491509090951414	42007
951	5.0	0.5509	0.8595646388920836	44399
952	6.0	0.54348	0.8747289507668148	54927
953	9.0	0.47134	0.8830918269658817	59361
954	5.0	0.5195799999999999	0.7881908178271848	54602
955	5.0	0.50896	0.8347813746034418	58091
956	15.0	0.52126	0.8474004110636195	37983
957	14.0	0.47667999999999994	0.863508338113944	58290
958	12.0	0.41772	0.8571183679872935	48773
959	11.0	0.46702	0.913770365380915	44334
960	15.0	0.44287999999999994	0.8260613330899343	50965
961	15.0	0.44329999999999997	0.891974951690743	43570
962	7.0	0.2813333333333333	0.05201670032986932	3939
