chrom	start	end	binNum	observed	expected	log2.copyRatio	pvalue
chr1	0	249299999	4544	5664.46	4544	0.266971552372153	4.44275e-08
chr2	0	143849999	2792	2793.32	2789.05	-0.0487969827896291	0.956305
chr2	143850000	188699999	896	1201.58	895.052	0.373885256936135	4.36864e-13
chr2	188700000	243199999	1090	751.663	1088.85	-0.585651368221719	2.97798e-20
chr3	50000	48199999	963	1257	963	0.333372905093855	4.48528e-11
chr3	48200000	138249999	1741	1251.36	1741	-0.527423350562113	1.82127e-16
chr3	138250000	198049999	1196	1249.04	1196	0.0115982484183196	0.27539
chr4	0	191199999	3761	3646.25	3761	-0.0957068666996767	0.424089
chr5	0	180949999	3560	3796.39	3536.36	0.0513590174095799	0.0761431
chr6	50000	171149999	3358	4115.53	3358	0.242471961844906	3.49458e-07
chr7	0	100549999	1952	2115.61	1949.59	0.0668989021327233	0.0431539
chr7	100550000	159149999	1170	1870.3	1168.55	0.627546192869397	3.81718e-31
chr8	0	146399999	2866	2793.43	2866	-0.0880049825054499	0.523327
chr9	0	20749999	415	269.737	415	-0.672561947265291	3.46406e-26
chr9	20750000	31599999	217	18.2123	217	-3.6257140481396	0
chr9	31600000	39199999	152	130.41	152	-0.272020863644635	0.000177815
chr9	39200000	66449999	179	37.8856	179	-2.29124212703652	3.33886e-142
chr9	66450000	93999999	537	341.285	537	-0.704949122410393	1.11466e-28
chr9	94000000	141249999	943	1022.01	943	0.0650755951226913	0.0418831
chr10	50000	39199999	783	788.961	781.226	-0.0367900192864924	0.782588
chr10	42350000	42699999	7	72.6384	6.98414	3.32757399948138	2.1624e-25
chr10	42700000	89749999	938	1170.94	935.874	0.272276898385703	3.19914e-08
chr10	89750000	135549999	914	615.671	911.929	-0.617765931549113	1.96592e-22
chr11	50000	135049999	2631	2675.09	2631	-0.0270278599859725	0.657097
chr12	50000	133899999	2617	2608.34	2617	-0.0557860271160663	0.915318
chr13	19000000	90449999	1427	980.491	1427	-0.592413083211945	1.0052e-20
chr13	90450000	94049999	72	222.502	72	1.57674545085144	1.38777e-75
chr13	94050000	115199999	419	278.279	419	-0.641422243821608	3.26888e-24
chr14	19000000	107349999	1767	1240.35	1767	-0.561558805814313	1.41639e-18
chr15	20000000	102549999	1642	1705.99	1642	0.00415102146622578	0.345455
chr16	50000	35299999	703	673.591	703	-0.112655868378979	0.262301
chr16	46350000	46499999	3	82.0896	3	4.72316100991797	1.4709e-14
chr16	46500000	90399999	877	881.694	877	-0.0433028420345258	0.851949
chr17	0	22299999	444	288.507	437.522	-0.651753280268094	4.18765e-25
chr17	25250000	81199999	1119	1158.8	1102.67	0.0206264532526013	0.220168
chr18	0	39599999	731	892.257	731	0.236583867002313	5.09614e-07
chr18	39600000	78099999	768	502.206	768	-0.663831087313188	3.98879e-26
chr19	50000	59149999	1121	1012.05	1050.79	-0.105197849799897	0.307347
chr20	50000	63049999	1197	1044.25	1197	-0.247960050209056	0.000847984
chr21	9400000	48149999	711	891.352	709.255	0.278686815279316	1.299e-08
chr22	16050000	23649999	149	459.168	149	1.57270573003631	4.64983e-144
chr22	23650000	51349999	553	382.404	553	-0.583185907653027	1.68207e-19
chrX	50000	155299999	3044	1915.57	3044	-0.719198653583966	3.88453e-30
