chrom	start	end	binNum	observed	expected	log2.copyRatio	pvalue
chr1	0	121449999	2422	2906.45	2422	0.186812539079331	5.34915e-06
chr1	121450000	121499999	1	162.241	1	7.26574795361314	4.21103e-07
chr1	142500000	249250621	2121	2761.16	2121	0.304283183009694	7.34096e-11
chr2	0	143849999	2792	2740.14	2783.15	-0.0987157460643796	0.665199
chr2	143850000	188699999	896	1201.78	893.161	0.351933969880245	1.87356e-13
chr2	188700000	243199373	1090	744.675	1086.55	-0.621318420815834	6.4456e-21
chr3	50000	48199999	963	1242.42	963	0.291298569965873	3.55829e-10
chr3	48200000	137849999	1733	1230.14	1733	-0.570695824823255	1.33409e-17
chr3	137850000	198022430	1204	1247.61	1204	-0.0249150563573265	0.368349
chr4	0	191154276	3761	3606.48	3761	-0.136771568904415	0.285686
chr5	0	180915260	3560	3752.33	3542.68	0.00669886907238448	0.154104
chr6	50000	171115067	3358	4082.15	3358	0.20548027957176	1.10917e-06
chr7	0	100549999	1952	2119.89	1949.01	0.0450012274118628	0.0390354
chr7	100550000	159138663	1170	1851.4	1168.21	0.588070301653562	1.21775e-29
chr8	0	146364022	2866	2783.92	2866	-0.118167541554645	0.481314
chr9	0	20749999	415	269.083	415	-0.701306774232664	3.43123e-26
chr9	20750000	31599999	217	18.7336	217	-3.61024165566293	0
chr9	31600000	39199999	152	133.236	152	-0.266334062138601	0.0808072
chr9	39200000	66449999	179	33.0331	179	-2.51422200146107	3.00193e-148
chr9	66450000	93999999	537	334.515	537	-0.759097869658034	6.01801e-31
chr9	94000000	141213431	943	1020.95	943	0.038335851586529	0.0515993
chr10	50000	39199999	783	805.514	782.229	-0.0339280451899749	0.404942
chr10	42350000	42599999	5	136.185	4.99507	4.69267241549643	6.48631e-23
chr10	42600000	86299999	871	1099.53	870.142	0.26131752072894	6.3912e-09
chr10	86300000	135534747	983	672.458	982.032	-0.622572558513805	3.85372e-21
chr11	50000	135006516	2631	2670.89	2631	-0.0545373741738614	0.678675
chr12	50000	133851895	2617	2634.53	2617	-0.0666150020769891	0.894957
chr13	19000000	90449999	1427	977.959	1427	-0.6213861326013	5.11337e-21
chr13	90450000	94049999	72	223.756	72	1.55961087109138	8.47406e-83
chr13	94050000	115169878	419	269.127	419	-0.714909793912263	1.05992e-27
chr14	19000000	107349540	1767	1241.16	1767	-0.585859617950046	2.38481e-18
chr15	20000000	102531392	1642	1702.3	1642	-0.0242155042284321	0.344835
chr16	50000	35299999	703	688.585	703	-0.106136621225025	0.545488
chr16	46350000	46499999	3	49.8847	3	3.97931630658714	1.07797e-10
chr16	46500000	90354753	877	899.737	877	-0.0393201761885866	0.48475
chr17	0	22249999	443	296.941	437.434	-0.635135738831502	4.98587e-22
chr17	22250000	81195210	1120	1205.99	1105.93	0.0487111858649731	0.0318746
chr18	0	39649999	732	890.678	732	0.206813625177056	4.16242e-07
chr18	39650000	78077248	767	492.127	767	-0.716442592946632	3.35935e-28
chr19	50000	24649999	492	423.609	438.05	-0.124608996267	0.386603
chr19	27700000	27749999	1	70.3609	0.890345	6.22801896589043	1.76691e-05
chr19	27750000	59128983	628	553.376	559.137	-0.0911884265610723	0.700844
chr20	50000	26049999	520	349.355	520	-0.650064520580911	1.71047e-22
chr20	26050000	63025520	677	693.607	677	-0.0412840610421702	0.448549
chr21	9400000	48129895	711	871.366	709.685	0.219853322067817	1.98888e-07
chr22	16050000	23649999	149	454.762	149	1.53355269081183	1.96411e-38
chr22	23650000	51304566	553	386.001	553	-0.594921581152911	1.99989e-16
chrX	50000	155270560	3044	1862.88	3044	-0.784680300475974	8.62972e-34
