chrom	start	end	binNum	observed	expected	log2.copyRatio
chr1	1	16850000	332	10583000	7579070	0.406279792822577
chr1	16850001	17100000	5	113250	26040.7	2.04529479309986
chr1	17100001	55250000	761	25540700	17772100	0.447807779746018
chr1	55250001	107300000	1039	20690400	19795200	-0.0115652289319921
chr1	107300001	121450000	281	8118440	5595670	0.461515527616849
chr1	145300001	162350000	337	6737650	6054640	0.0788281830803056
chr1	162350001	249250000	1732	49519400	35072800	0.422265101187826
chr2	1	149350000	2887	60221100	57703400	-0.0137633891018418
chr2	149350001	151750000	47	1584580	928329	0.696016283849288
chr2	151750001	188700000	739	19610500	13996000	0.411235628165769
chr2	188700001	243200000	1090	16097800	22686500	-0.570346637207894
chr3	50001	48250000	964	28498700	20264200	0.416586767663245
chr3	48250001	138300000	1741	24428200	34572900	-0.576470182706275
chr3	138300001	198000000	1194	24430500	23151100	0.00222652533257502
chr4	1	100000	2	83755	22836.2	1.79947659432858
chr4	100001	160500000	3147	59873300	58612700	-0.0446766300344301
chr4	160500001	163600000	62	318126	1023950	-1.76185119975694
chr4	163600001	190550000	539	10017900	10213300	-0.103245094229341
chr4	190550001	190700000	3	173905	64191.2	1.3624758543952
chr4	190700001	191050000	7	83382	75337.7	0.0709878655518681
chr5	1	31050000	621	15404800	12103600	0.272567614923584
chr5	31050001	50400000	328	8503620	6068440	0.411375313103282
chr5	50400001	180950000	2609	53980300	51208600	0.000670755317798241
chr6	50001	51750000	1034	31761300	22396500	0.428620548197924
chr6	51750001	57200000	109	2200120	2090670	-0.00175926673285659
chr6	57200001	57600000	8	301710	136163	1.07245166408779
chr6	57600001	58750000	23	111276	114372	-0.114967557692127
chr6	58750001	58800000	1	578389	5779.39	6.56960295472479
chr6	61850001	135250000	1466	27816700	26779500	-0.0205538685238346
chr6	135250001	171100000	716	20702300	14860600	0.402922570204471
chr7	1	45600000	912	19810300	18616100	0.0143237406002615
chr7	45600001	58100000	250	4485390	4640870	-0.124537975719066
chr7	61950001	62000000	1	239296	6244.38	5.18471801442384
chr7	62000001	104600000	852	20180300	14889900	0.363237434937454
chr7	104600001	159150000	1088	37598100	21634300	0.721963194380816
chr8	1	146350000	2864	59530900	57712300	-0.030616244036511
chr9	1	20750000	415	5495830	8054030	-0.626749589261173
chr9	20750001	26550000	116	1990	2073010	-10.1001189014764
chr9	26550001	28550000	40	291908	782755	-1.49842319075639
chr9	28550001	31600000	61	924	1020440	-10.1843868476086
chr9	31600001	32250000	13	76124	219931	-1.60600381637148
chr9	32250001	37100000	97	1558890	2077100	-0.489427666129873
chr9	37100001	38450000	27	910653	633733	0.447650162674956
chr9	68450001	94100000	504	6471580	9333870	-0.603733514560185
chr9	94100001	123550000	589	13199700	12455500	0.00834608212187786
chr9	123550001	123700000	3	187064	73715.4	1.26811786869538
chr9	123700001	130900000	144	3787580	3409760	0.0762300421528777
chr9	130900001	131100000	4	257444	101444	1.26819898701738
chr9	131100001	133600000	48	1384160	1186930	0.146399743454741
chr9	133600001	134150000	11	2020060	276792	2.79214787160699
chr9	134150001	141200000	141	3980120	3714410	0.0243027365341911
chr10	50001	39200000	783	16468500	15840100	-0.0192484090687439
chr10	42350001	42400000	1	362878	6597.76	5.70598836239326
chr10	42400001	42500000	2	84477	27945	1.52059230478035
chr10	42500001	42600000	2	359699	12039.3	4.82559060950562
chr10	42600001	46900000	86	1946200	1426020	0.373289637700417
chr10	46900001	47200000	6	316814	98996.8	1.6028061705472
chr10	47200001	87850000	810	21515800	15575700	0.390723359639135
chr10	87850001	103600000	315	4814620	6534750	-0.516086229643181
chr10	103600001	103800000	4	2589	84478.8	-5.10349858865052
chr10	103800001	135250000	627	9952560	14457300	-0.614034697133828
chr10	135250001	135550000	6	102715	77388.8	0.333074065041906
chr11	50001	51550000	1025	21749400	20605300	0.00258401159091398
chr11	51550001	51600000	1	65184	6234.47	3.31080293835317
chr11	54650001	78750000	482	11827700	10667900	0.0735172280299282
chr11	78750001	134950000	1122	23761200	23158700	-0.0383226949225846
chr12	50001	22700000	453	6450510	9091820	-0.570532014132831
chr12	22700001	133850000	2163	46635800	44009200	0.00825659741224362
chr13	19000001	81100000	1242	16247700	23603200	-0.614123080915767
chr13	81100001	81500000	8	599795	139064	2.03334438120049
chr13	81500001	90450000	177	1827050	2912470	-0.748103195019394
chr13	90450001	92500000	41	3253850	737907	2.06526071654268
chr13	92500001	92950000	9	96839	148379	-0.691002957663639
chr13	92950001	93350000	8	616040	129344	2.17643477547709
chr13	93350001	93850000	10	113757	180172	-0.738795621526546
chr13	93850001	94050000	4	341367	79244.3	2.03156840578874
chr13	94050001	108500000	289	4045330	5944740	-0.630732439116738
chr13	108500001	108650000	3	280888	54511.7	2.28998105155978
chr13	108650001	115150000	126	2052050	2920030	-0.584293429113696
chr14	20450001	23200000	55	851483	1115440	-0.464939402618042
chr14	23200001	23800000	12	321841	277242	0.139826172780487
chr14	23800001	107300000	1670	24553900	34450700	-0.563957226864653
chr15	22600001	102550000	1598	34898700	32800400	0.0140837656496141
chr16	50001	32500000	649	14209100	13231500	0.0274624325551267
chr16	32500001	34200000	32	292326	143451	0.951644003627249
chr16	34200001	78250000	658	14567135	14180392	-0.0365563741643913
chr16	78250001	85650000	148	5075020	3670680	0.391990036253781
chr16	85650001	90300000	93	2580800	2326240	0.0744422732856513
chr17	-49999	21200000	424	6367260	9026720	-0.578905302605632
chr17	21200001	81200000	1139	27098000	24821200	0.0512373884829324
chr18	1	10850000	217	6316180	4483860	0.41893493072974
chr18	10850001	15400000	91	1518370	1477290	-0.0358057916302743
chr18	18550001	22400000	77	2105310	1634030	0.290222088268669
chr18	22400001	25100000	54	2086580	1117210	0.82586372088099
chr18	25100001	39600000	290	7395230	5690440	0.302678685718309
chr18	39600001	78050000	767	10777300	15977800	-0.643449107604649
chr19	50001	24650000	492	11229000	10727600	-0.00947401736641028
chr19	27750001	27900000	3	77790	34569.5	1.09470884782831
chr19	27900001	59150000	625	14565800	13904000	-0.00829116806410758
chr20	50001	26100000	521	7857840	11363300	-0.607553291211145
chr20	26100001	63000000	675	17258900	16080100	0.0266880166197255
chr21	14400001	25500000	222	3649060	3594960	-0.0538269674171301
chr21	25500001	48150000	453	14063800	10162900	0.393298201198655
chr22	17300001	18950000	33	834912	603485	0.392930110854545
chr22	18950001	21900000	58	4130540	1058750	1.8885923110581
chr22	21900001	22950000	21	2366670	442046	2.3452140222517
chr22	22950001	23650000	14	2475800	344434	2.77021918639022
chr22	23650001	51250000	552	9655590	13418500	-0.550163207134415
chrX	2650001	113150000	2144	26392500	38288000	-0.612140408956163
chrX	113150001	114400000	25	415431	410065	-0.0566198574161639
chrX	114400001	154950000	810	10598400	15038300	-0.580171125933607
