chrom	start	end	binNum	observed	expected	log2.copyRatio
chr1	1	55250000	1098	36236900	25377200	0.438430713527862
chr1	55250001	107300000	1039	20690400	19795200	-0.0116850364563381
chr1	107300001	121450000	281	8118440	5595670	0.461395720092503
chr1	145300001	162350000	337	6737650	6054640	0.0787083755559596
chr1	162350001	249250000	1732	49519400	35072800	0.42214529366348
chr2	1	149350000	2887	60221100	57703400	-0.0138831966261878
chr2	149350001	151750000	47	1584580	928329	0.695896476324942
chr2	151750001	188700000	739	19610500	13996000	0.411115820641423
chr2	188700001	243200000	1090	16097800	22686500	-0.57046644473224
chr3	50001	48250000	964	28498700	20264200	0.416466960138899
chr3	48250001	138300000	1741	24428200	34572900	-0.576589990230622
chr3	138300001	198000000	1194	24430500	23151100	0.00210671780822902
chr4	1	100000	2	83755	22836.2	1.79935678680423
chr4	100001	160500000	3147	59873300	58612700	-0.0447964375587761
chr4	160500001	163600000	62	318126	1023950	-1.76197100728129
chr4	163600001	190550000	539	10017900	10213300	-0.103364901753687
chr4	190550001	191050000	10	257287	139529	0.807317628111711
chr5	1	31050000	621	15404800	12103600	0.272447807399238
chr5	31050001	50400000	328	8503620	6068440	0.411255505578936
chr5	50400001	180950000	2609	53980300	51208600	0.000550947793452244
chr6	50001	51750000	1034	31761300	22396500	0.428500740673578
chr6	51750001	57200000	109	2200120	2090670	-0.00187907425720259
chr6	57200001	57600000	8	301710	136163	1.07233185656345
chr6	57600001	58750000	23	111276	114372	-0.115087365216473
chr6	58750001	58800000	1	578389	5779.39	6.56948314720044
chr6	61850001	135250000	1466	27816700	26779500	-0.0206736760481806
chr6	135250001	171100000	716	20702300	14860600	0.402802762680125
chr7	1	58100000	1162	24295700	23256900	-0.0124537372034937
chr7	61950001	62000000	1	239296	6244.38	5.18459820689949
chr7	62000001	104600000	852	20180300	14889900	0.363117627413108
chr7	104600001	159150000	1088	37598100	21634300	0.72184338685647
chr8	1	146350000	2864	59530900	57712300	-0.030736051560857
chr9	1	20750000	415	5495830	8054030	-0.626869396785519
chr9	20750001	26550000	116	1990	2073010	-10.1002387090008
chr9	26550001	28550000	40	291908	782755	-1.49854299828073
chr9	28550001	31600000	61	924	1020440	-10.184506655133
chr9	31600001	32250000	13	76124	219931	-1.60612362389583
chr9	32250001	37100000	97	1558890	2077100	-0.489547473654219
chr9	68450001	94100000	504	6471580	9333870	-0.603853322084531
chr9	94100001	123550000	589	13199700	12455500	0.00822627459753186
chr9	123550001	123700000	3	187064	73715.4	1.26799806117103
chr9	123700001	130900000	144	3787580	3409760	0.0761102346285317
chr9	130900001	131100000	4	257444	101444	1.26807917949304
chr9	131100001	133600000	48	1384160	1186930	0.146279935930395
chr9	133600001	134150000	11	2020060	276792	2.79202806408264
chr9	134150001	141200000	141	3980120	3714410	0.0241829290098451
chr10	50001	39200000	783	16468500	15840100	-0.0193682165930899
chr10	42350001	42400000	1	362878	6597.76	5.70586855486891
chr10	42400001	42500000	2	84477	27945	1.520472497256
chr10	42500001	42600000	2	359699	12039.3	4.82547080198128
chr10	42600001	46900000	86	1946200	1426020	0.373169830176071
chr10	46900001	47200000	6	316814	98996.8	1.60268636302285
chr10	47200001	87850000	810	21515800	15575700	0.390603552114789
chr10	87850001	103600000	315	4814620	6534750	-0.516206037167527
chr10	103600001	103800000	4	2589	84478.8	-5.10361839617486
chr10	103800001	135250000	627	9952560	14457300	-0.614154504658174
chr10	135250001	135550000	6	102715	77388.8	0.33295425751756
chr11	50001	51550000	1025	21749400	20605300	0.00246420406656798
chr11	51550001	51600000	1	65184	6234.47	3.31068313082883
chr11	54650001	78750000	482	11827700	10667900	0.0733974205055822
chr11	78750001	134950000	1122	23761200	23158700	-0.0384425024469306
chr12	50001	22700000	453	6450510	9091820	-0.570651821657176
chr12	22700001	133850000	2163	46635800	44009200	0.00813678988789762
chr13	19000001	81100000	1242	16247700	23603200	-0.614242888440113
chr13	81100001	81500000	8	599795	139064	2.03322457367615
chr13	81500001	90450000	177	1827050	2912470	-0.74822300254374
chr13	90450001	92500000	41	3253850	737907	2.06514090901834
chr13	92500001	92950000	9	96839	148379	-0.691122765187985
chr13	92950001	93350000	8	616040	129344	2.17631496795274
chr13	93350001	93850000	10	113757	180172	-0.738915429050892
chr13	93850001	94050000	4	341367	79244.3	2.03144859826439
chr13	94050001	108500000	289	4045330	5944740	-0.630852246641084
chr13	108500001	108650000	3	280888	54511.7	2.28986124403543
chr13	108650001	115150000	126	2052050	2920030	-0.584413236638042
chr14	20450001	23200000	55	851483	1115440	-0.465059210142388
chr14	23200001	23800000	12	321841	277242	0.139706365256141
chr14	23800001	107300000	1670	24553900	34450700	-0.564077034388999
chr15	22600001	102550000	1598	34898700	32800400	0.0139639581252681
chr16	50001	32500000	649	14209100	13231500	0.0273426250307807
chr16	32500001	34200000	32	292326	143451	0.951524196102903
chr16	34200001	78250000	658	14567135	14180392	-0.0366761816887373
chr16	78250001	85650000	148	5075020	3670680	0.391870228729435
chr16	85650001	90300000	93	2580800	2326240	0.0743224657613053
chr17	-49999	21200000	424	6367260	9026720	-0.579025110129978
chr17	21200001	81200000	1139	27098000	24821200	0.0511175809585864
chr18	1	10850000	217	6316180	4483860	0.418815123205394
chr18	10850001	15400000	91	1518370	1477290	-0.0359255991546203
chr18	18550001	22400000	77	2105310	1634030	0.290102280744323
chr18	22400001	25100000	54	2086580	1117210	0.825743913356644
chr18	25100001	39600000	290	7395230	5690440	0.302558878193963
chr18	39600001	78050000	767	10777300	15977800	-0.643568915128995
chr19	50001	59150000	1120	25872600	24666100	-0.0066005148040328
chr20	50001	26100000	521	7857840	11363300	-0.607673098735491
chr20	26100001	63000000	675	17258900	16080100	0.0265682090953795
chr21	14400001	25500000	222	3649060	3594960	-0.0539467749414761
chr21	25500001	48150000	453	14063800	10162900	0.393178393674309
chr22	17300001	18950000	33	834912	603485	0.392810303330199
chr22	18950001	21900000	58	4130540	1058750	1.88847250353376
chr22	21900001	23650000	35	4842470	786480	2.54676519777963
chr22	23650001	51250000	552	9655590	13418500	-0.550283014658761
chrX	2650001	154950000	2979	37406400	53736400	-0.598110475131116
