chrom	start	end	binNum	observed	expected	log2.copyRatio
chr1	1	16850000	332	10583000	7579070	0.406463330878184
chr1	16850001	17100000	5	113250	26040.7	2.04547833115546
chr1	17100001	55250000	761	25540700	17772100	0.447991317801625
chr1	55250001	107300000	1039	20690400	19795200	-0.0113816908763854
chr1	107300001	121450000	281	8118440	5595670	0.461699065672456
chr1	145300001	162350000	337	6737650	6054640	0.0790117211359123
chr1	162350001	249250000	1732	49519400	35072800	0.422448639243433
chr2	1	8850000	176	3901560	4029250	-0.121652819307647
chr2	8850001	149350000	2711	56319600	53674200	-0.0057842795165565
chr2	149350001	151750000	47	1584580	928329	0.696199821904895
chr2	151750001	188700000	739	19610500	13996000	0.411419166221375
chr2	188700001	243200000	1090	16097800	22686500	-0.570163099152287
chr3	50001	48250000	964	28498700	20264200	0.416770305718852
chr3	48250001	138300000	1741	24428200	34572900	-0.576286644650669
chr3	138300001	198000000	1194	24430500	23151100	0.00241006338818173
chr4	1	100000	2	83755	22836.2	1.79966013238419
chr4	100001	58300000	1093	22374780	22000940	-0.0508842514960034
chr4	58300001	68250000	199	3043040	3253390	-0.171623061690209
chr4	68250001	160500000	1845	34403940	33344100	-0.0300502988388195
chr4	160500001	163600000	62	318126	1023950	-1.76166766170133
chr4	163600001	190550000	539	10017900	10213300	-0.103061556173734
chr4	190550001	190700000	3	173905	64191.2	1.36265939245081
chr4	190700001	191050000	7	83382	75337.7	0.0711714036074749
chr5	1	31050000	621	15404800	12103600	0.272751152979191
chr5	31050001	50400000	328	8503620	6068440	0.411558851158889
chr5	50400001	180950000	2609	53980300	51208600	0.000854293373404952
chr6	50001	51750000	1034	31761300	22396500	0.428804086253531
chr6	51750001	57200000	109	2200120	2090670	-0.00157572867724988
chr6	57200001	57600000	8	301710	136163	1.0726352021434
chr6	57600001	58750000	23	111276	114372	-0.11478401963652
chr6	58750001	58800000	1	578389	5779.39	6.5697864927804
chr6	61850001	135250000	1466	27816700	26779500	-0.0203703304682279
chr6	135250001	161400000	523	14992700	10602100	0.424717580982252
chr6	161400001	161700000	6	284154	136816	0.979243483689093
chr6	161700001	171100000	187	5425440	4121730	0.321297558096076
chr7	1	45600000	912	19810300	18616100	0.0145072786558682
chr7	45600001	58100000	250	4485390	4640870	-0.124354437663459
chr7	61950001	62000000	1	239296	6244.38	5.18490155247944
chr7	62000001	104600000	852	20180300	14889900	0.36342097299306
chr7	104600001	111400000	136	4909140	2618210	0.831696909708657
chr7	111400001	159150000	952	32689000	19016100	0.706391264857933
chr8	1	146350000	2864	59530900	57712300	-0.0304327059809043
chr9	1	20750000	415	5495830	8054030	-0.626566051205566
chr9	20750001	26550000	116	1990	2073010	-10.0999353634208
chr9	26550001	28550000	40	291908	782755	-1.49823965270078
chr9	28550001	31600000	61	924	1020440	-10.184203309553
chr9	31600001	32250000	13	76124	219931	-1.60582027831588
chr9	32250001	37100000	97	1558890	2077100	-0.489244128074266
chr9	37100001	38450000	27	910653	633733	0.447833700730563
chr9	68450001	94100000	504	6471580	9333870	-0.603549976504578
chr9	94100001	123550000	589	13199700	12455500	0.00852962017748457
chr9	123550001	123700000	3	187064	73715.4	1.26830140675098
chr9	123700001	130900000	144	3787580	3409760	0.0764135802084844
chr9	130900001	131100000	4	257444	101444	1.26838252507299
chr9	131100001	133600000	48	1384160	1186930	0.146583281510348
chr9	133600001	134150000	11	2020060	276792	2.79233140966259
chr9	134150001	141200000	141	3980120	3714410	0.0244862745897978
chr10	50001	39200000	783	16468500	15840100	-0.0190648710131372
chr10	42350001	42400000	1	362878	6597.76	5.70617190044887
chr10	42400001	42500000	2	84477	27945	1.52077584283595
chr10	42500001	42550000	1	170930	11755.3	3.78682978062987
chr10	42600001	46900000	86	1946200	1426020	0.373473175756023
chr10	46900001	47200000	6	316814	98996.8	1.6029897086028
chr10	47200001	87850000	810	21515800	15575700	0.390906897694741
chr10	87850001	103600000	315	4814620	6534750	-0.515902691587574
chr10	103600001	103800000	4	2589	84478.8	-5.10331505059491
chr10	103800001	126650000	457	7112520	10178800	-0.592327363515159
chr10	126650001	126700000	1	54	25345.1	-8.94972424974568
chr10	126700001	135250000	169	2839980	4253150	-0.657843550641205
chr10	135250001	135550000	6	102715	77388.8	0.333257603097512
chr11	50001	51550000	1025	21749400	20605300	0.00276754964652069
chr11	51550001	51600000	1	65184	6234.47	3.31098647640878
chr11	54650001	78750000	482	11827700	10667900	0.0737007660855349
chr11	78750001	134950000	1122	23761200	23158700	-0.0381391568669779
chr12	50001	22700000	453	6450510	9091820	-0.570348476077224
chr12	22700001	133850000	2163	46635800	44009200	0.00844013546785033
chr13	19000001	81100000	1242	16247700	23603200	-0.61393954286016
chr13	81100001	81500000	8	599795	139064	2.0335279192561
chr13	81500001	90450000	177	1827050	2912470	-0.747919656963787
chr13	90450001	92500000	41	3253850	737907	2.06544425459829
chr13	92500001	92950000	9	96839	148379	-0.690819419608032
chr13	92950001	93350000	8	616040	129344	2.1766183135327
chr13	93350001	93850000	10	113757	180172	-0.738612083470939
chr13	93850001	94050000	4	341367	79244.3	2.03175194384434
chr13	94050001	108500000	289	4045330	5944740	-0.630548901061131
chr13	108500001	108650000	3	280888	54511.7	2.29016458961539
chr13	108650001	115150000	126	2052050	2920030	-0.58410989105809
chr14	20450001	23200000	55	851483	1115440	-0.464755864562435
chr14	23200001	23800000	12	321841	277242	0.140009710836094
chr14	23800001	97000000	1464	20889900	29497000	-0.572955229752776
chr14	97000001	97650000	13	337461	321753	-0.00642540277369552
chr14	97650001	107300000	193	3326490	4631930	-0.552805337767251
chr15	22600001	102550000	1598	34898700	32800400	0.0142673037052208
chr16	50001	32500000	649	14209100	13231500	0.0276459706107334
chr16	32500001	34200000	32	292326	143451	0.951827541682856
chr16	34200001	78250000	658	14567135	14180392	-0.0363728361087846
chr16	78250001	85650000	148	5075020	3670680	0.392173574309388
chr16	85650001	90300000	93	2580800	2326240	0.074625811341258
chr17	-49999	21200000	424	6367260	9026720	-0.578721764550025
chr17	21200001	81200000	1139	27098000	24821200	0.0514209265385391
chr18	1	10850000	217	6316180	4483860	0.419118468785347
chr18	10850001	15400000	91	1518370	1477290	-0.0356222535746676
chr18	18550001	22400000	77	2105310	1634030	0.290405626324276
chr18	22400001	25100000	54	2086580	1117210	0.826047258936597
chr18	25100001	39600000	290	7395230	5690440	0.302862223773916
chr18	39600001	78050000	767	10777300	15977800	-0.643265569549042
chr19	50001	24650000	492	11229000	10727600	-0.00929047931080357
chr19	27750001	27900000	3	77790	34569.5	1.09489238588392
chr19	27900001	59150000	625	14565800	13904000	-0.00810763000850087
chr20	50001	26100000	521	7857840	11363300	-0.607369753155539
chr20	29800001	63000000	664	17153100	16022400	0.0231864820857271
chr21	10650001	10750000	2	138597	11884.3	3.46857461168517
chr21	14400001	25500000	222	3649060	3594960	-0.0536434293615234
chr21	25500001	48150000	453	14063800	10162900	0.393481739254262
chr22	17300001	18950000	33	834912	603485	0.393113648910152
chr22	18950001	21900000	58	4130540	1058750	1.88877584911371
chr22	21900001	22950000	21	2366670	442046	2.3453975603073
chr22	22950001	23650000	14	2475800	344434	2.77040272444582
chr22	23650001	51250000	552	9655590	13418500	-0.549979669078808
chrX	2650001	113150000	2144	26392500	38288000	-0.611956870900556
chrX	113150001	114400000	25	415431	410065	-0.0564363193605572
chrX	114400001	154950000	810	10598400	15038300	-0.579987587878
