start	end	obs	exp	var
0	49999	0.9198383733999999	0.9198383733999999	0.0
50000	99999	0.9198383733999999	0.9198383733999999	0.0
100000	149999	0.9198383733999999	0.9198383733999999	0.0
150000	199999	0.9198383733999999	0.9198383733999999	0.0
200000	249999	0.9198383733999999	0.9198383733999999	0.0
250000	299999	0.9198383733999999	0.9198383733999999	0.0
300000	349999	0.9198383733999999	0.9198383733999999	0.0
350000	399999	0.9198383733999999	0.9198383733999999	0.0
400000	449999	0.9198383733999999	0.9198383733999999	0.0
450000	499999	0.9198383733999999	0.9198383733999999	0.0
500000	549999	0.9198383733999999	0.9198383733999999	0.0
550000	599999	0.9198383733999999	0.9198383733999999	0.0
600000	649999	0.9198383733999999	0.9198383733999999	0.0
650000	699999	0.9198383733999999	0.9198383733999999	0.0
700000	749999	0.9198383733999999	0.9198383733999999	0.0
750000	799999	0.9198383733999999	0.9198383733999999	0.0
800000	849999	0.9198383733999999	0.9198383733999999	0.0
850000	899999	0.9198383733999999	0.9198383733999999	0.0
900000	949999	0.9198383733999999	0.9198383733999999	0.0
950000	999999	0.9198383733999999	0.9198383733999999	0.0
1000000	1049999	0.9198383733999999	0.9198383733999999	0.0
1050000	1099999	0.9198383733999999	0.9198383733999999	0.0
1100000	1149999	0.9198383733999999	0.9198383733999999	0.0
1150000	1199999	0.9198383733999999	0.9198383733999999	0.0
1200000	1249999	0.9198383733999999	0.9198383733999999	0.0
1250000	1299999	0.9198383733999999	0.9198383733999999	0.0
1300000	1349999	0.9198383733999999	0.9198383733999999	0.0
1350000	1399999	0.9198383733999999	0.9198383733999999	0.0
1400000	1449999	0.9198383733999999	0.9198383733999999	0.0
1450000	1499999	0.9198383733999999	0.9198383733999999	0.0
1500000	1549999	0.9198383733999999	0.9198383733999999	0.0
1550000	1599999	0.9198383733999999	0.9198383733999999	0.0
1600000	1649999	0.9198383733999999	0.9198383733999999	0.0
1650000	1699999	0.9198383733999999	0.9198383733999999	0.0
1700000	1749999	0.9198383733999999	0.9198383733999999	0.0
1750000	1799999	0.9198383733999999	0.9198383733999999	0.0
1800000	1849999	0.9198383733999999	0.9198383733999999	0.0
1850000	1899999	0.9198383733999999	0.9198383733999999	0.0
1900000	1949999	0.9198383733999999	0.9198383733999999	0.0
1950000	1999999	0.9198383733999999	0.9198383733999999	0.0
2000000	2049999	0.9198383733999999	0.9198383733999999	0.0
2050000	2099999	0.9198383733999999	0.9198383733999999	0.0
2100000	2149999	0.9198383733999999	0.9198383733999999	0.0
2150000	2199999	0.9198383733999999	0.9198383733999999	0.0
2200000	2249999	0.9198383733999999	0.9198383733999999	0.0
2250000	2299999	0.9198383733999999	0.9198383733999999	0.0
2300000	2349999	0.9198383733999999	0.9198383733999999	0.0
2350000	2399999	0.9198383733999999	0.9198383733999999	0.0
2400000	2449999	0.9198383733999999	0.9198383733999999	0.0
2450000	2499999	0.9198383733999999	0.9198383733999999	0.0
2500000	2549999	0.9198383733999999	0.9198383733999999	0.0
2550000	2599999	0.9198383733999999	0.9198383733999999	0.0
2600000	2649999	0.9198383733999999	0.9198383733999999	0.0
2650000	2699999	0.9198383733999999	0.9198383733999999	0.0
2700000	2749999	0.9198383733999999	0.9198383733999999	0.0
2750000	2799999	0.9198383733999999	0.9198383733999999	0.0
2800000	2849999	0.9198383733999999	0.9198383733999999	0.0
2850000	2899999	0.9198383733999999	0.9198383733999999	0.0
2900000	2949999	0.9198383733999999	0.9198383733999999	0.0
2950000	2999999	0.9198383733999999	0.9198383733999999	0.0
3000000	3049999	0.9198383733999999	0.9198383733999999	0.0
3050000	3099999	0.9198383733999999	0.9198383733999999	0.0
3100000	3149999	0.9198383733999999	0.9198383733999999	0.0
3150000	3199999	0.9198383733999999	0.9198383733999999	0.0
3200000	3249999	0.9198383733999999	0.9198383733999999	0.0
3250000	3299999	0.9198383733999999	0.9198383733999999	0.0
3300000	3349999	0.9198383733999999	0.9198383733999999	0.0
3350000	3399999	0.9198383733999999	0.9198383733999999	0.0
3400000	3449999	0.9198383733999999	0.9198383733999999	0.0
3450000	3499999	0.9198383733999999	0.9198383733999999	0.0
3500000	3549999	0.9198383733999999	0.9198383733999999	0.0
3550000	3599999	0.9198383733999999	0.9198383733999999	0.0
3600000	3649999	0.9198383733999999	0.9198383733999999	0.0
3650000	3699999	0.9198383733999999	0.9198383733999999	0.0
3700000	3749999	0.9198383733999999	0.9198383733999999	0.0
3750000	3799999	0.9198383733999999	0.9198383733999999	0.0
3800000	3849999	0.9198383733999999	0.9198383733999999	0.0
3850000	3899999	0.9198383733999999	0.9198383733999999	0.0
3900000	3949999	0.9198383733999999	0.9198383733999999	0.0
3950000	3999999	0.9198383733999999	0.9198383733999999	0.0
4000000	4049999	0.9198383733999999	0.9198383733999999	0.0
4050000	4099999	0.9198383733999999	0.9198383733999999	0.0
4100000	4149999	0.9198383733999999	0.9198383733999999	0.0
4150000	4199999	0.9198383733999999	0.9198383733999999	0.0
4200000	4249999	0.9198383733999999	0.9198383733999999	0.0
4250000	4299999	0.9198383733999999	0.9198383733999999	0.0
4300000	4349999	0.9198383733999999	0.9198383733999999	0.0
4350000	4399999	0.9198383733999999	0.9198383733999999	0.0
4400000	4449999	0.9198383733999999	0.9198383733999999	0.0
4450000	4499999	0.9198383733999999	0.9198383733999999	0.0
4500000	4549999	0.9198383733999999	0.9198383733999999	0.0
4550000	4599999	0.9198383733999999	0.9198383733999999	0.0
4600000	4649999	0.9198383733999999	0.9198383733999999	0.0
4650000	4699999	0.9198383733999999	0.9198383733999999	0.0
4700000	4749999	0.9198383733999999	0.9198383733999999	0.0
4750000	4799999	0.9198383733999999	0.9198383733999999	0.0
4800000	4849999	0.9198383733999999	0.9198383733999999	0.0
4850000	4899999	0.9198383733999999	0.9198383733999999	0.0
4900000	4949999	0.9198383733999999	0.9198383733999999	0.0
4950000	4999999	0.9198383733999999	0.9198383733999999	0.0
5000000	5049999	0.9198383733999999	0.9198383733999999	0.0
5050000	5099999	0.9198383733999999	0.9198383733999999	0.0
5100000	5149999	0.9198383733999999	0.9198383733999999	0.0
5150000	5199999	0.9198383733999999	0.9198383733999999	0.0
5200000	5249999	0.9198383733999999	0.9198383733999999	0.0
5250000	5299999	0.9198383733999999	0.9198383733999999	0.0
5300000	5349999	0.9198383733999999	0.9198383733999999	0.0
5350000	5399999	0.9198383733999999	0.9198383733999999	0.0
5400000	5449999	0.9198383733999999	0.9198383733999999	0.0
5450000	5499999	0.9198383733999999	0.9198383733999999	0.0
5500000	5549999	0.9198383733999999	0.9198383733999999	0.0
5550000	5599999	0.9198383733999999	0.9198383733999999	0.0
5600000	5649999	0.9198383733999999	0.9198383733999999	0.0
5650000	5699999	0.9198383733999999	0.9198383733999999	0.0
5700000	5749999	0.9198383733999999	0.9198383733999999	0.0
5750000	5799999	0.9198383733999999	0.9198383733999999	0.0
5800000	5849999	0.9198383733999999	0.9198383733999999	0.0
5850000	5899999	0.9198383733999999	0.9198383733999999	0.0
5900000	5949999	0.9198383733999999	0.9198383733999999	0.0
5950000	5999999	0.9198383733999999	0.9198383733999999	0.0
6000000	6049999	0.9198383733999999	0.9198383733999999	0.0
6050000	6099999	0.9198383733999999	0.9198383733999999	0.0
6100000	6149999	0.9198383733999999	0.9198383733999999	0.0
6150000	6199999	0.9198383733999999	0.9198383733999999	0.0
6200000	6249999	0.9198383733999999	0.9198383733999999	0.0
6250000	6299999	0.9198383733999999	0.9198383733999999	0.0
6300000	6349999	0.9198383733999999	0.9198383733999999	0.0
6350000	6399999	0.9198383733999999	0.9198383733999999	0.0
6400000	6449999	0.9198383733999999	0.9198383733999999	0.0
6450000	6499999	0.9198383733999999	0.9198383733999999	0.0
6500000	6549999	0.9198383733999999	0.9198383733999999	0.0
6550000	6599999	0.9198383733999999	0.9198383733999999	0.0
6600000	6649999	0.9198383733999999	0.9198383733999999	0.0
6650000	6699999	0.9198383733999999	0.9198383733999999	0.0
6700000	6749999	0.9198383733999999	0.9198383733999999	0.0
6750000	6799999	0.9198383733999999	0.9198383733999999	0.0
6800000	6849999	0.9198383733999999	0.9198383733999999	0.0
6850000	6899999	0.9198383733999999	0.9198383733999999	0.0
6900000	6949999	0.9198383733999999	0.9198383733999999	0.0
6950000	6999999	0.9198383733999999	0.9198383733999999	0.0
7000000	7049999	0.9198383733999999	0.9198383733999999	0.0
7050000	7099999	0.9198383733999999	0.9198383733999999	0.0
7100000	7149999	0.9198383733999999	0.9198383733999999	0.0
7150000	7199999	0.9198383733999999	0.9198383733999999	0.0
7200000	7249999	0.9198383733999999	0.9198383733999999	0.0
7250000	7299999	0.9198383733999999	0.9198383733999999	0.0
7300000	7349999	0.9198383733999999	0.9198383733999999	0.0
7350000	7399999	0.9198383733999999	0.9198383733999999	0.0
7400000	7449999	0.9198383733999999	0.9198383733999999	0.0
7450000	7499999	0.9198383733999999	0.9198383733999999	0.0
7500000	7549999	0.9198383733999999	0.9198383733999999	0.0
7550000	7599999	0.9198383733999999	0.9198383733999999	0.0
7600000	7649999	0.9198383733999999	0.9198383733999999	0.0
7650000	7699999	0.9198383733999999	0.9198383733999999	0.0
7700000	7749999	0.9198383733999999	0.9198383733999999	0.0
7750000	7799999	0.9198383733999999	0.9198383733999999	0.0
7800000	7849999	0.9198383733999999	0.9198383733999999	0.0
7850000	7899999	0.9198383733999999	0.9198383733999999	0.0
7900000	7949999	0.9198383733999999	0.9198383733999999	0.0
7950000	7999999	0.9198383733999999	0.9198383733999999	0.0
8000000	8049999	0.9198383733999999	0.9198383733999999	0.0
8050000	8099999	0.9198383733999999	0.9198383733999999	0.0
8100000	8149999	0.9198383733999999	0.9198383733999999	0.0
8150000	8199999	0.9198383733999999	0.9198383733999999	0.0
8200000	8249999	0.9198383733999999	0.9198383733999999	0.0
8250000	8299999	0.9198383733999999	0.9198383733999999	0.0
8300000	8349999	0.9198383733999999	0.9198383733999999	0.0
8350000	8399999	0.9198383733999999	0.9198383733999999	0.0
8400000	8449999	0.9198383733999999	0.9198383733999999	0.0
8450000	8499999	0.9198383733999999	0.9198383733999999	0.0
8500000	8549999	0.9198383733999999	0.9198383733999999	0.0
8550000	8599999	0.9198383733999999	0.9198383733999999	0.0
8600000	8649999	0.9198383733999999	0.9198383733999999	0.0
8650000	8699999	0.9198383733999999	0.9198383733999999	0.0
8700000	8749999	0.9198383733999999	0.9198383733999999	0.0
8750000	8799999	0.9198383733999999	0.9198383733999999	0.0
8800000	8849999	0.9198383733999999	0.9198383733999999	0.0
8850000	8899999	0.9198383733999999	0.9198383733999999	0.0
8900000	8949999	0.9198383733999999	0.9198383733999999	0.0
8950000	8999999	0.9198383733999999	0.9198383733999999	0.0
9000000	9049999	0.9198383733999999	0.9198383733999999	0.0
9050000	9099999	0.9198383733999999	0.9198383733999999	0.0
9100000	9149999	0.9198383733999999	0.9198383733999999	0.0
9150000	9199999	0.9198383733999999	0.9198383733999999	0.0
9200000	9249999	0.9198383733999999	0.9198383733999999	0.0
9250000	9299999	0.9198383733999999	0.9198383733999999	0.0
9300000	9349999	0.9198383733999999	0.9198383733999999	0.0
9350000	9399999	0.9198383733999999	0.9198383733999999	0.0
9400000	9449999	0.9198383733999999	0.9198383733999999	0.0
9450000	9499999	0.9198383733999999	0.9198383733999999	0.0
9500000	9549999	0.9198383733999999	0.9198383733999999	0.0
9550000	9599999	0.9198383733999999	0.9198383733999999	0.0
9600000	9649999	0.9198383733999999	0.9198383733999999	0.0
9650000	9699999	0.9198383733999999	0.9198383733999999	0.0
9700000	9749999	0.9198383733999999	0.9198383733999999	0.0
9750000	9799999	0.9198383733999999	0.9198383733999999	0.0
9800000	9849999	0.9198383733999999	0.9198383733999999	0.0
9850000	9899999	0.9198383733999999	0.9198383733999999	0.0
9900000	9949999	0.9198383733999999	0.9198383733999999	0.0
9950000	9999999	0.9198383733999999	0.9198383733999999	0.0
10000000	10049999	0.9198383733999999	0.9198383733999999	0.0
10050000	10099999	0.9198383733999999	0.9198383733999999	0.0
10100000	10149999	0.9198383733999999	0.9198383733999999	0.0
10150000	10199999	0.9198383733999999	0.9198383733999999	0.0
10200000	10249999	0.9198383733999999	0.9198383733999999	0.0
10250000	10299999	0.9198383733999999	0.9198383733999999	0.0
10300000	10349999	0.9198383733999999	0.9198383733999999	0.0
10350000	10399999	0.9198383733999999	0.9198383733999999	0.0
10400000	10449999	0.9198383733999999	0.9198383733999999	0.0
10450000	10499999	0.9198383733999999	0.9198383733999999	0.0
10500000	10549999	0.9198383733999999	0.9198383733999999	0.0
10550000	10599999	0.9198383733999999	0.9198383733999999	0.0
10600000	10649999	0.9198383733999999	0.9198383733999999	0.0
10650000	10699999	0.9198383733999999	0.9198383733999999	0.0
10700000	10749999	0.9198383733999999	0.9198383733999999	0.0
10750000	10799999	0.9198383733999999	0.9198383733999999	0.0
10800000	10849999	0.9198383733999999	0.9198383733999999	0.0
10850000	10899999	0.9198383733999999	0.9198383733999999	0.0
10900000	10949999	0.9198383733999999	0.9198383733999999	0.0
10950000	10999999	0.9198383733999999	0.9198383733999999	0.0
11000000	11049999	0.9198383733999999	0.9198383733999999	0.0
11050000	11099999	0.9198383733999999	0.9198383733999999	0.0
11100000	11149999	0.9198383733999999	0.9198383733999999	0.0
11150000	11199999	0.9198383733999999	0.9198383733999999	0.0
11200000	11249999	0.9198383733999999	0.9198383733999999	0.0
11250000	11299999	0.9198383733999999	0.9198383733999999	0.0
11300000	11349999	0.9198383733999999	0.9198383733999999	0.0
11350000	11399999	0.9198383733999999	0.9198383733999999	0.0
11400000	11449999	0.9198383733999999	0.9198383733999999	0.0
11450000	11499999	0.9198383733999999	0.9198383733999999	0.0
11500000	11549999	0.9198383733999999	0.9198383733999999	0.0
11550000	11599999	0.9198383733999999	0.9198383733999999	0.0
11600000	11649999	0.9198383733999999	0.9198383733999999	0.0
11650000	11699999	0.9198383733999999	0.9198383733999999	0.0
11700000	11749999	0.9198383733999999	0.9198383733999999	0.0
11750000	11799999	0.9198383733999999	0.9198383733999999	0.0
11800000	11849999	0.9198383733999999	0.9198383733999999	0.0
11850000	11899999	0.9198383733999999	0.9198383733999999	0.0
11900000	11949999	0.9198383733999999	0.9198383733999999	0.0
11950000	11999999	0.9198383733999999	0.9198383733999999	0.0
12000000	12049999	0.9198383733999999	0.9198383733999999	0.0
12050000	12099999	0.9198383733999999	0.9198383733999999	0.0
12100000	12149999	0.9198383733999999	0.9198383733999999	0.0
12150000	12199999	0.9198383733999999	0.9198383733999999	0.0
12200000	12249999	0.9198383733999999	0.9198383733999999	0.0
12250000	12299999	0.9198383733999999	0.9198383733999999	0.0
12300000	12349999	0.9198383733999999	0.9198383733999999	0.0
12350000	12399999	0.9198383733999999	0.9198383733999999	0.0
12400000	12449999	0.9198383733999999	0.9198383733999999	0.0
12450000	12499999	0.9198383733999999	0.9198383733999999	0.0
12500000	12549999	0.9198383733999999	0.9198383733999999	0.0
12550000	12599999	0.9198383733999999	0.9198383733999999	0.0
12600000	12649999	0.9198383733999999	0.9198383733999999	0.0
12650000	12699999	0.9198383733999999	0.9198383733999999	0.0
12700000	12749999	0.9198383733999999	0.9198383733999999	0.0
12750000	12799999	0.9198383733999999	0.9198383733999999	0.0
12800000	12849999	0.9198383733999999	0.9198383733999999	0.0
12850000	12899999	0.9198383733999999	0.9198383733999999	0.0
12900000	12949999	0.9198383733999999	0.9198383733999999	0.0
12950000	12999999	0.9198383733999999	0.9198383733999999	0.0
13000000	13049999	0.9198383733999999	0.9198383733999999	0.0
13050000	13099999	0.9198383733999999	0.9198383733999999	0.0
13100000	13149999	0.9198383733999999	0.9198383733999999	0.0
13150000	13199999	0.9198383733999999	0.9198383733999999	0.0
13200000	13249999	0.9198383733999999	0.9198383733999999	0.0
13250000	13299999	0.9198383733999999	0.9198383733999999	0.0
13300000	13349999	0.9198383733999999	0.9198383733999999	0.0
13350000	13399999	0.9198383733999999	0.9198383733999999	0.0
13400000	13449999	0.9198383733999999	0.9198383733999999	0.0
13450000	13499999	0.9198383733999999	0.9198383733999999	0.0
13500000	13549999	0.9198383733999999	0.9198383733999999	0.0
13550000	13599999	0.9198383733999999	0.9198383733999999	0.0
13600000	13649999	0.9198383733999999	0.9198383733999999	0.0
13650000	13699999	0.9198383733999999	0.9198383733999999	0.0
13700000	13749999	0.9198383733999999	0.9198383733999999	0.0
13750000	13799999	0.9198383733999999	0.9198383733999999	0.0
13800000	13849999	0.9198383733999999	0.9198383733999999	0.0
13850000	13899999	0.9198383733999999	0.9198383733999999	0.0
13900000	13949999	0.9198383733999999	0.9198383733999999	0.0
13950000	13999999	0.9198383733999999	0.9198383733999999	0.0
14000000	14049999	0.9198383733999999	0.9198383733999999	0.0
14050000	14099999	0.9198383733999999	0.9198383733999999	0.0
14100000	14149999	0.9198383733999999	0.9198383733999999	0.0
14150000	14199999	0.9198383733999999	0.9198383733999999	0.0
14200000	14249999	0.9198383733999999	0.9198383733999999	0.0
14250000	14299999	0.9198383733999999	0.9198383733999999	0.0
14300000	14349999	0.9198383733999999	0.9198383733999999	0.0
14350000	14399999	0.9198383733999999	0.9198383733999999	0.0
14400000	14449999	0.9198383733999999	0.9198383733999999	0.0
14450000	14499999	0.9198383733999999	0.9198383733999999	0.0
14500000	14549999	0.9198383733999999	0.9198383733999999	0.0
14550000	14599999	0.9198383733999999	0.9198383733999999	0.0
14600000	14649999	0.9198383733999999	0.9198383733999999	0.0
14650000	14699999	0.9198383733999999	0.9198383733999999	0.0
14700000	14749999	0.9198383733999999	0.9198383733999999	0.0
14750000	14799999	0.9198383733999999	0.9198383733999999	0.0
14800000	14849999	0.9198383733999999	0.9198383733999999	0.0
14850000	14899999	0.9198383733999999	0.9198383733999999	0.0
14900000	14949999	0.9198383733999999	0.9198383733999999	0.0
14950000	14999999	0.9198383733999999	0.9198383733999999	0.0
15000000	15049999	0.9198383733999999	0.9198383733999999	0.0
15050000	15099999	0.9198383733999999	0.9198383733999999	0.0
15100000	15149999	0.9198383733999999	0.9198383733999999	0.0
15150000	15199999	0.9198383733999999	0.9198383733999999	0.0
15200000	15249999	0.9198383733999999	0.9198383733999999	0.0
15250000	15299999	0.9198383733999999	0.9198383733999999	0.0
15300000	15349999	0.9198383733999999	0.9198383733999999	0.0
15350000	15399999	0.9198383733999999	0.9198383733999999	0.0
15400000	15449999	0.9198383733999999	0.9198383733999999	0.0
15450000	15499999	0.9198383733999999	0.9198383733999999	0.0
15500000	15549999	0.9198383733999999	0.9198383733999999	0.0
15550000	15599999	0.9198383733999999	0.9198383733999999	0.0
15600000	15649999	0.9198383733999999	0.9198383733999999	0.0
15650000	15699999	0.9198383733999999	0.9198383733999999	0.0
15700000	15749999	0.9198383733999999	0.9198383733999999	0.0
15750000	15799999	0.9198383733999999	0.9198383733999999	0.0
15800000	15849999	0.9198383733999999	0.9198383733999999	0.0
15850000	15899999	0.9198383733999999	0.9198383733999999	0.0
15900000	15949999	0.9198383733999999	0.9198383733999999	0.0
15950000	15999999	0.9198383733999999	0.9198383733999999	0.0
16000000	16049999	0.7063518380333332	0.9198383733999999	-0.21348653536666662
16050000	16099999	0.7119159459999999	0.9198383733999999	-0.2079224274
16100000	16149999	0.5028730107333332	0.9198383733999999	-0.4169653626666666
16150000	16199999	0.5129862055999999	0.9198383733999999	-0.4068521678
16200000	16249999	0.3657577009999998	0.9198383733999999	-0.5540806724
16250000	16299999	0.38170760449999985	0.9198383733999999	-0.5381307689
16300000	16349999	0.46952917923333326	0.9198383733999999	-0.4503091941666666
16350000	16399999	0.4834661149999998	0.9198383733999999	-0.43637225840000005
16400000	16449999	0.4257966436333332	0.9198383733999999	-0.49404172976666666
16450000	16499999	0.2295236801999998	0.9198383733999999	-0.6903146932
16500000	16549999	0.04028915493333329	0.9198383733999999	-0.8795492184666666
16550000	16599999	0.0	0.9198383733999999	-0.9198383733999999
16600000	16649999	0.09891936179999983	0.9198383733999999	-0.8209190116
16650000	16699999	0.4158813479333332	0.9198383733999999	-0.5039570254666667
16700000	16749999	0.7069330059999999	0.9198383733999999	-0.2129053674
16750000	16799999	1.0004982391	0.9198383733999999	0.08065986570000006
16800000	16849999	1.9086139892	0.9198383733999999	0.9887756158000002
16850000	16899999	4.8776106563	0.9198383733999999	3.9577722829
16900000	16949999	5.195648117166668	0.9198383733999999	4.275809743766668
16950000	16999999	5.057607295266667	0.9198383733999999	4.137768921866667
17000000	17049999	3.073790875033333	0.9198383733999999	2.1539525016333334
17050000	17099999	3.9853390309666663	0.9198383733999999	3.0655006575666666
17100000	17149999	3.229510968133333	0.9198383733999999	2.309672594733333
17150000	17199999	3.1306092307666664	0.9198383733999999	2.2107708573666667
17200000	17249999	2.1527993058	0.9198383733999999	1.2329609324000002
17250000	17299999	2.1107711922	0.9198383733999999	1.1909328188000003
17300000	17349999	1.5149878079666665	0.9198383733999999	0.5951494345666667
17350000	17399999	1.1402581183666665	0.9198383733999999	0.2204197449666666
17400000	17449999	1.158502029833333	0.9198383733999999	0.2386636564333332
17450000	17499999	0.9434100578666665	0.9198383733999999	0.023571684466666687
17500000	17549999	1.0055666467666664	0.9198383733999999	0.08572827336666655
17550000	17599999	0.9810508975333332	0.9198383733999999	0.061212524133333335
17600000	17649999	0.9552432404666665	0.9198383733999999	0.03540486706666668
17650000	17699999	0.9462317459666665	0.9198383733999999	0.02639337256666663
17700000	17749999	0.9863350187999999	0.9198383733999999	0.0664966454
17750000	17799999	0.9739634132999999	0.9198383733999999	0.05412503990000006
17800000	17849999	0.9974225398333332	0.9198383733999999	0.07758416643333332
17850000	17899999	1.0467355279666666	0.9198383733999999	0.12689715456666673
17900000	17949999	1.1043863976333332	0.9198383733999999	0.18454802423333339
17950000	17999999	1.1812478569999998	0.9198383733999999	0.26140948359999994
18000000	18049999	1.1953068141333332	0.9198383733999999	0.2754684407333333
18050000	18099999	1.2695813564333331	0.9198383733999999	0.3497429830333333
18100000	18149999	1.3504399887333332	0.9198383733999999	0.4306016153333333
18150000	18199999	1.348656055233333	0.9198383733999999	0.42881768183333324
18200000	18249999	1.260876247433333	0.9198383733999999	0.3410378740333332
18250000	18299999	1.1740379296999999	0.9198383733999999	0.2541995563
18300000	18349999	1.1867976034333332	0.9198383733999999	0.26695923003333333
18350000	18399999	1.2377833216666665	0.9198383733999999	0.31794494826666664
18400000	18449999	1.218026940933333	0.9198383733999999	0.2981885675333332
18450000	18499999	1.2504378749333331	0.9198383733999999	0.3305995015333333
18500000	18549999	1.1752897379666665	0.9198383733999999	0.2554513645666666
18550000	18599999	1.098929509333333	0.9198383733999999	0.17909113593333326
18600000	18649999	0.9613107197999998	0.9198383733999999	0.04147234639999997
18650000	18699999	0.7571384517333332	0.9198383733999999	-0.1626999216666667
18700000	18749999	0.5802558777333332	0.9198383733999999	-0.33958249566666665
18750000	18799999	0.7025020242333332	0.9198383733999999	-0.21733634916666666
18800000	18849999	0.8841144503333331	0.9198383733999999	-0.03572392306666672
18850000	18899999	1.0479504310666665	0.9198383733999999	0.12811205766666667
18900000	18949999	1.5052608771666665	0.9198383733999999	0.5854225037666666
18950000	18999999	2.0300450723666663	0.9198383733999999	1.1102066989666666
19000000	19049999	2.781354157633333	0.9198383733999999	1.8615157842333332
19050000	19099999	3.031055680133333	0.9198383733999999	2.1112173067333333
19100000	19149999	3.4321011085999995	0.9198383733999999	2.5122627351999998
19150000	19199999	3.6209472258333326	0.9198383733999999	2.701108852433333
19200000	19249999	3.945032244166666	0.9198383733999999	3.025193870766666
19250000	19299999	4.023333049866666	0.9198383733999999	3.1034946764666667
19300000	19349999	4.069597221033333	0.9198383733999999	3.149758847633333
19350000	19399999	3.8797841197333334	0.9198383733999999	2.9599457463333336
19400000	19449999	3.6190519253666666	0.9198383733999999	2.699213551966667
19450000	19499999	3.2844102822333334	0.9198383733999999	2.3645719088333337
19500000	19549999	3.1495856878999993	0.9198383733999999	2.2297473144999995
19550000	19599999	3.373966753433333	0.9198383733999999	2.454128380033333
19600000	19649999	3.7869213255	0.9198383733999999	2.8670829521
19650000	19699999	4.3438430697	0.9198383733999999	3.4240046963000004
19700000	19749999	4.4353898808666665	0.9198383733999999	3.515551507466667
19750000	19799999	4.274414808566667	0.9198383733999999	3.3545764351666674
19800000	19849999	3.8122535638999997	0.9198383733999999	2.8924151905
19850000	19899999	3.659580570033333	0.9198383733999999	2.7397421966333333
19900000	19949999	3.642464191066667	0.9198383733999999	2.722625817666667
19950000	19999999	3.7246822063	0.9198383733999999	2.8048438329
20000000	20049999	3.5058497748999997	0.9198383733999999	2.5860114015
20050000	20099999	3.650507063	0.9198383733999999	2.7306686896000003
20100000	20149999	3.434382420166666	0.9198383733999999	2.5145440467666664
20150000	20199999	3.751334663433333	0.9198383733999999	2.8314962900333334
20200000	20249999	3.4217910357	0.9198383733999999	2.5019526623000004
20250000	20299999	3.3378080861666666	0.9198383733999999	2.417969712766667
20300000	20349999	2.124481186133333	0.9198383733999999	1.2046428127333333
20350000	20399999	1.2506652059999999	0.9198383733999999	0.3308268326
20400000	20449999	0.3880233064666665	0.9198383733999999	-0.5318150669333334
20450000	20499999	0.2685137170666666	0.9198383733999999	-0.6513246563333333
20500000	20549999	0.4445465253333332	0.9198383733999999	-0.47529184806666663
20550000	20599999	0.41628462536666655	0.9198383733999999	-0.5035537480333333
20600000	20649999	0.5263599093666664	0.9198383733999999	-0.3934784640333334
20650000	20699999	1.289769042933333	0.9198383733999999	0.3699306695333332
20700000	20749999	2.3824011472666666	0.9198383733999999	1.4625627738666669
20750000	20799999	3.6987171217999997	0.9198383733999999	2.7788787484
20800000	20849999	3.912362826366666	0.9198383733999999	2.9925244529666664
20850000	20899999	3.9979644422333327	0.9198383733999999	3.078126068833333
20900000	20949999	3.756950292166666	0.9198383733999999	2.8371119187666665
20950000	20999999	3.6650193275333334	0.9198383733999999	2.7451809541333336
21000000	21049999	3.5572133998	0.9198383733999999	2.6373750264000004
21050000	21099999	3.5623818881666662	0.9198383733999999	2.6425435147666665
21100000	21149999	3.808959436266666	0.9198383733999999	2.8891210628666664
21150000	21199999	3.9866906952	0.9198383733999999	3.0668523218000003
21200000	21249999	4.316197572566667	0.9198383733999999	3.396359199166667
21250000	21299999	4.313101804066666	0.9198383733999999	3.3932634306666665
21300000	21349999	4.246716448366667	0.9198383733999999	3.326878074966667
21350000	21399999	3.850089110833333	0.9198383733999999	2.930250737433333
21400000	21449999	3.0494269561666663	0.9198383733999999	2.1295885827666665
21450000	21499999	2.0497372399666665	0.9198383733999999	1.1298988665666667
21500000	21549999	1.5653732411999999	0.9198383733999999	0.6455348678
21550000	21599999	1.4387153495999998	0.9198383733999999	0.5188769762
21600000	21649999	1.4124900957333333	0.9198383733999999	0.49265172233333343
21650000	21699999	0.9776774623999999	0.9198383733999999	0.05783908900000001
21700000	21749999	0.8334321168333332	0.9198383733999999	-0.08640625656666667
21750000	21799999	1.0826434579666664	0.9198383733999999	0.16280508456666654
21800000	21849999	1.015540440233333	0.9198383733999999	0.09570206683333315
21850000	21899999	1.9820896470333333	0.9198383733999999	1.0622512736333336
21900000	21949999	2.902571129333333	0.9198383733999999	1.9827327559333332
21950000	21999999	4.2608691826	0.9198383733999999	3.3410308092
22000000	22049999	4.406438269666666	0.9198383733999999	3.4865998962666667
22050000	22099999	4.642287040333333	0.9198383733999999	3.722448666933333
22100000	22149999	5.241240755933333	0.9198383733999999	4.321402382533333
22150000	22199999	5.346752504433334	0.9198383733999999	4.4269141310333335
22200000	22249999	5.203242907266667	0.9198383733999999	4.283404533866666
22250000	22299999	4.5541896224	0.9198383733999999	3.6343512490000003
22300000	22349999	5.015601151233334	0.9198383733999999	4.095762777833333
22350000	22399999	5.2675557268	0.9198383733999999	4.3477173534
22400000	22449999	5.1738682203	0.9198383733999999	4.2540298469
22450000	22499999	4.868503523633333	0.9198383733999999	3.948665150233333
22500000	22549999	4.411588853833333	0.9198383733999999	3.4917504804333332
22550000	22599999	5.0072137675	0.9198383733999999	4.0873753940999995
22600000	22649999	4.4157468004	0.9198383733999999	3.4959084270000003
22650000	22699999	4.607507961766667	0.9198383733999999	3.6876695883666675
22700000	22749999	4.120201761833333	0.9198383733999999	3.2003633884333333
22750000	22799999	4.781831277133333	0.9198383733999999	3.861992903733333
22800000	22849999	5.170694560933334	0.9198383733999999	4.2508561875333335
22850000	22899999	5.8170025795	0.9198383733999999	4.8971642061
22900000	22949999	5.921840016666667	0.9198383733999999	5.0020016432666665
22950000	22999999	6.0511270136999995	0.9198383733999999	5.131288640299999
23000000	23049999	6.2065567379	0.9198383733999999	5.2867183644999995
23050000	23099999	6.657120537133333	0.9198383733999999	5.737282163733333
23100000	23149999	7.318484982966666	0.9198383733999999	6.398646609566666
23150000	23199999	7.019266384833332	0.9198383733999999	6.099428011433332
23200000	23249999	6.957447092633333	0.9198383733999999	6.037608719233333
23250000	23299999	7.185504887866667	0.9198383733999999	6.265666514466667
23300000	23349999	7.426113576500001	0.9198383733999999	6.5062752031
23350000	23399999	7.1806853946	0.9198383733999999	6.2608470212
23400000	23449999	6.543743311566667	0.9198383733999999	5.623904938166667
23450000	23499999	6.801330883066667	0.9198383733999999	5.881492509666667
23500000	23549999	7.375806521966666	0.9198383733999999	6.455968148566666
23550000	23599999	6.7029008809	0.9198383733999999	5.7830625074999995
23600000	23649999	4.462267631833334	0.9198383733999999	3.542429258433334
23650000	23699999	1.9703994289333333	0.9198383733999999	1.0505610555333336
23700000	23749999	0.5778947723333332	0.9198383733999999	-0.34194360106666666
23750000	23799999	0.5273410131999998	0.9198383733999999	-0.39249736020000003
23800000	23849999	0.6016013742666666	0.9198383733999999	-0.31823699913333325
23850000	23899999	0.5939723593333333	0.9198383733999999	-0.3258660140666666
23900000	23949999	0.6152863844333332	0.9198383733999999	-0.3045519889666667
23950000	23999999	0.6010701907999998	0.9198383733999999	-0.31876818260000006
24000000	24049999	0.6368897073666666	0.9198383733999999	-0.28294866603333324
24050000	24099999	0.6478303646666665	0.9198383733999999	-0.2720080087333333
24100000	24149999	0.6454648003666665	0.9198383733999999	-0.2743735730333333
24150000	24199999	0.6302425393666666	0.9198383733999999	-0.2895958340333332
24200000	24249999	0.5508833483666665	0.9198383733999999	-0.36895502503333333
24250000	24299999	0.4450322302333331	0.9198383733999999	-0.47480614316666675
24300000	24349999	0.4557594011333332	0.9198383733999999	-0.46407897226666667
24350000	24399999	0.5085685003333331	0.9198383733999999	-0.41126987306666674
24400000	24449999	0.6055187255999999	0.9198383733999999	-0.3143196478
24450000	24499999	0.6046136489666665	0.9198383733999999	-0.3152247244333334
24500000	24549999	0.5788267846333333	0.9198383733999999	-0.3410115887666666
24550000	24599999	0.6181051695999998	0.9198383733999999	-0.3017332038
24600000	24649999	0.6668045497999999	0.9198383733999999	-0.25303382359999993
24650000	24699999	0.7568127075999999	0.9198383733999999	-0.1630256658
24700000	24749999	0.8002704905333332	0.9198383733999999	-0.11956788286666664
24750000	24799999	0.7866545010333331	0.9198383733999999	-0.13318387236666673
24800000	24849999	0.7666964415666665	0.9198383733999999	-0.15314193183333336
24850000	24899999	0.7271380713666665	0.9198383733999999	-0.19270030203333333
24900000	24949999	0.6468173444666665	0.9198383733999999	-0.27302102893333335
24950000	24999999	0.8756770762333332	0.9198383733999999	-0.04416129716666661
25000000	25049999	0.9027068715666665	0.9198383733999999	-0.01713150183333334
25050000	25099999	0.9733927528666666	0.9198383733999999	0.053554379466666746
25100000	25149999	0.7401309855333332	0.9198383733999999	-0.17970738786666662
25150000	25199999	0.6676887953666666	0.9198383733999999	-0.25214957803333327
25200000	25249999	0.6021019415666664	0.9198383733999999	-0.31773643183333344
25250000	25299999	0.5443567101999999	0.9198383733999999	-0.3754816632
25300000	25349999	0.5306301867666665	0.9198383733999999	-0.38920818663333334
25350000	25399999	0.3721701555333332	0.9198383733999999	-0.5476682178666666
25400000	25449999	0.34521344806666654	0.9198383733999999	-0.5746249253333333
25450000	25499999	0.3341590461999999	0.9198383733999999	-0.5856793271999999
25500000	25549999	0.4747036393999999	0.9198383733999999	-0.445134734
25550000	25599999	0.4907730117333332	0.9198383733999999	-0.42906536166666664
25600000	25649999	0.5122914452333331	0.9198383733999999	-0.4075469281666667
25650000	25699999	0.5435338682333332	0.9198383733999999	-0.3763045051666667
25700000	25749999	0.6068622593333332	0.9198383733999999	-0.3129761140666667
25750000	25799999	0.6282598047666665	0.9198383733999999	-0.2915785686333333
25800000	25849999	0.6398009217333331	0.9198383733999999	-0.2800374516666667
25850000	25899999	0.6419806548666666	0.9198383733999999	-0.2778577185333333
25900000	25949999	0.7023032687333333	0.9198383733999999	-0.2175351046666666
25950000	25999999	0.7671613768999999	0.9198383733999999	-0.1526769965
26000000	26049999	0.8406808423333332	0.9198383733999999	-0.07915753106666668
26050000	26099999	0.8267001623333332	0.9198383733999999	-0.09313821106666664
26100000	26149999	0.7554148875999999	0.9198383733999999	-0.1644234858
26150000	26199999	0.6422093713333332	0.9198383733999999	-0.27762900206666663
26200000	26249999	0.6574418851999999	0.9198383733999999	-0.26239648819999994
26250000	26299999	0.6799686724666665	0.9198383733999999	-0.23986970093333337
26300000	26349999	0.7246115784333332	0.9198383733999999	-0.19522679496666662
26350000	26399999	0.6434876835333332	0.9198383733999999	-0.27635068986666667
26400000	26449999	0.6592305201999998	0.9198383733999999	-0.2606078532
26450000	26499999	0.6428401885333332	0.9198383733999999	-0.2769981848666666
26500000	26549999	0.6620237444999999	0.9198383733999999	-0.25781462889999995
26550000	26599999	0.6121508530666666	0.9198383733999999	-0.30768752033333324
26600000	26649999	0.6039973358666666	0.9198383733999999	-0.31584103753333326
26650000	26699999	0.6191260686333332	0.9198383733999999	-0.30071230476666666
26700000	26749999	0.6669169233333332	0.9198383733999999	-0.25292145006666666
26750000	26799999	0.7093511922333332	0.9198383733999999	-0.21048718116666665
26800000	26849999	0.7553026126999999	0.9198383733999999	-0.16453576069999998
26850000	26899999	0.7502453153999998	0.9198383733999999	-0.16959305800000002
26900000	26949999	0.7594866545666665	0.9198383733999999	-0.16035171883333332
26950000	26999999	0.7657657805333332	0.9198383733999999	-0.15407259286666664
27000000	27049999	0.8005382406999998	0.9198383733999999	-0.11930013270000006
27050000	27099999	0.7523296136333332	0.9198383733999999	-0.16750875976666668
27100000	27149999	0.6808131169666665	0.9198383733999999	-0.2390252564333334
27150000	27199999	0.6364426254999999	0.9198383733999999	-0.2833957479
27200000	27249999	0.6411153280333332	0.9198383733999999	-0.2787230453666667
27250000	27299999	0.6522568194666665	0.9198383733999999	-0.2675815539333334
27300000	27349999	0.6422053503333331	0.9198383733999999	-0.2776330230666667
27350000	27399999	0.6331351210333331	0.9198383733999999	-0.2867032523666667
27400000	27449999	0.6179817073666665	0.9198383733999999	-0.3018566660333334
27450000	27499999	0.5764565390666665	0.9198383733999999	-0.34338183433333336
27500000	27549999	0.5763548842333331	0.9198383733999999	-0.3434834891666667
27550000	27599999	0.5793651722333332	0.9198383733999999	-0.3404732011666667
27600000	27649999	0.6140457386666665	0.9198383733999999	-0.3057926347333334
27650000	27699999	0.6191756764999998	0.9198383733999999	-0.3006626969
27700000	27749999	0.5820055768333332	0.9198383733999999	-0.33783279656666665
27750000	27799999	0.5718339600333332	0.9198383733999999	-0.34800441336666665
27800000	27849999	0.5444109591999998	0.9198383733999999	-0.37542741420000003
27850000	27899999	0.5579210017666665	0.9198383733999999	-0.3619173716333334
27900000	27949999	0.5578591203999999	0.9198383733999999	-0.361979253
27950000	27999999	0.5568649036999999	0.9198383733999999	-0.3629734697
28000000	28049999	0.6075782587999998	0.9198383733999999	-0.3122601146
28050000	28099999	0.6147645452333332	0.9198383733999999	-0.3050738281666666
28100000	28149999	0.5933032062999999	0.9198383733999999	-0.32653516709999997
28150000	28199999	0.42748519209999986	0.9198383733999999	-0.4923531813
28200000	28249999	0.47278667113333317	0.9198383733999999	-0.4470517022666667
28250000	28299999	0.5927407368999998	0.9198383733999999	-0.3270976365
28300000	28349999	0.7260644436666666	0.9198383733999999	-0.1937739297333333
28350000	28399999	0.6509499405333332	0.9198383733999999	-0.26888843286666664
28400000	28449999	0.6082697753333333	0.9198383733999999	-0.3115685980666666
28450000	28499999	0.7044747809999998	0.9198383733999999	-0.21536359240000003
28500000	28549999	0.7766816817999999	0.9198383733999999	-0.1431566916
28550000	28599999	0.8606881489999999	0.9198383733999999	-0.05915022439999995
28600000	28649999	0.9673158003	0.9198383733999999	0.04747742690000012
28650000	28699999	1.0701531354666667	0.9198383733999999	0.15031476206666683
28700000	28749999	1.0330321906333333	0.9198383733999999	0.11319381723333344
28750000	28799999	1.0121414600999998	0.9198383733999999	0.09230308669999998
28800000	28849999	1.0216483652	0.9198383733999999	0.10180999180000005
28850000	28899999	1.0218072278666666	0.9198383733999999	0.1019688544666667
28900000	28949999	1.0421359561333332	0.9198383733999999	0.12229758273333335
28950000	28999999	1.0460430993999998	0.9198383733999999	0.126204726
29000000	29049999	1.0646290012666666	0.9198383733999999	0.14479062786666674
29050000	29099999	0.9346230110999999	0.9198383733999999	0.014784637700000047
29100000	29149999	0.7973139696333332	0.9198383733999999	-0.12252440376666662
29150000	29199999	0.7534177922666665	0.9198383733999999	-0.16642058113333336
29200000	29249999	0.7496152336333333	0.9198383733999999	-0.1702231397666666
29250000	29299999	0.7871188772999999	0.9198383733999999	-0.1327194961
29300000	29349999	0.7582801850999998	0.9198383733999999	-0.16155818830000002
29350000	29399999	0.7351850735999998	0.9198383733999999	-0.1846532998
29400000	29449999	0.7072079754333331	0.9198383733999999	-0.21263039796666672
29450000	29499999	0.7058482962333331	0.9198383733999999	-0.21399007716666674
29500000	29549999	0.7093314647999999	0.9198383733999999	-0.2105069086
29550000	29599999	0.6606676092999999	0.9198383733999999	-0.25917076409999995
29600000	29649999	0.6257275443999999	0.9198383733999999	-0.29411082899999996
29650000	29699999	0.5879093539333331	0.9198383733999999	-0.33192901946666675
29700000	29749999	0.6437476185333332	0.9198383733999999	-0.2760907548666667
29750000	29799999	0.7012897277666665	0.9198383733999999	-0.21854864563333332
29800000	29849999	0.7013399634999998	0.9198383733999999	-0.21849840990000002
29850000	29899999	0.6874506053333331	0.9198383733999999	-0.23238776806666672
29900000	29949999	0.6970689756333331	0.9198383733999999	-0.2227693977666667
29950000	29999999	0.7683343876999998	0.9198383733999999	-0.1515039857
30000000	30049999	0.7717627935333332	0.9198383733999999	-0.14807557986666664
30050000	30099999	0.7356987728666665	0.9198383733999999	-0.18413960053333334
30100000	30149999	0.7034803885999998	0.9198383733999999	-0.2163579848
30150000	30199999	0.7153126040666665	0.9198383733999999	-0.20452576933333333
30200000	30249999	0.7399692719666665	0.9198383733999999	-0.17986910143333334
30250000	30299999	0.8734075124666665	0.9198383733999999	-0.04643086093333337
30300000	30349999	0.9641849385666664	0.9198383733999999	0.044346565166666574
30350000	30399999	0.9712045073999998	0.9198383733999999	0.0513661339999999
30400000	30449999	0.8373922739666665	0.9198383733999999	-0.08244609943333336
30450000	30499999	0.8652967803999998	0.9198383733999999	-0.054541593000000055
30500000	30549999	0.9063303045666665	0.9198383733999999	-0.013508068833333331
30550000	30599999	0.8913355196666665	0.9198383733999999	-0.02850285373333339
30600000	30649999	0.7595293388666665	0.9198383733999999	-0.16030903453333334
30650000	30699999	0.6954817880333332	0.9198383733999999	-0.2243565853666667
30700000	30749999	0.6810981082333332	0.9198383733999999	-0.2387402651666667
30750000	30799999	0.7084073127666665	0.9198383733999999	-0.2114310606333334
30800000	30849999	0.6890040346999998	0.9198383733999999	-0.23083433870000003
30850000	30899999	0.7098370222666666	0.9198383733999999	-0.2100013511333333
30900000	30949999	0.6326074336999998	0.9198383733999999	-0.2872309397
30950000	30999999	0.6612807499999998	0.9198383733999999	-0.2585576234000001
31000000	31049999	0.6858381960666665	0.9198383733999999	-0.23400017733333334
31050000	31099999	0.7722916338999999	0.9198383733999999	-0.14754673949999997
31100000	31149999	0.7574447941666665	0.9198383733999999	-0.1623935792333333
31150000	31199999	0.7026141955999998	0.9198383733999999	-0.21722417780000003
31200000	31249999	0.6173074157333331	0.9198383733999999	-0.3025309576666667
31250000	31299999	0.6050117043999999	0.9198383733999999	-0.314826669
31300000	31349999	0.6648811195999998	0.9198383733999999	-0.2549572538
31350000	31399999	0.6878663741999999	0.9198383733999999	-0.2319719992
31400000	31449999	0.7299086160333332	0.9198383733999999	-0.18992975736666662
31450000	31499999	0.6879697270999999	0.9198383733999999	-0.23186864629999993
31500000	31549999	0.7178017136666666	0.9198383733999999	-0.2020366597333333
31550000	31599999	0.6904125499333332	0.9198383733999999	-0.22942582346666662
31600000	31649999	0.6869910741666665	0.9198383733999999	-0.23284729923333336
31650000	31699999	0.6729392227333332	0.9198383733999999	-0.24689915066666668
31700000	31749999	0.7137412264333332	0.9198383733999999	-0.2060971469666667
31750000	31799999	0.7172935577333333	0.9198383733999999	-0.2025448156666666
31800000	31849999	0.7145892763333332	0.9198383733999999	-0.2052490970666666
31850000	31899999	0.6934149355999999	0.9198383733999999	-0.22642343779999996
31900000	31949999	0.6827619253333332	0.9198383733999999	-0.2370764480666666
31950000	31999999	0.6569628131666665	0.9198383733999999	-0.26287556023333336
32000000	32049999	0.6435157539333332	0.9198383733999999	-0.2763226194666667
32050000	32099999	0.7031232461999999	0.9198383733999999	-0.21671512719999997
32100000	32149999	0.7761276725999998	0.9198383733999999	-0.14371070080000004
32150000	32199999	0.7674275353666665	0.9198383733999999	-0.15241083803333333
32200000	32249999	0.7395174353666666	0.9198383733999999	-0.18032093803333327
32250000	32299999	0.7290584412666665	0.9198383733999999	-0.19077993213333333
32300000	32349999	0.7099334415666665	0.9198383733999999	-0.20990493183333336
32350000	32399999	0.6855187520999999	0.9198383733999999	-0.23431962129999995
32400000	32449999	0.6590510796999998	0.9198383733999999	-0.2607872937000001
32450000	32499999	0.6210189864333332	0.9198383733999999	-0.29881938696666666
32500000	32549999	0.5577154588999998	0.9198383733999999	-0.3621229145
32550000	32599999	0.4994061599999999	0.9198383733999999	-0.4204322134
32600000	32649999	0.5175953089999998	0.9198383733999999	-0.4022430644
32650000	32699999	0.4844117091999999	0.9198383733999999	-0.4354266642
32700000	32749999	0.5157030627999999	0.9198383733999999	-0.40413531059999996
32750000	32799999	0.5820549232999999	0.9198383733999999	-0.3377834501
32800000	32849999	0.7173285537999998	0.9198383733999999	-0.20250981960000003
32850000	32899999	0.7072056422333332	0.9198383733999999	-0.2126327311666667
32900000	32949999	0.6649288812333332	0.9198383733999999	-0.2549094921666667
32950000	32999999	0.6279085096999999	0.9198383733999999	-0.29192986369999996
33000000	33049999	0.46156271559999984	0.9198383733999999	-0.4582756578
33050000	33099999	0.45783964719999987	0.9198383733999999	-0.4619987262
33100000	33149999	0.41292185739999987	0.9198383733999999	-0.506916516
33150000	33199999	0.6310777033333332	0.9198383733999999	-0.2887606700666666
33200000	33249999	0.6681307274666666	0.9198383733999999	-0.2517076459333333
33250000	33299999	0.6759219942333332	0.9198383733999999	-0.24391637916666664
33300000	33349999	0.5983891762666665	0.9198383733999999	-0.3214491971333333
33350000	33399999	0.5184753487333332	0.9198383733999999	-0.4013630246666666
33400000	33449999	0.5055815346666666	0.9198383733999999	-0.4142568387333333
33450000	33499999	0.48631626586666654	0.9198383733999999	-0.4335221075333333
33500000	33549999	0.5119115292999998	0.9198383733999999	-0.4079268441
33550000	33599999	0.5063171186333332	0.9198383733999999	-0.4135212547666667
33600000	33649999	0.47722606456666655	0.9198383733999999	-0.4426123088333333
33650000	33699999	0.41541644173333314	0.9198383733999999	-0.5044219316666667
33700000	33749999	0.36805764149999987	0.9198383733999999	-0.5517807319
33750000	33799999	0.3564399187666665	0.9198383733999999	-0.5633984546333334
33800000	33849999	0.3384622551666665	0.9198383733999999	-0.5813761182333333
33850000	33899999	0.33629624979999984	0.9198383733999999	-0.5835421236
33900000	33949999	0.34054481869999986	0.9198383733999999	-0.5792935547
33950000	33999999	0.31078206499999994	0.9198383733999999	-0.6090563083999999
34000000	34049999	0.2955314247666665	0.9198383733999999	-0.6243069486333334
34050000	34099999	0.2778117274666665	0.9198383733999999	-0.6420266459333334
34100000	34149999	0.3014059859999999	0.9198383733999999	-0.6184323874
34150000	34199999	0.3040533795333331	0.9198383733999999	-0.6157849938666667
34200000	34249999	0.31555952119999975	0.9198383733999999	-0.6042788522000001
34250000	34299999	0.3160058004999998	0.9198383733999999	-0.6038325729
34300000	34349999	0.3248576777333332	0.9198383733999999	-0.5949806956666667
34350000	34399999	0.3318220478999998	0.9198383733999999	-0.5880163255
34400000	34449999	0.32500737453333317	0.9198383733999999	-0.5948309988666667
34450000	34499999	0.33050154763333317	0.9198383733999999	-0.5893368257666667
34500000	34549999	0.34016302816666655	0.9198383733999999	-0.5796753452333333
34550000	34599999	0.3780273360666665	0.9198383733999999	-0.5418110373333334
34600000	34649999	0.38724020866666653	0.9198383733999999	-0.5325981647333333
34650000	34699999	0.3575364916999999	0.9198383733999999	-0.5623018817
34700000	34749999	0.33271454556666646	0.9198383733999999	-0.5871238278333334
34750000	34799999	0.33192303629999986	0.9198383733999999	-0.5879153371
34800000	34849999	0.38681931226666644	0.9198383733999999	-0.5330190611333334
34850000	34899999	0.3786793531999999	0.9198383733999999	-0.5411590202
34900000	34949999	0.36804403259999985	0.9198383733999999	-0.5517943408
34950000	34999999	0.33242888013333316	0.9198383733999999	-0.5874094932666667
35000000	35049999	0.35483938233333323	0.9198383733999999	-0.5649989910666666
35050000	35099999	0.3890361066333332	0.9198383733999999	-0.5308022667666666
35100000	35149999	0.3989452134333332	0.9198383733999999	-0.5208931599666666
35150000	35199999	0.4092952020666665	0.9198383733999999	-0.5105431713333334
35200000	35249999	0.41877961333333313	0.9198383733999999	-0.5010587600666667
35250000	35299999	0.4400379696999998	0.9198383733999999	-0.47980040370000004
35300000	35349999	0.4712640383666665	0.9198383733999999	-0.4485743350333333
35350000	35399999	0.4771697198333332	0.9198383733999999	-0.4426686535666667
35400000	35449999	0.5583886341666666	0.9198383733999999	-0.36144973923333323
35450000	35499999	0.6109405561666665	0.9198383733999999	-0.3088978172333333
35500000	35549999	0.6500691338666665	0.9198383733999999	-0.2697692395333333
35550000	35599999	0.6647174505999999	0.9198383733999999	-0.2551209228
35600000	35649999	0.6574685991666664	0.9198383733999999	-0.2623697742333334
35650000	35699999	0.6616246935333332	0.9198383733999999	-0.25821367986666666
35700000	35749999	0.6528441865666665	0.9198383733999999	-0.2669941868333333
35750000	35799999	0.6512517830666665	0.9198383733999999	-0.2685865903333333
35800000	35849999	0.6538795965333332	0.9198383733999999	-0.2659587768666667
35850000	35899999	0.6369743525999998	0.9198383733999999	-0.28286402080000006
35900000	35949999	0.6229420756333331	0.9198383733999999	-0.2968962977666667
35950000	35999999	0.6163657534999998	0.9198383733999999	-0.3034726199000001
36000000	36049999	0.6034856323999997	0.9198383733999999	-0.3163527410000001
36050000	36099999	0.6598369046666666	0.9198383733999999	-0.2600014687333333
36100000	36149999	0.8040342101333332	0.9198383733999999	-0.11580416326666665
36150000	36199999	0.9158890787333333	0.9198383733999999	-0.003949294666666603
36200000	36249999	0.9475235970999999	0.9198383733999999	0.02768522370000004
36250000	36299999	0.9223974650999999	0.9198383733999999	0.0025590917000000157
36300000	36349999	0.9552305331999998	0.9198383733999999	0.03539215979999999
36350000	36399999	0.8966976847999998	0.9198383733999999	-0.02314068860000007
36400000	36449999	0.8433981138333332	0.9198383733999999	-0.07644025956666667
36450000	36499999	0.7454948369666665	0.9198383733999999	-0.17434353643333333
36500000	36549999	0.7614809607666665	0.9198383733999999	-0.15835741263333336
36550000	36599999	0.7838379008333332	0.9198383733999999	-0.1360004725666667
36600000	36649999	0.7609100401333332	0.9198383733999999	-0.15892833326666667
36650000	36699999	0.7489011881666665	0.9198383733999999	-0.17093718523333334
36700000	36749999	0.7709563810666665	0.9198383733999999	-0.14888199233333332
36750000	36799999	0.7865957657999998	0.9198383733999999	-0.13324260760000006
36800000	36849999	0.7822310936999999	0.9198383733999999	-0.13760727969999997
36850000	36899999	0.7021203429999998	0.9198383733999999	-0.21771803040000004
36900000	36949999	0.6640197144666665	0.9198383733999999	-0.25581865893333333
36950000	36999999	0.6665184397999999	0.9198383733999999	-0.25331993359999994
37000000	37049999	0.6214871496333332	0.9198383733999999	-0.2983512237666667
37050000	37099999	0.6100936699999999	0.9198383733999999	-0.30974470339999993
37100000	37149999	0.5729743439333332	0.9198383733999999	-0.3468640294666666
37150000	37199999	0.5841286395333332	0.9198383733999999	-0.3357097338666667
37200000	37249999	0.5941519416666665	0.9198383733999999	-0.32568643173333334
37250000	37299999	0.5895557175999999	0.9198383733999999	-0.33028265579999994
37300000	37349999	0.5902142908666665	0.9198383733999999	-0.3296240825333333
37350000	37399999	0.6063624336999999	0.9198383733999999	-0.3134759397
37400000	37449999	0.6188993600999999	0.9198383733999999	-0.30093901329999995
37450000	37499999	0.6357021476999998	0.9198383733999999	-0.2841362257000001
37500000	37549999	0.6563417371999999	0.9198383733999999	-0.26349663619999997
37550000	37599999	0.6916577153666665	0.9198383733999999	-0.22818065803333332
37600000	37649999	0.6844187908999999	0.9198383733999999	-0.23541958249999995
37650000	37699999	0.6444268317999999	0.9198383733999999	-0.2754115415999999
37700000	37749999	0.6361110373999999	0.9198383733999999	-0.283727336
37750000	37799999	0.6330300727666665	0.9198383733999999	-0.2868083006333334
37800000	37849999	0.6593855500666665	0.9198383733999999	-0.2604528233333333
37850000	37899999	0.6387288583999999	0.9198383733999999	-0.2811095149999999
37900000	37949999	0.6632966512666665	0.9198383733999999	-0.25654172213333337
37950000	37999999	0.6620932869333331	0.9198383733999999	-0.2577450864666667
38000000	38049999	0.6857472616666666	0.9198383733999999	-0.2340911117333333
38050000	38099999	0.6725912626999998	0.9198383733999999	-0.24724711070000005
38100000	38149999	0.6428131867999998	0.9198383733999999	-0.2770251866000001
38150000	38199999	0.6272423876	0.9198383733999999	-0.2925959857999999
38200000	38249999	0.6684667792999999	0.9198383733999999	-0.2513715941
38250000	38299999	0.6634537056999998	0.9198383733999999	-0.2563846677
38300000	38349999	0.6445658434666666	0.9198383733999999	-0.2752725299333333
38350000	38399999	0.6009284437333331	0.9198383733999999	-0.31890992966666676
38400000	38449999	0.6271457189333332	0.9198383733999999	-0.2926926544666667
38450000	38499999	0.6501465269999999	0.9198383733999999	-0.2696918464
38500000	38549999	0.6719118042333332	0.9198383733999999	-0.24792656916666667
38550000	38599999	0.6539883223333331	0.9198383733999999	-0.2658500510666667
38600000	38649999	0.6601166811999999	0.9198383733999999	-0.25972169219999997
38650000	38699999	0.6462670744333332	0.9198383733999999	-0.27357129896666665
38700000	38749999	0.7286139480999999	0.9198383733999999	-0.19122442529999994
38750000	38799999	0.7207192896666665	0.9198383733999999	-0.1991190837333333
38800000	38849999	0.6753325152333332	0.9198383733999999	-0.2445058581666667
38850000	38899999	0.6382272068333332	0.9198383733999999	-0.2816111665666666
38900000	38949999	0.6614150072666665	0.9198383733999999	-0.2584233661333334
38950000	38999999	0.6789452268999998	0.9198383733999999	-0.24089314650000004
39000000	39049999	0.6419460645999998	0.9198383733999999	-0.27789230880000004
39050000	39099999	0.6334188666333331	0.9198383733999999	-0.2864195067666667
39100000	39149999	0.6366977221666665	0.9198383733999999	-0.2831406512333333
39150000	39199999	0.6187808688999998	0.9198383733999999	-0.3010575045
39200000	39249999	0.5617876458999999	0.9198383733999999	-0.3580507275
39250000	39299999	0.5785126694333332	0.9198383733999999	-0.3413257039666666
39300000	39349999	0.5703629313999998	0.9198383733999999	-0.349475442
39350000	39399999	0.6301754558666666	0.9198383733999999	-0.2896629175333333
39400000	39449999	0.6383853666666666	0.9198383733999999	-0.2814530067333333
39450000	39499999	0.6514605405333331	0.9198383733999999	-0.2683778328666667
39500000	39549999	0.6048830271999999	0.9198383733999999	-0.3149553462
39550000	39599999	0.6018157415333332	0.9198383733999999	-0.3180226318666667
39600000	39649999	0.6194310211999998	0.9198383733999999	-0.30040735220000003
39650000	39699999	0.6692795850999999	0.9198383733999999	-0.2505587883
39700000	39749999	0.6893011645666665	0.9198383733999999	-0.2305372088333334
39750000	39799999	0.6761883541666664	0.9198383733999999	-0.2436500192333334
39800000	39849999	0.7236620563333331	0.9198383733999999	-0.19617631706666672
39850000	39899999	0.7302136204666665	0.9198383733999999	-0.18962475293333336
39900000	39949999	0.7364476594666666	0.9198383733999999	-0.18339071393333328
39950000	39999999	0.6939925746999999	0.9198383733999999	-0.2258457987
40000000	40049999	0.6395215073333331	0.9198383733999999	-0.2803168660666667
40050000	40099999	0.6696033935333332	0.9198383733999999	-0.25023497986666665
40100000	40149999	0.8186248740999998	0.9198383733999999	-0.10121349930000001
40150000	40199999	0.9727505221666665	0.9198383733999999	0.05291214876666661
40200000	40249999	1.0768196189333332	0.9198383733999999	0.15698124553333337
40250000	40299999	0.9900251550999999	0.9198383733999999	0.07018678170000003
40300000	40349999	0.9001805425333332	0.9198383733999999	-0.019657830866666615
40350000	40399999	0.8222819011999999	0.9198383733999999	-0.09755647219999997
40400000	40449999	0.8623974753999999	0.9198383733999999	-0.05744089799999996
40450000	40499999	0.8520190229999999	0.9198383733999999	-0.06781935039999998
40500000	40549999	0.8696530028333332	0.9198383733999999	-0.05018537056666661
40550000	40599999	0.7949049279333332	0.9198383733999999	-0.12493344546666663
40600000	40649999	0.8038624585333332	0.9198383733999999	-0.1159759148666667
40650000	40699999	0.7910487008666666	0.9198383733999999	-0.1287896725333333
40700000	40749999	0.7672713469999999	0.9198383733999999	-0.15256702639999997
40750000	40799999	0.6878331726666665	0.9198383733999999	-0.2320052007333333
40800000	40849999	0.6782255459666665	0.9198383733999999	-0.24161282743333334
40850000	40899999	0.6996886984333331	0.9198383733999999	-0.2201496749666667
40900000	40949999	0.8051140929333331	0.9198383733999999	-0.11472428046666672
40950000	40999999	0.8239390893333332	0.9198383733999999	-0.0958992840666667
41000000	41049999	0.7993398536999998	0.9198383733999999	-0.12049851970000003
41050000	41099999	0.7531242581333332	0.9198383733999999	-0.16671411526666668
41100000	41149999	0.7216950623999998	0.9198383733999999	-0.19814331100000004
41150000	41199999	0.7455125737333332	0.9198383733999999	-0.17432579966666661
41200000	41249999	0.7867844766666665	0.9198383733999999	-0.13305389673333334
41250000	41299999	0.7985409425666665	0.9198383733999999	-0.12129743083333333
41300000	41349999	0.7565109436666666	0.9198383733999999	-0.16332742973333325
41350000	41399999	0.6904785102666665	0.9198383733999999	-0.22935986313333334
41400000	41449999	0.6545079656333332	0.9198383733999999	-0.2653304077666666
41450000	41499999	0.6569758971333333	0.9198383733999999	-0.2628624762666666
41500000	41549999	0.6598775593333333	0.9198383733999999	-0.2599608140666666
41550000	41599999	0.6031090276	0.9198383733999999	-0.3167293457999999
41600000	41649999	0.5813678927666666	0.9198383733999999	-0.3384704806333333
41650000	41699999	0.5863183388999998	0.9198383733999999	-0.3335200345
41700000	41749999	0.6270607616333332	0.9198383733999999	-0.2927776117666666
41750000	41799999	0.6576950798333332	0.9198383733999999	-0.26214329356666666
41800000	41849999	0.6980480434666665	0.9198383733999999	-0.22179032993333336
41850000	41899999	0.7520212709999998	0.9198383733999999	-0.16781710240000003
41900000	41949999	0.7333754678999999	0.9198383733999999	-0.1864629055
41950000	41999999	0.6976678236666665	0.9198383733999999	-0.2221705497333334
42000000	42049999	0.6890763551999999	0.9198383733999999	-0.23076201819999997
42050000	42099999	0.7580113874333332	0.9198383733999999	-0.16182698596666667
42100000	42149999	0.7754590534666665	0.9198383733999999	-0.1443793199333333
42150000	42199999	0.7726201549999998	0.9198383733999999	-0.14721821840000004
42200000	42249999	0.7051698506333332	0.9198383733999999	-0.2146685227666667
42250000	42299999	0.6375884143666666	0.9198383733999999	-0.2822499590333333
42300000	42349999	0.5938688962999998	0.9198383733999999	-0.3259694771
42350000	42399999	0.6010858436666665	0.9198383733999999	-0.31875252973333335
42400000	42449999	0.6187717709666665	0.9198383733999999	-0.3010666024333334
42450000	42499999	0.5838669769333331	0.9198383733999999	-0.33597139646666674
42500000	42549999	0.5887303617333333	0.9198383733999999	-0.3311080116666666
42550000	42599999	0.6355738733333332	0.9198383733999999	-0.2842645000666667
42600000	42649999	0.6787025625333332	0.9198383733999999	-0.2411358108666667
42650000	42699999	0.6677232801333333	0.9198383733999999	-0.2521150932666666
42700000	42749999	0.6395090369666665	0.9198383733999999	-0.28032933643333335
42750000	42799999	0.6810665630666665	0.9198383733999999	-0.2387718103333334
42800000	42849999	0.6853776795333332	0.9198383733999999	-0.23446069386666668
42850000	42899999	0.6914922513666666	0.9198383733999999	-0.22834612203333327
42900000	42949999	0.6072048370333332	0.9198383733999999	-0.3126335363666667
42950000	42999999	0.5972752364666666	0.9198383733999999	-0.32256313693333327
43000000	43049999	0.6111664218333333	0.9198383733999999	-0.3086719515666666
43050000	43099999	0.6726695435333332	0.9198383733999999	-0.24716882986666666
43100000	43149999	0.6669140155333331	0.9198383733999999	-0.2529243578666668
43150000	43199999	0.6911330345666665	0.9198383733999999	-0.22870533883333333
43200000	43249999	0.6778139398333332	0.9198383733999999	-0.2420244335666667
43250000	43299999	0.6729747542666665	0.9198383733999999	-0.24686361913333332
43300000	43349999	0.6333360038333331	0.9198383733999999	-0.28650236956666675
43350000	43399999	0.6334043946666665	0.9198383733999999	-0.2864339787333333
43400000	43449999	0.6769139709999998	0.9198383733999999	-0.24292440240000002
43450000	43499999	0.6871993159666665	0.9198383733999999	-0.23263905743333335
43500000	43549999	0.6732966954666666	0.9198383733999999	-0.24654167793333326
43550000	43599999	0.7012185433666666	0.9198383733999999	-0.2186198300333333
43600000	43649999	0.7156004098666665	0.9198383733999999	-0.20423796353333334
43650000	43699999	0.6988088033666665	0.9198383733999999	-0.22102957003333334
43700000	43749999	0.6038889228666666	0.9198383733999999	-0.31594945053333323
43750000	43799999	0.5401784550333333	0.9198383733999999	-0.37965991836666657
43800000	43849999	0.4878701655999999	0.9198383733999999	-0.43196820779999995
43850000	43899999	0.4454884875333332	0.9198383733999999	-0.47434988586666665
43900000	43949999	0.4163422978333332	0.9198383733999999	-0.5034960755666666
43950000	43999999	0.44705386436666655	0.9198383733999999	-0.4727845090333333
44000000	44049999	0.5390888302999999	0.9198383733999999	-0.3807495431
44050000	44099999	0.5675472151999998	0.9198383733999999	-0.3522911582
44100000	44149999	0.6157464499999998	0.9198383733999999	-0.3040919234
44150000	44199999	0.5499976423333331	0.9198383733999999	-0.3698407310666667
44200000	44249999	0.5272972380333332	0.9198383733999999	-0.3925411353666667
44250000	44299999	0.4792774599999999	0.9198383733999999	-0.4405609134
44300000	44349999	0.5180630758333332	0.9198383733999999	-0.40177529756666663
44350000	44399999	0.5840829117666666	0.9198383733999999	-0.33575546163333325
44400000	44449999	0.6235332941333331	0.9198383733999999	-0.2963050792666667
44450000	44499999	0.5631500621999999	0.9198383733999999	-0.3566883112
44500000	44549999	0.5012086144666665	0.9198383733999999	-0.4186297589333333
44550000	44599999	0.4507395970999998	0.9198383733999999	-0.4690987763000001
44600000	44649999	0.4549031540666665	0.9198383733999999	-0.46493521933333337
44650000	44699999	0.46427101046666647	0.9198383733999999	-0.4555673629333334
44700000	44749999	0.4848177465666665	0.9198383733999999	-0.43502062683333337
44750000	44799999	0.47623050223333313	0.9198383733999999	-0.4436078711666667
44800000	44849999	0.48557408483333325	0.9198383733999999	-0.4342642885666666
44850000	44899999	0.4751714909333332	0.9198383733999999	-0.44466688246666664
44900000	44949999	0.5008778816999999	0.9198383733999999	-0.41896049169999994
44950000	44999999	0.46759743216666655	0.9198383733999999	-0.4522409412333333
45000000	45049999	0.5035475945999999	0.9198383733999999	-0.4162907788
45050000	45099999	0.5250985828666666	0.9198383733999999	-0.3947397905333333
45100000	45149999	0.5352178148666665	0.9198383733999999	-0.3846205585333333
45150000	45199999	0.4897845794999999	0.9198383733999999	-0.4300537939
45200000	45249999	0.45202729209999987	0.9198383733999999	-0.4678110813
45250000	45299999	0.4553227465333331	0.9198383733999999	-0.46451562686666675
45300000	45349999	0.4506846625333331	0.9198383733999999	-0.46915371086666674
45350000	45399999	0.4525627569666665	0.9198383733999999	-0.4672756164333334
45400000	45449999	0.4593111115999998	0.9198383733999999	-0.46052726180000003
45450000	45499999	0.5016434001999999	0.9198383733999999	-0.4181949732
45500000	45549999	0.5271329983999998	0.9198383733999999	-0.392705375
45550000	45599999	0.5533977148333331	0.9198383733999999	-0.36644065856666674
45600000	45649999	0.5582997844999998	0.9198383733999999	-0.3615385889
45650000	45699999	0.5576439327999998	0.9198383733999999	-0.36219444060000006
45700000	45749999	0.6647425244666665	0.9198383733999999	-0.25509584893333337
45750000	45799999	0.6476090906999998	0.9198383733999999	-0.2722292827
45800000	45849999	0.6478019382333332	0.9198383733999999	-0.27203643516666665
45850000	45899999	0.5538479037333333	0.9198383733999999	-0.3659904696666666
45900000	45949999	0.5737189218666665	0.9198383733999999	-0.34611945153333334
45950000	45999999	0.5824636799999998	0.9198383733999999	-0.33737469340000004
46000000	46049999	0.6490589430333331	0.9198383733999999	-0.27077943036666674
46050000	46099999	0.7937205353333332	0.9198383733999999	-0.12611783806666665
46100000	46149999	0.8308897685999999	0.9198383733999999	-0.0889486048
46150000	46199999	0.7961444019666666	0.9198383733999999	-0.12369397143333327
46200000	46249999	0.5838930434333333	0.9198383733999999	-0.3359453299666666
46250000	46299999	0.5521169158333332	0.9198383733999999	-0.36772145756666663
46300000	46349999	0.5238704652999999	0.9198383733999999	-0.39596790809999993
46350000	46399999	0.6092799609333333	0.9198383733999999	-0.3105584124666666
46400000	46449999	0.5974779736999998	0.9198383733999999	-0.3223603997000001
46450000	46499999	0.6348216388333332	0.9198383733999999	-0.28501673456666665
46500000	46549999	0.6456578216333332	0.9198383733999999	-0.27418055176666667
46550000	46599999	0.6576820274666666	0.9198383733999999	-0.26215634593333326
46600000	46649999	0.6147158864333331	0.9198383733999999	-0.3051224869666668
46650000	46699999	0.5874791486333332	0.9198383733999999	-0.3323592247666667
46700000	46749999	0.5888691637333332	0.9198383733999999	-0.33096920966666665
46750000	46799999	0.5701266465333332	0.9198383733999999	-0.34971172686666663
46800000	46849999	0.5639451472333332	0.9198383733999999	-0.35589322616666663
46850000	46899999	0.5579794241333331	0.9198383733999999	-0.36185894926666673
46900000	46949999	0.5852591017333332	0.9198383733999999	-0.3345792716666667
46950000	46999999	0.5748170703666666	0.9198383733999999	-0.3450213030333332
47000000	47049999	0.5475191056	0.9198383733999999	-0.3723192677999999
47050000	47099999	0.5201997208999999	0.9198383733999999	-0.39963865249999997
47100000	47149999	0.5449920189333333	0.9198383733999999	-0.3748463544666666
47150000	47199999	0.6129678390666665	0.9198383733999999	-0.30687053433333333
47200000	47249999	0.6298247106666666	0.9198383733999999	-0.2900136627333333
47250000	47299999	0.6300683951333332	0.9198383733999999	-0.2897699782666666
47300000	47349999	0.5982751839666666	0.9198383733999999	-0.3215631894333333
47350000	47399999	0.5678787861999999	0.9198383733999999	-0.3519595872
47400000	47449999	0.5308146319666666	0.9198383733999999	-0.3890237414333333
47450000	47499999	0.5159628834999999	0.9198383733999999	-0.4038754899
47500000	47549999	0.4893921501333332	0.9198383733999999	-0.43044622326666665
47550000	47599999	0.4744557626666665	0.9198383733999999	-0.44538261073333335
47600000	47649999	0.4629369168333332	0.9198383733999999	-0.45690145656666664
47650000	47699999	0.4958326142666665	0.9198383733999999	-0.4240057591333333
47700000	47749999	0.4939376365666665	0.9198383733999999	-0.42590073683333335
47750000	47799999	0.46778376069999983	0.9198383733999999	-0.4520546127
47800000	47849999	0.4587984981333332	0.9198383733999999	-0.4610398752666667
47850000	47899999	0.4683763708666665	0.9198383733999999	-0.45146200253333335
47900000	47949999	0.48552821856666656	0.9198383733999999	-0.4343101548333333
47950000	47999999	0.5241285371999999	0.9198383733999999	-0.3957098362
48000000	48049999	0.5781289502333331	0.9198383733999999	-0.34170942316666675
48050000	48099999	0.5776221353333332	0.9198383733999999	-0.3422162380666667
48100000	48149999	0.5919994237333333	0.9198383733999999	-0.3278389496666666
48150000	48199999	0.5862941047999999	0.9198383733999999	-0.33354426859999997
48200000	48249999	0.6179885273666665	0.9198383733999999	-0.3018498460333333
48250000	48299999	0.5642845998666666	0.9198383733999999	-0.3555537735333333
48300000	48349999	0.5500635006333332	0.9198383733999999	-0.36977487276666665
48350000	48399999	0.5304348676666666	0.9198383733999999	-0.38940350573333327
48400000	48449999	0.5214914456333332	0.9198383733999999	-0.3983469277666667
48450000	48499999	0.4682848656999999	0.9198383733999999	-0.45155350769999997
48500000	48549999	0.4366540186999999	0.9198383733999999	-0.48318435469999993
48550000	48599999	0.39759912103333317	0.9198383733999999	-0.5222392523666667
48600000	48649999	0.3875206700999999	0.9198383733999999	-0.5323177033
48650000	48699999	0.37383382353333316	0.9198383733999999	-0.5460045498666667
48700000	48749999	0.3890702419666665	0.9198383733999999	-0.5307681314333333
48750000	48799999	0.38000534809999986	0.9198383733999999	-0.5398330253
48800000	48849999	0.37066933666666646	0.9198383733999999	-0.5491690367333334
48850000	48899999	0.3885040329999998	0.9198383733999999	-0.5313343404
48900000	48949999	0.37805723356666654	0.9198383733999999	-0.5417811398333333
48950000	48999999	0.3751845835666665	0.9198383733999999	-0.5446537898333333
49000000	49049999	0.3494463339999998	0.9198383733999999	-0.5703920394
49050000	49099999	0.3637629525999998	0.9198383733999999	-0.5560754208
49100000	49149999	0.3739498803999999	0.9198383733999999	-0.545888493
49150000	49199999	0.36720446056666645	0.9198383733999999	-0.5526339128333334
49200000	49249999	0.34085736173333325	0.9198383733999999	-0.5789810116666666
49250000	49299999	0.3191883471333332	0.9198383733999999	-0.6006500262666666
49300000	49349999	0.31662453776666655	0.9198383733999999	-0.6032138356333333
49350000	49399999	0.32975690396666657	0.9198383733999999	-0.5900814694333333
49400000	49449999	0.3534576084666665	0.9198383733999999	-0.5663807649333333
49450000	49499999	0.3628641294999999	0.9198383733999999	-0.5569742438999999
49500000	49549999	0.3920566579999998	0.9198383733999999	-0.5277817154000001
49550000	49599999	0.4052806349999998	0.9198383733999999	-0.5145577384000001
49600000	49649999	0.41931742803333316	0.9198383733999999	-0.5005209453666667
49650000	49699999	0.45383936213333315	0.9198383733999999	-0.4659990112666667
49700000	49749999	0.4711439138333332	0.9198383733999999	-0.44869445956666665
49750000	49799999	0.4971220038333332	0.9198383733999999	-0.42271636956666664
49800000	49849999	0.4555534275666665	0.9198383733999999	-0.46428494583333335
49850000	49899999	0.4598132271666665	0.9198383733999999	-0.46002514623333335
49900000	49949999	0.47172259056666654	0.9198383733999999	-0.4481157828333333
49950000	49999999	0.4732642756999999	0.9198383733999999	-0.44657409769999995
50000000	50049999	0.5064714122999998	0.9198383733999999	-0.41336696110000004
50050000	50099999	0.4567444770333332	0.9198383733999999	-0.46309389636666665
50100000	50149999	0.4812175147666666	0.9198383733999999	-0.4386208586333333
50150000	50199999	0.45982414729999993	0.9198383733999999	-0.4600142260999999
50200000	50249999	0.5067935228333332	0.9198383733999999	-0.4130448505666666
50250000	50299999	0.5667540243999999	0.9198383733999999	-0.35308434899999996
50300000	50349999	0.6039542957999999	0.9198383733999999	-0.3158840775999999
50350000	50399999	0.8219363926999999	0.9198383733999999	-0.0979019807
50400000	50449999	0.7546711544999999	0.9198383733999999	-0.16516721889999997
50450000	50499999	0.7366677856999999	0.9198383733999999	-0.18317058769999994
50500000	50549999	0.5450055405333332	0.9198383733999999	-0.3748328328666667
50550000	50599999	0.5967466387999998	0.9198383733999999	-0.32309173460000007
50600000	50649999	0.5766884657666665	0.9198383733999999	-0.3431499076333333
50650000	50699999	0.6327803537999999	0.9198383733999999	-0.2870580196
50700000	50749999	0.5847144702999999	0.9198383733999999	-0.33512390309999995
50750000	50799999	0.6055767964333332	0.9198383733999999	-0.3142615769666667
50800000	50849999	0.49877747239999987	0.9198383733999999	-0.421060901
50850000	50899999	0.5405546336999998	0.9198383733999999	-0.37928373970000007
50900000	50949999	0.5276053372333331	0.9198383733999999	-0.3922330361666667
50950000	50999999	0.5922016190666666	0.9198383733999999	-0.3276367543333333
51000000	51049999	0.5920636955666665	0.9198383733999999	-0.32777467783333336
51050000	51099999	0.5506479921666665	0.9198383733999999	-0.36919038123333336
51100000	51149999	0.4861415282666665	0.9198383733999999	-0.43369684513333334
51150000	51199999	0.5666885980666665	0.9198383733999999	-0.35314977533333336
51200000	51249999	0.7362065169666665	0.9198383733999999	-0.18363185643333335
51250000	51299999	0.5628101781333332	0.9198383733999999	-0.3570281952666666
51300000	51349999	0.41983837339999985	0.9198383733999999	-0.5
