chrom	start	end	binNum	observed	expected	log2.copyRatio
chr1	0	121399999	2428	2890.86	2406.65	0.213860082771493
chr1	121400000	121549999	3	164.501	2.97362	5.7391199323462
chr1	121550000	249299999	2555	3173.09	2532.54	0.274691071210922
chr2	0	143799999	2876	2757.6	2800.61	-0.0729402053055472
chr2	143800000	188699999	898	1182.8	874.459	0.385131185310772
chr2	188700000	243199999	1090	719.618	1061.43	-0.611318366444403
chr3	0	48199999	964	1234.63	955.234	0.319540344813947
chr3	48200000	138249999	1801	1280.46	1784.62	-0.529567042296945
chr3	138250000	198049999	1196	1230.12	1185.12	0.00315359723517825
chr4	0	191199999	3824	3431.61	3586.7	-0.114383793802033
chr5	0	68849999	1377	1552.14	1345.5	0.155503985907528
chr5	68850000	70599999	35	4.23072	34.1993	-3.06560399703393
chr5	70600000	180949999	2207	2189.16	2156.51	-0.0289333196166445
chr6	0	58849999	1177	1602.6	1148.52	0.43002608738384
chr6	58850000	135249999	1528	1527.56	1491.03	-0.015692552365825
chr6	135250000	171149999	718	934.032	700.628	0.364211017440869
chr7	0	100499999	2010	2108.82	1938.48	0.0708977928721686
chr7	100500000	159149999	1173	1814.71	1131.26	0.631196156479852
chr8	0	146399999	2928	2659.62	2741.61	-0.0944155422482667
chr9	0	20799999	416	269.091	415.91	-0.678789548262372
chr9	20800000	26549999	115	1.21173	114.975	-6.61872041816774
chr9	26550000	28549999	40	16.4557	39.9914	-1.33171470399705
chr9	28550000	31549999	60	0.984628	59.987	-5.97953961255355
chr9	31550000	38449999	138	124.229	137.97	-0.201964922905029
chr9	38450000	47049999	172	39.7083	171.963	-2.16519799630295
chr9	47050000	65449999	368	364.954	367.921	-0.0622937053770121
chr9	65450000	93999999	571	351.704	570.877	-0.74943051048504
chr9	94000000	133549999	791	820.842	790.829	0.00312646018588527
chr9	133550000	134199999	13	75.9584	12.9972	2.49639634629072
chr9	134200000	141249999	141	125.871	140.97	-0.214054556143125
chr10	0	42299999	846	846.718	823.323	-0.0101892849359908
chr10	42300000	42649999	7	141.463	6.81236	4.32551396035719
chr10	42650000	86299999	873	1075.39	849.599	0.289393673272647
chr10	86300000	135549999	985	649.142	958.597	-0.613002636937782
chr11	0	135049999	2701	2438.84	2398.95	-0.0268202901236621
chr12	0	22549999	451	341.609	446.976	-0.438463699342376
chr12	22550000	133899999	2227	2330.55	2207.13	0.0278865433627363
chr13	0	18949999	379	251.539	251.539	-0.0506123147671864
chr13	18950000	81049999	1242	432.73	824.303	-0.980319917739614
chr13	81050000	81499999	9	27.0253	5.97321	2.12711996952895
chr13	81500000	90399999	178	39.6761	118.137	-1.62473106914305
chr13	90400000	94099999	74	200.295	49.1131	1.97733429959254
chr13	94100000	115199999	422	130.913	280.077	-1.14782746061602
chr14	0	19199999	384	359.239	358.225	-0.0465343575586453
chr14	19200000	107349999	1763	1117.97	1644.66	-0.607520206716214
chr15	0	102549999	2051	2053.06	1992.58	-0.00747417249641459
chr16	0	46299999	926	859.961	874.361	-0.074570133448172
chr16	46300000	46499999	4	49.7499	3.77694	3.66879154026491
chr16	46500000	90399999	878	852.853	829.037	-0.00975170930925372
chr17	0	22199999	444	280.261	420.496	-0.635933392830015
chr17	22200000	81199999	1180	1217.3	1117.53	0.0727588840787838
chr18	0	39649999	793	695.258	537.068	0.321831360981593
chr18	39650000	78099999	769	246.164	520.814	-1.13176075291131
chr19	0	27649999	553	400.854	415.293	-0.101664998762666
chr19	27650000	27799999	3	71.8662	2.25295	4.94481388803916
chr19	27800000	59149999	627	465.087	470.866	-0.0684282533740379
chr20	0	25799999	516	130.86	301.025	-1.25247144594576
chr20	25800000	63049999	745	450.985	434.619	0.00271588930075312
chr21	0	48149999	963	1099	937.184	0.179174842272199
chr22	0	18999999	380	374.293	349.538	0.0481064459169392
chr22	19000000	23699999	94	367.157	86.4648	2.03559995770809
chr22	23700000	51349999	553	342.154	508.67	-0.622696511599233
chrX	0	155299999	3106	1923.39	3104.45	-0.741298687372345
