start	end	obs	exp	var
0	49999	0.6474434112909091	0.6474434112909091	0.0
50000	99999	0.6474434112909091	0.6474434112909091	0.0
100000	149999	0.6474434112909091	0.6474434112909091	0.0
150000	199999	0.6474434112909091	0.6474434112909091	0.0
200000	249999	0.6474434112909091	0.6474434112909091	0.0
250000	299999	0.6474434112909091	0.6474434112909091	0.0
300000	349999	0.6474434112909091	0.6474434112909091	0.0
350000	399999	0.6474434112909091	0.6474434112909091	0.0
400000	449999	0.6474434112909091	0.6474434112909091	0.0
450000	499999	0.6474434112909091	0.6474434112909091	0.0
500000	549999	0.6474434112909091	0.6474434112909091	0.0
550000	599999	0.6474434112909091	0.6474434112909091	0.0
600000	649999	0.6474434112909091	0.6474434112909091	0.0
650000	699999	0.6474434112909091	0.6474434112909091	0.0
700000	749999	0.6474434112909091	0.6474434112909091	0.0
750000	799999	0.6474434112909091	0.6474434112909091	0.0
800000	849999	0.6474434112909091	0.6474434112909091	0.0
850000	899999	0.6474434112909091	0.6474434112909091	0.0
900000	949999	0.6474434112909091	0.6474434112909091	0.0
950000	999999	0.6474434112909091	0.6474434112909091	0.0
1000000	1049999	0.6474434112909091	0.6474434112909091	0.0
1050000	1099999	0.6474434112909091	0.6474434112909091	0.0
1100000	1149999	0.6474434112909091	0.6474434112909091	0.0
1150000	1199999	0.6474434112909091	0.6474434112909091	0.0
1200000	1249999	0.6474434112909091	0.6474434112909091	0.0
1250000	1299999	0.6474434112909091	0.6474434112909091	0.0
1300000	1349999	0.6474434112909091	0.6474434112909091	0.0
1350000	1399999	0.6474434112909091	0.6474434112909091	0.0
1400000	1449999	0.6474434112909091	0.6474434112909091	0.0
1450000	1499999	0.6474434112909091	0.6474434112909091	0.0
1500000	1549999	0.6474434112909091	0.6474434112909091	0.0
1550000	1599999	0.6474434112909091	0.6474434112909091	0.0
1600000	1649999	0.6474434112909091	0.6474434112909091	0.0
1650000	1699999	0.6474434112909091	0.6474434112909091	0.0
1700000	1749999	0.6474434112909091	0.6474434112909091	0.0
1750000	1799999	0.6474434112909091	0.6474434112909091	0.0
1800000	1849999	0.6474434112909091	0.6474434112909091	0.0
1850000	1899999	0.6474434112909091	0.6474434112909091	0.0
1900000	1949999	0.6474434112909091	0.6474434112909091	0.0
1950000	1999999	0.6474434112909091	0.6474434112909091	0.0
2000000	2049999	0.6474434112909091	0.6474434112909091	0.0
2050000	2099999	0.6474434112909091	0.6474434112909091	0.0
2100000	2149999	0.6474434112909091	0.6474434112909091	0.0
2150000	2199999	0.6474434112909091	0.6474434112909091	0.0
2200000	2249999	0.6474434112909091	0.6474434112909091	0.0
2250000	2299999	0.6474434112909091	0.6474434112909091	0.0
2300000	2349999	0.6474434112909091	0.6474434112909091	0.0
2350000	2399999	0.6474434112909091	0.6474434112909091	0.0
2400000	2449999	0.6474434112909091	0.6474434112909091	0.0
2450000	2499999	0.6474434112909091	0.6474434112909091	0.0
2500000	2549999	0.6474434112909091	0.6474434112909091	0.0
2550000	2599999	0.6474434112909091	0.6474434112909091	0.0
2600000	2649999	0.6474434112909091	0.6474434112909091	0.0
2650000	2699999	0.6474434112909091	0.6474434112909091	0.0
2700000	2749999	0.6474434112909091	0.6474434112909091	0.0
2750000	2799999	0.6474434112909091	0.6474434112909091	0.0
2800000	2849999	0.6474434112909091	0.6474434112909091	0.0
2850000	2899999	0.6474434112909091	0.6474434112909091	0.0
2900000	2949999	0.6474434112909091	0.6474434112909091	0.0
2950000	2999999	0.6474434112909091	0.6474434112909091	0.0
3000000	3049999	0.6474434112909091	0.6474434112909091	0.0
3050000	3099999	0.6474434112909091	0.6474434112909091	0.0
3100000	3149999	0.6474434112909091	0.6474434112909091	0.0
3150000	3199999	0.6474434112909091	0.6474434112909091	0.0
3200000	3249999	0.6474434112909091	0.6474434112909091	0.0
3250000	3299999	0.6474434112909091	0.6474434112909091	0.0
3300000	3349999	0.6474434112909091	0.6474434112909091	0.0
3350000	3399999	0.6474434112909091	0.6474434112909091	0.0
3400000	3449999	0.6474434112909091	0.6474434112909091	0.0
3450000	3499999	0.6474434112909091	0.6474434112909091	0.0
3500000	3549999	0.6474434112909091	0.6474434112909091	0.0
3550000	3599999	0.6474434112909091	0.6474434112909091	0.0
3600000	3649999	0.6474434112909091	0.6474434112909091	0.0
3650000	3699999	0.6474434112909091	0.6474434112909091	0.0
3700000	3749999	0.6474434112909091	0.6474434112909091	0.0
3750000	3799999	0.6474434112909091	0.6474434112909091	0.0
3800000	3849999	0.6474434112909091	0.6474434112909091	0.0
3850000	3899999	0.6474434112909091	0.6474434112909091	0.0
3900000	3949999	0.6474434112909091	0.6474434112909091	0.0
3950000	3999999	0.6474434112909091	0.6474434112909091	0.0
4000000	4049999	0.6474434112909091	0.6474434112909091	0.0
4050000	4099999	0.6474434112909091	0.6474434112909091	0.0
4100000	4149999	0.6474434112909091	0.6474434112909091	0.0
4150000	4199999	0.6474434112909091	0.6474434112909091	0.0
4200000	4249999	0.6474434112909091	0.6474434112909091	0.0
4250000	4299999	0.6474434112909091	0.6474434112909091	0.0
4300000	4349999	0.6474434112909091	0.6474434112909091	0.0
4350000	4399999	0.6474434112909091	0.6474434112909091	0.0
4400000	4449999	0.6474434112909091	0.6474434112909091	0.0
4450000	4499999	0.6474434112909091	0.6474434112909091	0.0
4500000	4549999	0.6474434112909091	0.6474434112909091	0.0
4550000	4599999	0.6474434112909091	0.6474434112909091	0.0
4600000	4649999	0.6474434112909091	0.6474434112909091	0.0
4650000	4699999	0.6474434112909091	0.6474434112909091	0.0
4700000	4749999	0.6474434112909091	0.6474434112909091	0.0
4750000	4799999	0.6474434112909091	0.6474434112909091	0.0
4800000	4849999	0.6474434112909091	0.6474434112909091	0.0
4850000	4899999	0.6474434112909091	0.6474434112909091	0.0
4900000	4949999	0.6474434112909091	0.6474434112909091	0.0
4950000	4999999	0.6474434112909091	0.6474434112909091	0.0
5000000	5049999	0.6474434112909091	0.6474434112909091	0.0
5050000	5099999	0.6474434112909091	0.6474434112909091	0.0
5100000	5149999	0.6474434112909091	0.6474434112909091	0.0
5150000	5199999	0.6474434112909091	0.6474434112909091	0.0
5200000	5249999	0.6474434112909091	0.6474434112909091	0.0
5250000	5299999	0.6474434112909091	0.6474434112909091	0.0
5300000	5349999	0.6474434112909091	0.6474434112909091	0.0
5350000	5399999	0.6474434112909091	0.6474434112909091	0.0
5400000	5449999	0.6474434112909091	0.6474434112909091	0.0
5450000	5499999	0.6474434112909091	0.6474434112909091	0.0
5500000	5549999	0.6474434112909091	0.6474434112909091	0.0
5550000	5599999	0.6474434112909091	0.6474434112909091	0.0
5600000	5649999	0.6474434112909091	0.6474434112909091	0.0
5650000	5699999	0.6474434112909091	0.6474434112909091	0.0
5700000	5749999	0.6474434112909091	0.6474434112909091	0.0
5750000	5799999	0.6474434112909091	0.6474434112909091	0.0
5800000	5849999	0.6474434112909091	0.6474434112909091	0.0
5850000	5899999	0.6474434112909091	0.6474434112909091	0.0
5900000	5949999	0.6474434112909091	0.6474434112909091	0.0
5950000	5999999	0.6474434112909091	0.6474434112909091	0.0
6000000	6049999	0.6474434112909091	0.6474434112909091	0.0
6050000	6099999	0.6474434112909091	0.6474434112909091	0.0
6100000	6149999	0.6474434112909091	0.6474434112909091	0.0
6150000	6199999	0.6474434112909091	0.6474434112909091	0.0
6200000	6249999	0.6474434112909091	0.6474434112909091	0.0
6250000	6299999	0.6474434112909091	0.6474434112909091	0.0
6300000	6349999	0.6474434112909091	0.6474434112909091	0.0
6350000	6399999	0.6474434112909091	0.6474434112909091	0.0
6400000	6449999	0.6474434112909091	0.6474434112909091	0.0
6450000	6499999	0.6474434112909091	0.6474434112909091	0.0
6500000	6549999	0.6474434112909091	0.6474434112909091	0.0
6550000	6599999	0.6474434112909091	0.6474434112909091	0.0
6600000	6649999	0.6474434112909091	0.6474434112909091	0.0
6650000	6699999	0.6474434112909091	0.6474434112909091	0.0
6700000	6749999	0.6474434112909091	0.6474434112909091	0.0
6750000	6799999	0.6474434112909091	0.6474434112909091	0.0
6800000	6849999	0.6474434112909091	0.6474434112909091	0.0
6850000	6899999	0.6474434112909091	0.6474434112909091	0.0
6900000	6949999	0.6474434112909091	0.6474434112909091	0.0
6950000	6999999	0.6474434112909091	0.6474434112909091	0.0
7000000	7049999	0.6474434112909091	0.6474434112909091	0.0
7050000	7099999	0.6474434112909091	0.6474434112909091	0.0
7100000	7149999	0.6474434112909091	0.6474434112909091	0.0
7150000	7199999	0.6474434112909091	0.6474434112909091	0.0
7200000	7249999	0.6474434112909091	0.6474434112909091	0.0
7250000	7299999	0.6474434112909091	0.6474434112909091	0.0
7300000	7349999	0.6474434112909091	0.6474434112909091	0.0
7350000	7399999	0.6474434112909091	0.6474434112909091	0.0
7400000	7449999	0.6474434112909091	0.6474434112909091	0.0
7450000	7499999	0.6474434112909091	0.6474434112909091	0.0
7500000	7549999	0.6474434112909091	0.6474434112909091	0.0
7550000	7599999	0.6474434112909091	0.6474434112909091	0.0
7600000	7649999	0.6474434112909091	0.6474434112909091	0.0
7650000	7699999	0.6474434112909091	0.6474434112909091	0.0
7700000	7749999	0.6474434112909091	0.6474434112909091	0.0
7750000	7799999	0.6474434112909091	0.6474434112909091	0.0
7800000	7849999	0.6474434112909091	0.6474434112909091	0.0
7850000	7899999	0.6474434112909091	0.6474434112909091	0.0
7900000	7949999	0.6474434112909091	0.6474434112909091	0.0
7950000	7999999	0.6474434112909091	0.6474434112909091	0.0
8000000	8049999	0.6474434112909091	0.6474434112909091	0.0
8050000	8099999	0.6474434112909091	0.6474434112909091	0.0
8100000	8149999	0.6474434112909091	0.6474434112909091	0.0
8150000	8199999	0.6474434112909091	0.6474434112909091	0.0
8200000	8249999	0.6474434112909091	0.6474434112909091	0.0
8250000	8299999	0.6474434112909091	0.6474434112909091	0.0
8300000	8349999	0.6474434112909091	0.6474434112909091	0.0
8350000	8399999	0.6474434112909091	0.6474434112909091	0.0
8400000	8449999	0.6474434112909091	0.6474434112909091	0.0
8450000	8499999	0.6474434112909091	0.6474434112909091	0.0
8500000	8549999	0.6474434112909091	0.6474434112909091	0.0
8550000	8599999	0.6474434112909091	0.6474434112909091	0.0
8600000	8649999	0.6474434112909091	0.6474434112909091	0.0
8650000	8699999	0.6474434112909091	0.6474434112909091	0.0
8700000	8749999	0.6474434112909091	0.6474434112909091	0.0
8750000	8799999	0.6474434112909091	0.6474434112909091	0.0
8800000	8849999	0.6474434112909091	0.6474434112909091	0.0
8850000	8899999	0.6474434112909091	0.6474434112909091	0.0
8900000	8949999	0.6474434112909091	0.6474434112909091	0.0
8950000	8999999	0.6474434112909091	0.6474434112909091	0.0
9000000	9049999	0.6474434112909091	0.6474434112909091	0.0
9050000	9099999	0.6474434112909091	0.6474434112909091	0.0
9100000	9149999	0.6474434112909091	0.6474434112909091	0.0
9150000	9199999	0.6474434112909091	0.6474434112909091	0.0
9200000	9249999	0.6474434112909091	0.6474434112909091	0.0
9250000	9299999	0.6474434112909091	0.6474434112909091	0.0
9300000	9349999	0.6474434112909091	0.6474434112909091	0.0
9350000	9399999	0.6474434112909091	0.6474434112909091	0.0
9400000	9449999	0.6474434112909091	0.6474434112909091	0.0
9450000	9499999	0.6474434112909091	0.6474434112909091	0.0
9500000	9549999	0.6474434112909091	0.6474434112909091	0.0
9550000	9599999	0.6474434112909091	0.6474434112909091	0.0
9600000	9649999	0.6474434112909091	0.6474434112909091	0.0
9650000	9699999	0.6474434112909091	0.6474434112909091	0.0
9700000	9749999	0.6474434112909091	0.6474434112909091	0.0
9750000	9799999	0.6474434112909091	0.6474434112909091	0.0
9800000	9849999	0.6474434112909091	0.6474434112909091	0.0
9850000	9899999	0.6474434112909091	0.6474434112909091	0.0
9900000	9949999	0.6474434112909091	0.6474434112909091	0.0
9950000	9999999	0.6474434112909091	0.6474434112909091	0.0
10000000	10049999	0.6474434112909091	0.6474434112909091	0.0
10050000	10099999	0.6474434112909091	0.6474434112909091	0.0
10100000	10149999	0.6474434112909091	0.6474434112909091	0.0
10150000	10199999	0.6474434112909091	0.6474434112909091	0.0
10200000	10249999	0.6474434112909091	0.6474434112909091	0.0
10250000	10299999	0.6474434112909091	0.6474434112909091	0.0
10300000	10349999	0.6474434112909091	0.6474434112909091	0.0
10350000	10399999	0.6474434112909091	0.6474434112909091	0.0
10400000	10449999	0.6474434112909091	0.6474434112909091	0.0
10450000	10499999	0.6474434112909091	0.6474434112909091	0.0
10500000	10549999	0.6474434112909091	0.6474434112909091	0.0
10550000	10599999	0.6474434112909091	0.6474434112909091	0.0
10600000	10649999	0.6474434112909091	0.6474434112909091	0.0
10650000	10699999	0.6474434112909091	0.6474434112909091	0.0
10700000	10749999	0.6474434112909091	0.6474434112909091	0.0
10750000	10799999	0.6474434112909091	0.6474434112909091	0.0
10800000	10849999	0.6474434112909091	0.6474434112909091	0.0
10850000	10899999	0.6474434112909091	0.6474434112909091	0.0
10900000	10949999	0.6474434112909091	0.6474434112909091	0.0
10950000	10999999	0.6474434112909091	0.6474434112909091	0.0
11000000	11049999	0.6474434112909091	0.6474434112909091	0.0
11050000	11099999	0.6474434112909091	0.6474434112909091	0.0
11100000	11149999	0.6474434112909091	0.6474434112909091	0.0
11150000	11199999	0.6474434112909091	0.6474434112909091	0.0
11200000	11249999	0.6474434112909091	0.6474434112909091	0.0
11250000	11299999	0.6474434112909091	0.6474434112909091	0.0
11300000	11349999	0.6474434112909091	0.6474434112909091	0.0
11350000	11399999	0.6474434112909091	0.6474434112909091	0.0
11400000	11449999	0.6474434112909091	0.6474434112909091	0.0
11450000	11499999	0.6474434112909091	0.6474434112909091	0.0
11500000	11549999	0.6474434112909091	0.6474434112909091	0.0
11550000	11599999	0.6474434112909091	0.6474434112909091	0.0
11600000	11649999	0.6474434112909091	0.6474434112909091	0.0
11650000	11699999	0.6474434112909091	0.6474434112909091	0.0
11700000	11749999	0.6474434112909091	0.6474434112909091	0.0
11750000	11799999	0.6474434112909091	0.6474434112909091	0.0
11800000	11849999	0.6474434112909091	0.6474434112909091	0.0
11850000	11899999	0.6474434112909091	0.6474434112909091	0.0
11900000	11949999	0.6474434112909091	0.6474434112909091	0.0
11950000	11999999	0.6474434112909091	0.6474434112909091	0.0
12000000	12049999	0.6474434112909091	0.6474434112909091	0.0
12050000	12099999	0.6474434112909091	0.6474434112909091	0.0
12100000	12149999	0.6474434112909091	0.6474434112909091	0.0
12150000	12199999	0.6474434112909091	0.6474434112909091	0.0
12200000	12249999	0.6474434112909091	0.6474434112909091	0.0
12250000	12299999	0.6474434112909091	0.6474434112909091	0.0
12300000	12349999	0.6474434112909091	0.6474434112909091	0.0
12350000	12399999	0.6474434112909091	0.6474434112909091	0.0
12400000	12449999	0.6474434112909091	0.6474434112909091	0.0
12450000	12499999	0.6474434112909091	0.6474434112909091	0.0
12500000	12549999	0.6474434112909091	0.6474434112909091	0.0
12550000	12599999	0.6474434112909091	0.6474434112909091	0.0
12600000	12649999	0.6474434112909091	0.6474434112909091	0.0
12650000	12699999	0.6474434112909091	0.6474434112909091	0.0
12700000	12749999	0.6474434112909091	0.6474434112909091	0.0
12750000	12799999	0.6474434112909091	0.6474434112909091	0.0
12800000	12849999	0.6474434112909091	0.6474434112909091	0.0
12850000	12899999	0.6474434112909091	0.6474434112909091	0.0
12900000	12949999	0.6474434112909091	0.6474434112909091	0.0
12950000	12999999	0.6474434112909091	0.6474434112909091	0.0
13000000	13049999	0.6474434112909091	0.6474434112909091	0.0
13050000	13099999	0.6474434112909091	0.6474434112909091	0.0
13100000	13149999	0.6474434112909091	0.6474434112909091	0.0
13150000	13199999	0.6474434112909091	0.6474434112909091	0.0
13200000	13249999	0.6474434112909091	0.6474434112909091	0.0
13250000	13299999	0.6474434112909091	0.6474434112909091	0.0
13300000	13349999	0.6474434112909091	0.6474434112909091	0.0
13350000	13399999	0.6474434112909091	0.6474434112909091	0.0
13400000	13449999	0.6474434112909091	0.6474434112909091	0.0
13450000	13499999	0.6474434112909091	0.6474434112909091	0.0
13500000	13549999	0.6474434112909091	0.6474434112909091	0.0
13550000	13599999	0.6474434112909091	0.6474434112909091	0.0
13600000	13649999	0.6474434112909091	0.6474434112909091	0.0
13650000	13699999	0.6474434112909091	0.6474434112909091	0.0
13700000	13749999	0.6474434112909091	0.6474434112909091	0.0
13750000	13799999	0.6474434112909091	0.6474434112909091	0.0
13800000	13849999	0.6474434112909091	0.6474434112909091	0.0
13850000	13899999	0.6474434112909091	0.6474434112909091	0.0
13900000	13949999	0.6474434112909091	0.6474434112909091	0.0
13950000	13999999	0.6474434112909091	0.6474434112909091	0.0
14000000	14049999	0.6474434112909091	0.6474434112909091	0.0
14050000	14099999	0.6474434112909091	0.6474434112909091	0.0
14100000	14149999	0.6474434112909091	0.6474434112909091	0.0
14150000	14199999	0.6474434112909091	0.6474434112909091	0.0
14200000	14249999	0.6474434112909091	0.6474434112909091	0.0
14250000	14299999	0.6474434112909091	0.6474434112909091	0.0
14300000	14349999	0.6474434112909091	0.6474434112909091	0.0
14350000	14399999	0.6474434112909091	0.6474434112909091	0.0
14400000	14449999	0.6474434112909091	0.6474434112909091	0.0
14450000	14499999	0.6474434112909091	0.6474434112909091	0.0
14500000	14549999	0.6474434112909091	0.6474434112909091	0.0
14550000	14599999	0.6474434112909091	0.6474434112909091	0.0
14600000	14649999	0.6474434112909091	0.6474434112909091	0.0
14650000	14699999	0.6474434112909091	0.6474434112909091	0.0
14700000	14749999	0.6474434112909091	0.6474434112909091	0.0
14750000	14799999	0.6474434112909091	0.6474434112909091	0.0
14800000	14849999	0.6474434112909091	0.6474434112909091	0.0
14850000	14899999	0.6474434112909091	0.6474434112909091	0.0
14900000	14949999	0.6474434112909091	0.6474434112909091	0.0
14950000	14999999	0.6474434112909091	0.6474434112909091	0.0
15000000	15049999	0.6474434112909091	0.6474434112909091	0.0
15050000	15099999	0.6474434112909091	0.6474434112909091	0.0
15100000	15149999	0.6474434112909091	0.6474434112909091	0.0
15150000	15199999	0.6474434112909091	0.6474434112909091	0.0
15200000	15249999	0.6474434112909091	0.6474434112909091	0.0
15250000	15299999	0.6474434112909091	0.6474434112909091	0.0
15300000	15349999	0.6474434112909091	0.6474434112909091	0.0
15350000	15399999	0.6474434112909091	0.6474434112909091	0.0
15400000	15449999	0.6474434112909091	0.6474434112909091	0.0
15450000	15499999	0.6474434112909091	0.6474434112909091	0.0
15500000	15549999	0.6474434112909091	0.6474434112909091	0.0
15550000	15599999	0.6474434112909091	0.6474434112909091	0.0
15600000	15649999	0.6474434112909091	0.6474434112909091	0.0
15650000	15699999	0.6474434112909091	0.6474434112909091	0.0
15700000	15749999	0.6474434112909091	0.6474434112909091	0.0
15750000	15799999	0.6474434112909091	0.6474434112909091	0.0
15800000	15849999	0.5892198107363636	0.6474434112909091	-0.05822360055454545
15850000	15899999	0.5907372947272728	0.6474434112909091	-0.05670611656363633
15900000	15949999	0.533725585109091	0.6474434112909091	-0.11371782618181814
15950000	15999999	0.47826012860909095	0.6474434112909091	-0.16918328268181815
16000000	16049999	0.4396243840727273	0.6474434112909091	-0.2078190272181818
16050000	16099999	0.38696264813636366	0.6474434112909091	-0.26048076315454544
16100000	16149999	0.35544853020000006	0.6474434112909091	-0.29199488109090904
16150000	16199999	0.3206137681454546	0.6474434112909091	-0.3268296431454545
16200000	16249999	0.25222399456363637	0.6474434112909091	-0.39521941672727273
16250000	16299999	0.16718088660000002	0.6474434112909091	-0.4802625246909091
16300000	16349999	0.08073670856363646	0.6474434112909091	-0.5667067027272726
16350000	16399999	0.059582584190909116	0.6474434112909091	-0.5878608271
16400000	16449999	0.0	0.6474434112909091	-0.6474434112909091
16450000	16499999	0.057011709618181805	0.6474434112909091	-0.5904317016727273
16500000	16549999	0.11247716611818181	0.6474434112909091	-0.5349662451727273
16550000	16599999	0.1731110558454546	0.6474434112909091	-0.4743323554454545
16600000	16649999	0.47344072362727274	0.6474434112909091	-0.17400268766363636
16650000	16699999	1.314681205318182	0.6474434112909091	0.6672377940272729
16700000	16749999	1.4582516018909093	0.6474434112909091	0.8108081906000002
16750000	16799999	1.7366618104363636	0.6474434112909091	1.0892183991454545
16800000	16849999	2.0903904402727274	0.6474434112909091	1.4429470289818183
16850000	16899999	2.5341742953545454	0.6474434112909091	1.8867308840636363
16900000	16949999	2.617437529018182	0.6474434112909091	1.9699941177272728
16950000	16999999	2.9172149499909095	0.6474434112909091	2.2697715387000006
17000000	17049999	3.0078791929545456	0.6474434112909091	2.3604357816636368
17050000	17099999	3.0003024888909096	0.6474434112909091	2.3528590776000007
17100000	17149999	3.057530286954546	0.6474434112909091	2.4100868756636373
17150000	17199999	2.7983275918181816	0.6474434112909091	2.1508841805272727
17200000	17249999	1.9860001362181818	0.6474434112909091	1.3385567249272727
17250000	17299999	1.8978289980545455	0.6474434112909091	1.2503855867636364
17300000	17349999	1.6932255967727274	0.6474434112909091	1.0457821854818183
17350000	17399999	1.4152528696272728	0.6474434112909091	0.7678094583363637
17400000	17449999	1.0714392370090908	0.6474434112909091	0.42399582571818173
17450000	17499999	1.0705130816363637	0.6474434112909091	0.4230696703454546
17500000	17549999	0.8304508118181818	0.6474434112909091	0.1830074005272727
17550000	17599999	0.7499385390545454	0.6474434112909091	0.10249512776363634
17600000	17649999	0.7668725400818182	0.6474434112909091	0.11942912879090906
17650000	17699999	0.7027456445454545	0.6474434112909091	0.05530223325454542
17700000	17749999	0.7401553424909091	0.6474434112909091	0.09271193119999999
17750000	17799999	0.773075947490909	0.6474434112909091	0.12563253619999992
17800000	17849999	0.7714447598909091	0.6474434112909091	0.1240013486
17850000	17899999	0.8121593542181818	0.6474434112909091	0.16471594292727265
17900000	17949999	0.873818426909091	0.6474434112909091	0.22637501561818185
17950000	17999999	0.8787391639181819	0.6474434112909091	0.23129575262727275
18000000	18049999	0.8979714909818182	0.6474434112909091	0.25052807969090907
18050000	18099999	0.9250101298818182	0.6474434112909091	0.2775667185909091
18100000	18149999	0.9367848521363636	0.6474434112909091	0.28934144084545455
18150000	18199999	0.9635244314818181	0.6474434112909091	0.316081020190909
18200000	18249999	0.9717259697818181	0.6474434112909091	0.32428255849090903
18250000	18299999	0.9766170732181818	0.6474434112909091	0.3291736619272727
18300000	18349999	0.9618994899272728	0.6474434112909091	0.3144560786363637
18350000	18399999	0.9454412502909091	0.6474434112909091	0.297997839
18400000	18449999	0.8925432632272727	0.6474434112909091	0.24509985193636363
18450000	18499999	0.8000899798363637	0.6474434112909091	0.15264656854545455
18500000	18549999	0.7358775655181818	0.6474434112909091	0.08843415422727274
18550000	18599999	0.7402593841727273	0.6474434112909091	0.0928159728818182
18600000	18649999	0.7210199400090909	0.6474434112909091	0.07357652871818177
18650000	18699999	0.6980101548727272	0.6474434112909091	0.05056674358181812
18700000	18749999	0.8132078084	0.6474434112909091	0.16576439710909086
18750000	18799999	0.9424794303999999	0.6474434112909091	0.29503601910909083
18800000	18849999	1.1155327774272727	0.6474434112909091	0.46808936613636365
18850000	18899999	1.3193257926272728	0.6474434112909091	0.6718823813363637
18900000	18949999	1.5787989574727272	0.6474434112909091	0.9313555461818182
18950000	18999999	1.8408881881636363	0.6474434112909091	1.1934447768727272
19000000	19049999	2.1887513723818177	0.6474434112909091	1.5413079610909086
19050000	19099999	2.5178200044181818	0.6474434112909091	1.8703765931272727
19100000	19149999	2.7591868782000004	0.6474434112909091	2.1117434669090915
19150000	19199999	3.0057521913090905	0.6474434112909091	2.3583087800181817
19200000	19249999	3.219029502863637	0.6474434112909091	2.571586091572728
19250000	19299999	3.2444094432181823	0.6474434112909091	2.5969660319272734
19300000	19349999	3.311081450090909	0.6474434112909091	2.6636380388000003
19350000	19399999	3.3806511199000004	0.6474434112909091	2.7332077086090916
19400000	19449999	3.4505546192272734	0.6474434112909091	2.8031112079363645
19450000	19499999	3.5597383485727274	0.6474434112909091	2.9122949372818185
19500000	19549999	3.6027718439999994	0.6474434112909091	2.9553284327090905
19550000	19599999	3.5403862277	0.6474434112909091	2.892942816409091
19600000	19649999	3.5021712160363636	0.6474434112909091	2.8547278047454547
19650000	19699999	3.490949121	0.6474434112909091	2.843505709709091
19700000	19749999	3.475662610790909	0.6474434112909091	2.8282191995000003
19750000	19799999	3.530979474472727	0.6474434112909091	2.8835360631818183
19800000	19849999	3.5513417099090914	0.6474434112909091	2.9038982986181825
19850000	19899999	3.6122775312727278	0.6474434112909091	2.964834119981819
19900000	19949999	3.547456474490909	0.6474434112909091	2.9000130632000003
19950000	19999999	3.5416362566181823	0.6474434112909091	2.8941928453272734
20000000	20049999	3.360808794727273	0.6474434112909091	2.713365383436364
20050000	20099999	3.2481159850272734	0.6474434112909091	2.6006725737363645
20100000	20149999	2.9552907232272725	0.6474434112909091	2.3078473119363636
20150000	20199999	2.662193788027273	0.6474434112909091	2.014750376736364
20200000	20249999	2.355873094963637	0.6474434112909091	1.7084296836727277
20250000	20299999	2.0351224121363636	0.6474434112909091	1.3876790008454545
20300000	20349999	1.767611329581818	0.6474434112909091	1.120167918290909
20350000	20399999	1.5132644178181818	0.6474434112909091	0.8658210065272727
20400000	20449999	1.1830822793272728	0.6474434112909091	0.5356388680363637
20450000	20499999	1.1827167721545455	0.6474434112909091	0.5352733608636364
20500000	20549999	1.139918913409091	0.6474434112909091	0.4924755021181819
20550000	20599999	1.2586075755363637	0.6474434112909091	0.6111641642454546
20600000	20649999	1.339413519481818	0.6474434112909091	0.6919701081909089
20650000	20699999	1.6508688923454544	0.6474434112909091	1.0034254810545453
20700000	20749999	1.9421398717636364	0.6474434112909091	1.2946964604727274
20750000	20799999	2.2331397070454546	0.6474434112909091	1.5856962957545455
20800000	20849999	2.5477869876363632	0.6474434112909091	1.9003435763454541
20850000	20899999	2.7924586070818176	0.6474434112909091	2.1450151957909087
20900000	20949999	3.1584146554727273	0.6474434112909091	2.5109712441818184
20950000	20999999	3.4915135655909095	0.6474434112909091	2.8440701543000007
21000000	21049999	3.6178482060727273	0.6474434112909091	2.9704047947818184
21050000	21099999	3.6849693800545458	0.6474434112909091	3.037525968763637
21100000	21149999	3.6409679273818183	0.6474434112909091	2.9935245160909094
21150000	21199999	3.6008644654727275	0.6474434112909091	2.9534210541818187
21200000	21249999	3.4262773384000003	0.6474434112909091	2.7788339271090914
21250000	21299999	3.17536436769091	0.6474434112909091	2.527920956400001
21300000	21349999	3.0282337146545455	0.6474434112909091	2.3807903033636366
21350000	21399999	2.848505142890909	0.6474434112909091	2.2010617316000003
21400000	21449999	2.5890302424818183	0.6474434112909091	1.9415868311909092
21450000	21499999	2.2560659036	0.6474434112909091	1.608622492309091
21500000	21549999	1.9885255306090908	0.6474434112909091	1.3410821193181817
21550000	21599999	1.707151847590909	0.6474434112909091	1.0597084363
21600000	21649999	1.3567309861909091	0.6474434112909091	0.7092875749
21650000	21699999	1.3709000393363637	0.6474434112909091	0.7234566280454546
21700000	21749999	1.4487378526363637	0.6474434112909091	0.8012944413454546
21750000	21799999	1.6871243206727273	0.6474434112909091	1.0396809093818182
21800000	21849999	2.0136366837999997	0.6474434112909091	1.3661932725090906
21850000	21899999	2.287896161490909	0.6474434112909091	1.6404527502
21900000	21949999	2.7241767042181815	0.6474434112909091	2.0767332929272726
21950000	21999999	3.086617340718182	0.6474434112909091	2.439173929427273
22000000	22049999	3.4403231009999997	0.6474434112909091	2.792879689709091
22050000	22099999	3.738928751190909	0.6474434112909091	3.0914853399
22100000	22149999	4.159242166154545	0.6474434112909091	3.5117987548636362
22150000	22199999	4.5999636337	0.6474434112909091	3.952520222409091
22200000	22249999	4.6094138166272725	0.6474434112909091	3.9619704053363636
22250000	22299999	4.695405546418181	0.6474434112909091	4.047962135127272
22300000	22349999	4.641068998581818	0.6474434112909091	3.993625587290909
22350000	22399999	4.773261679672727	0.6474434112909091	4.125818268381818
22400000	22449999	4.633621844618181	0.6474434112909091	3.9861784333272725
22450000	22499999	4.468232781990909	0.6474434112909091	3.8207893707
22500000	22549999	4.438747840781818	0.6474434112909091	3.791304429490909
22550000	22599999	4.518691400036364	0.6474434112909091	3.8712479887454547
22600000	22649999	4.6363704925	0.6474434112909091	3.9889270812090913
22650000	22699999	4.6573118666727265	0.6474434112909091	4.009868455381818
22700000	22749999	4.69713257	0.6474434112909091	4.049689158709091
22750000	22799999	4.875622890700001	0.6474434112909091	4.228179479409092
22800000	22849999	5.022235470563636	0.6474434112909091	4.374792059272727
22850000	22899999	5.3095503018090895	0.6474434112909091	4.662106890518181
22900000	22949999	5.5059695858272715	0.6474434112909091	4.858526174536363
22950000	22999999	5.732286266318181	0.6474434112909091	5.084842855027272
23000000	23049999	5.950442792045455	0.6474434112909091	5.302999380754546
23050000	23099999	6.341961347472727	0.6474434112909091	5.694517936181819
23100000	23149999	6.453454166145454	0.6474434112909091	5.806010754854545
23150000	23199999	6.498622110318181	0.6474434112909091	5.8511786990272725
23200000	23249999	6.54016336530909	0.6474434112909091	5.892719954018181
23250000	23299999	6.6933153115272725	0.6474434112909091	6.045871900236364
23300000	23349999	6.859898339845455	0.6474434112909091	6.212454928554546
23350000	23399999	6.675529949763636	0.6474434112909091	6.028086538472727
23400000	23449999	6.094719064627272	0.6474434112909091	5.447275653336363
23450000	23499999	5.401329552381818	0.6474434112909091	4.753886141090909
23500000	23549999	4.918792237263636	0.6474434112909091	4.271348825972727
23550000	23599999	4.341053770236364	0.6474434112909091	3.693610358945455
23600000	23649999	3.6057195032181815	0.6474434112909091	2.9582760919272726
23650000	23699999	3.055480996218182	0.6474434112909091	2.408037584927273
23700000	23749999	2.5504904038272724	0.6474434112909091	1.9030469925363633
23750000	23799999	1.9849904702818182	0.6474434112909091	1.337547058990909
23800000	23849999	1.3742697664818182	0.6474434112909091	0.7268263551909091
23850000	23899999	0.7155878154727273	0.6474434112909091	0.06814440418181822
23900000	23949999	0.33296244831818184	0.6474434112909091	-0.31448096297272726
23950000	23999999	0.3291720139909091	0.6474434112909091	-0.3182713973
24000000	24049999	0.32844706622727277	0.6474434112909091	-0.31899634506363633
24050000	24099999	0.2967272095636364	0.6474434112909091	-0.3507162017272727
24100000	24149999	0.3096497561545455	0.6474434112909091	-0.3377936551363636
24150000	24199999	0.3030744642454546	0.6474434112909091	-0.3443689470454545
24200000	24249999	0.2998762185454546	0.6474434112909091	-0.3475671927454545
24250000	24299999	0.30673901011818183	0.6474434112909091	-0.34070440117272727
24300000	24349999	0.29700808074545454	0.6474434112909091	-0.35043533054545456
24350000	24399999	0.2947531627909091	0.6474434112909091	-0.3526902485
24400000	24449999	0.31191378788181817	0.6474434112909091	-0.3355296234090909
24450000	24499999	0.3273756918090909	0.6474434112909091	-0.3200677194818182
24500000	24549999	0.3411244222	0.6474434112909091	-0.3063189890909091
24550000	24599999	0.3762150113363636	0.6474434112909091	-0.2712283999545455
24600000	24649999	0.4151022949	0.6474434112909091	-0.2323411163909091
24650000	24699999	0.41513678680909094	0.6474434112909091	-0.23230662448181816
24700000	24749999	0.4139192415545454	0.6474434112909091	-0.2335241697363637
24750000	24799999	0.48878184507272726	0.6474434112909091	-0.15866156621818184
24800000	24849999	0.4964349384272727	0.6474434112909091	-0.1510084728636364
24850000	24899999	0.5215281419818182	0.6474434112909091	-0.12591526930909092
24900000	24949999	0.5220616130545455	0.6474434112909091	-0.12538179823636364
24950000	24999999	0.49667609630909093	0.6474434112909091	-0.15076731498181817
25000000	25049999	0.47933429670000005	0.6474434112909091	-0.16810911459090905
25050000	25099999	0.4522669456909091	0.6474434112909091	-0.19517646560000002
25100000	25149999	0.42685128332727273	0.6474434112909091	-0.22059212796363636
25150000	25199999	0.3717362186909091	0.6474434112909091	-0.2757071926
25200000	25249999	0.34810568479090914	0.6474434112909091	-0.29933772649999996
25250000	25299999	0.34158083834545455	0.6474434112909091	-0.30586257294545455
25300000	25349999	0.26237982682727273	0.6474434112909091	-0.38506358446363637
25350000	25399999	0.2357600866545454	0.6474434112909091	-0.4116833246363637
25400000	25449999	0.2158259362636364	0.6474434112909091	-0.4316174750272727
25450000	25499999	0.2087624312000001	0.6474434112909091	-0.438680980090909
25500000	25549999	0.2191710313727273	0.6474434112909091	-0.4282723799181818
25550000	25599999	0.2229598989545455	0.6474434112909091	-0.4244835123363636
25600000	25649999	0.23479267070909088	0.6474434112909091	-0.4126507405818182
25650000	25699999	0.24953934085454543	0.6474434112909091	-0.39790407043636367
25700000	25749999	0.3129962025545455	0.6474434112909091	-0.3344472087363636
25750000	25799999	0.3498693785727273	0.6474434112909091	-0.2975740327181818
25800000	25849999	0.3876816488909091	0.6474434112909091	-0.2597617624
25850000	25899999	0.40899525426363637	0.6474434112909091	-0.23844815702727273
25900000	25949999	0.4220444356272727	0.6474434112909091	-0.22539897566363643
25950000	25999999	0.4231138105545455	0.6474434112909091	-0.2243296007363636
26000000	26049999	0.4400610770727273	0.6474434112909091	-0.2073823342181818
26050000	26099999	0.44198254830000006	0.6474434112909091	-0.20546086299090904
26100000	26149999	0.4493915670090909	0.6474434112909091	-0.1980518442818182
26150000	26199999	0.4410665575636364	0.6474434112909091	-0.2063768537272727
26200000	26249999	0.44668705702727274	0.6474434112909091	-0.20075635426363636
26250000	26299999	0.4331743633181818	0.6474434112909091	-0.21426904797272728
26300000	26349999	0.4123926578181818	0.6474434112909091	-0.2350507534727273
26350000	26399999	0.3843606963181818	0.6474434112909091	-0.2630827149727273
26400000	26449999	0.37243722882727276	0.6474434112909091	-0.27500618246363634
26450000	26499999	0.3752229799181818	0.6474434112909091	-0.2722204313727273
26500000	26549999	0.3910991195909091	0.6474434112909091	-0.2563442917
26550000	26599999	0.38659431256363636	0.6474434112909091	-0.26084909872727274
26600000	26649999	0.3957685999818182	0.6474434112909091	-0.2516748113090909
26650000	26699999	0.39809013876363636	0.6474434112909091	-0.24935327252727274
26700000	26749999	0.41823039557272734	0.6474434112909091	-0.22921301571818176
26750000	26799999	0.4248236709818183	0.6474434112909091	-0.22261974030909082
26800000	26849999	0.4410986984454546	0.6474434112909091	-0.20634471284545453
26850000	26899999	0.4428592689727273	0.6474434112909091	-0.20458414231818178
26900000	26949999	0.4435497429545454	0.6474434112909091	-0.2038936683363637
26950000	26999999	0.44994741380000003	0.6474434112909091	-0.19749599749090907
27000000	27049999	0.4488563397181818	0.6474434112909091	-0.19858707157272731
27050000	27099999	0.43955153280909093	0.6474434112909091	-0.20789187848181817
27100000	27149999	0.4316349114636364	0.6474434112909091	-0.21580849982727268
27150000	27199999	0.41553793289999996	0.6474434112909091	-0.23190547839090914
27200000	27249999	0.40347963970909095	0.6474434112909091	-0.24396377158181815
27250000	27299999	0.3817176072363636	0.6474434112909091	-0.2657258040545455
27300000	27349999	0.3638804157272727	0.6474434112909091	-0.2835629955636364
27350000	27399999	0.3431597119454545	0.6474434112909091	-0.3042836993454546
27400000	27449999	0.3440038231545454	0.6474434112909091	-0.3034395881363637
27450000	27499999	0.3470702046909091	0.6474434112909091	-0.3003732066
27500000	27549999	0.3283132441272727	0.6474434112909091	-0.3191301671636364
27550000	27599999	0.325108904609091	0.6474434112909091	-0.3223345066818181
27600000	27649999	0.31765769734545457	0.6474434112909091	-0.32978571394545453
27650000	27699999	0.30532660360909086	0.6474434112909091	-0.34211680768181824
27700000	27749999	0.30457908625454544	0.6474434112909091	-0.34286432503636366
27750000	27799999	0.30098947816363636	0.6474434112909091	-0.34645393312727274
27800000	27849999	0.3138143453545455	0.6474434112909091	-0.3336290659363636
27850000	27899999	0.3150544483454546	0.6474434112909091	-0.3323889629454545
27900000	27949999	0.3047907601818182	0.6474434112909091	-0.3426526511090909
27950000	27999999	0.26293419629090914	0.6474434112909091	-0.38450921499999996
28000000	28049999	0.27513017415454544	0.6474434112909091	-0.37231323713636366
28050000	28099999	0.3077185311090909	0.6474434112909091	-0.3397248801818182
28100000	28149999	0.30499705546363637	0.6474434112909091	-0.34244635582727273
28150000	28199999	0.30418625997272725	0.6474434112909091	-0.34325715131818185
28200000	28249999	0.3214500148090909	0.6474434112909091	-0.3259933964818182
28250000	28299999	0.3449831447181818	0.6474434112909091	-0.3024602665727273
28300000	28349999	0.3641362903636364	0.6474434112909091	-0.2833071209272727
28350000	28399999	0.3904799848636364	0.6474434112909091	-0.2569634264272727
28400000	28449999	0.44113348700909094	0.6474434112909091	-0.20630992428181816
28450000	28499999	0.49418627104545454	0.6474434112909091	-0.15325714024545456
28500000	28549999	0.5556291662818182	0.6474434112909091	-0.09181424500909086
28550000	28599999	0.5882302476363637	0.6474434112909091	-0.05921316365454543
28600000	28649999	0.6111610787636363	0.6474434112909091	-0.036282332527272754
28650000	28699999	0.6362862892454546	0.6474434112909091	-0.011157122045454493
28700000	28749999	0.6949173428000001	0.6474434112909091	0.04747393150909096
28750000	28799999	0.7305538035090909	0.6474434112909091	0.08311039221818184
28800000	28849999	0.7345101675	0.6474434112909091	0.08706675620909088
28850000	28899999	0.7379922507909091	0.6474434112909091	0.09054883950000003
28900000	28949999	0.7132699364090909	0.6474434112909091	0.06582652511818177
28950000	28999999	0.6761743471272728	0.6474434112909091	0.028730935836363658
29000000	29049999	0.6505728230181819	0.6474434112909091	0.0031294117272727684
29050000	29099999	0.6462026691363636	0.6474434112909091	-0.0012407421545455044
29100000	29149999	0.6069394539454546	0.6474434112909091	-0.04050395734545453
29150000	29199999	0.5724464707636364	0.6474434112909091	-0.07499694052727268
29200000	29249999	0.5604028730181818	0.6474434112909091	-0.08704053827272729
29250000	29299999	0.515224637609091	0.6474434112909091	-0.1322187736818181
29300000	29349999	0.48061602496363637	0.6474434112909091	-0.16682738632727273
29350000	29399999	0.4502315843	0.6474434112909091	-0.1972118269909091
29400000	29449999	0.4309804194181818	0.6474434112909091	-0.21646299187272727
29450000	29499999	0.4235056752272728	0.6474434112909091	-0.22393773606363632
29500000	29549999	0.4203215369181818	0.6474434112909091	-0.2271218743727273
29550000	29599999	0.417800736	0.6474434112909091	-0.2296426752909091
29600000	29649999	0.4001114260090909	0.6474434112909091	-0.2473319852818182
29650000	29699999	0.40100437879999995	0.6474434112909091	-0.24643903249090915
29700000	29749999	0.4074054365545454	0.6474434112909091	-0.24003797473636368
29750000	29799999	0.4167822657181818	0.6474434112909091	-0.23066114557272732
29800000	29849999	0.4189810598818182	0.6474434112909091	-0.22846235140909088
29850000	29899999	0.41459652057272733	0.6474434112909091	-0.23284689071818176
29900000	29949999	0.4284584782545455	0.6474434112909091	-0.21898493303636357
29950000	29999999	0.44341334888181816	0.6474434112909091	-0.20403006240909094
30000000	30049999	0.4560674073090909	0.6474434112909091	-0.1913760039818182
30050000	30099999	0.49109299478181817	0.6474434112909091	-0.15635041650909093
30100000	30149999	0.5151120427363636	0.6474434112909091	-0.13233136855454553
30150000	30199999	0.5296668283727273	0.6474434112909091	-0.11777658291818183
30200000	30249999	0.5319861771363636	0.6474434112909091	-0.11545723415454545
30250000	30299999	0.5609923531272727	0.6474434112909091	-0.08645105816363641
30300000	30349999	0.5673020784272726	0.6474434112909091	-0.08014133286363645
30350000	30399999	0.5645969206272727	0.6474434112909091	-0.08284649066363636
30400000	30449999	0.5674915984	0.6474434112909091	-0.07995181289090914
30450000	30499999	0.5651206419090908	0.6474434112909091	-0.08232276938181826
30500000	30549999	0.5552656944909091	0.6474434112909091	-0.09217771679999998
30550000	30599999	0.5588837913454545	0.6474434112909091	-0.08855961994545458
30600000	30649999	0.5148287843363637	0.6474434112909091	-0.1326146269545454
30650000	30699999	0.48589808095454545	0.6474434112909091	-0.16154533033636365
30700000	30749999	0.4665391348818182	0.6474434112909091	-0.1809042764090909
30750000	30799999	0.46679836870909086	0.6474434112909091	-0.18064504258181824
30800000	30849999	0.4369548306818182	0.6474434112909091	-0.21048858060909093
30850000	30899999	0.4299831337909091	0.6474434112909091	-0.21746027750000002
30900000	30949999	0.43028271630000003	0.6474434112909091	-0.21716069499090906
30950000	30999999	0.4214325188818182	0.6474434112909091	-0.2260108924090909
31000000	31049999	0.40866285043636363	0.6474434112909091	-0.23878056085454546
31050000	31099999	0.40953187889090914	0.6474434112909091	-0.23791153239999996
31100000	31149999	0.40956173892727277	0.6474434112909091	-0.23788167236363633
31150000	31199999	0.4083525793909091	0.6474434112909091	-0.23909083190000002
31200000	31249999	0.41500594991818185	0.6474434112909091	-0.23243746137272725
31250000	31299999	0.42466054621818183	0.6474434112909091	-0.22278286507272727
31300000	31349999	0.4237673876636364	0.6474434112909091	-0.22367602362727268
31350000	31399999	0.4162535009727273	0.6474434112909091	-0.2311899103181818
31400000	31449999	0.4013967572	0.6474434112909091	-0.2460466540909091
31450000	31499999	0.4007204136363637	0.6474434112909091	-0.24672299765454542
31500000	31549999	0.4192881457454546	0.6474434112909091	-0.2281552655454545
31550000	31599999	0.4286657050181819	0.6474434112909091	-0.2187777062727272
31600000	31649999	0.4306052059818182	0.6474434112909091	-0.21683820530909093
31650000	31699999	0.4270700955636364	0.6474434112909091	-0.2203733157272727
31700000	31749999	0.42727358260000003	0.6474434112909091	-0.22016982869090906
31750000	31799999	0.4107108961090909	0.6474434112909091	-0.2367325151818182
31800000	31849999	0.4149462847	0.6474434112909091	-0.2324971265909091
31850000	31899999	0.42327036419999997	0.6474434112909091	-0.22417304709090913
31900000	31949999	0.43408774774545456	0.6474434112909091	-0.21335566354545454
31950000	31999999	0.43688350139090915	0.6474434112909091	-0.21055990989999995
32000000	32049999	0.4414280585545455	0.6474434112909091	-0.20601535273636362
32050000	32099999	0.4382651699727273	0.6474434112909091	-0.2091782413181818
32100000	32149999	0.43487619698181823	0.6474434112909091	-0.21256721430909087
32150000	32199999	0.4334997337636364	0.6474434112909091	-0.21394367752727272
32200000	32249999	0.42889320927272734	0.6474434112909091	-0.21855020201818176
32250000	32299999	0.41803721364545454	0.6474434112909091	-0.22940619764545456
32300000	32349999	0.40643227350909095	0.6474434112909091	-0.24101113778181815
32350000	32399999	0.3895905927454546	0.6474434112909091	-0.2578528185454545
32400000	32449999	0.36743868531818186	0.6474434112909091	-0.28000472597272724
32450000	32499999	0.3268733744	0.6474434112909091	-0.32057003689090907
32500000	32549999	0.32093846386363634	0.6474434112909091	-0.32650494742727276
32550000	32599999	0.32449436384545455	0.6474434112909091	-0.32294904744545455
32600000	32649999	0.3236743141818182	0.6474434112909091	-0.3237690971090909
32650000	32699999	0.32019451859090914	0.6474434112909091	-0.32724889269999996
32700000	32749999	0.31887894451818183	0.6474434112909091	-0.32856446677272727
32750000	32799999	0.315180886	0.6474434112909091	-0.3322625252909091
32800000	32849999	0.27670644472727274	0.6474434112909091	-0.37073696656363636
32850000	32899999	0.2916400867818182	0.6474434112909091	-0.3558033245090909
32900000	32949999	0.29159425801818184	0.6474434112909091	-0.35584915327272726
32950000	32999999	0.3076561886363637	0.6474434112909091	-0.3397872226545454
33000000	33049999	0.3417452735818182	0.6474434112909091	-0.3056981377090909
33050000	33099999	0.3352903302272727	0.6474434112909091	-0.3121530810636364
33100000	33149999	0.31211098490000005	0.6474434112909091	-0.33533242639090904
33150000	33199999	0.2875125812909092	0.6474434112909091	-0.3599308299999999
33200000	33249999	0.2803019372545455	0.6474434112909091	-0.3671414740363636
33250000	33299999	0.26339845343636364	0.6474434112909091	-0.38404495785454545
33300000	33349999	0.25587704118181814	0.6474434112909091	-0.39156637010909096
33350000	33399999	0.2925076835363637	0.6474434112909091	-0.3549357277545454
33400000	33449999	0.2686856581727273	0.6474434112909091	-0.3787577531181818
33450000	33499999	0.2565573823636364	0.6474434112909091	-0.3908860289272727
33500000	33549999	0.2207749394000001	0.6474434112909091	-0.426668471890909
33550000	33599999	0.18367907398181826	0.6474434112909091	-0.46376433730909083
33600000	33649999	0.1645229080727273	0.6474434112909091	-0.4829205032181818
33650000	33699999	0.14929505036363638	0.6474434112909091	-0.4981483609272727
33700000	33749999	0.13515256579090906	0.6474434112909091	-0.5122908455
33750000	33799999	0.11139577998181827	0.6474434112909091	-0.5360476313090908
33800000	33849999	0.09726282097272732	0.6474434112909091	-0.5501805903181818
33850000	33899999	0.07130716529090908	0.6474434112909091	-0.576136246
33900000	33949999	0.05551092562727278	0.6474434112909091	-0.5919324856636363
33950000	33999999	0.05003390687272735	0.6474434112909091	-0.5974095044181817
34000000	34049999	0.044073459690909145	0.6474434112909091	-0.6033699516
34050000	34099999	0.04131496899090903	0.6474434112909091	-0.6061284423000001
34100000	34149999	0.04142056840909092	0.6474434112909091	-0.6060228428818182
34150000	34199999	0.04226249407272731	0.6474434112909091	-0.6051809172181818
34200000	34249999	0.03823618482727276	0.6474434112909091	-0.6092072264636363
34250000	34299999	0.038681494481818235	0.6474434112909091	-0.6087619168090909
34300000	34349999	0.050275484027272666	0.6474434112909091	-0.5971679272636364
34350000	34399999	0.06073506972727283	0.6474434112909091	-0.5867083415636363
34400000	34449999	0.06852562571818188	0.6474434112909091	-0.5789177855727272
34450000	34499999	0.06558380376363637	0.6474434112909091	-0.5818596075272727
34500000	34549999	0.06855175137272729	0.6474434112909091	-0.5788916599181818
34550000	34599999	0.07298840256363637	0.6474434112909091	-0.5744550087272727
34600000	34649999	0.08489657970000009	0.6474434112909091	-0.562546831590909
34650000	34699999	0.08323039013636369	0.6474434112909091	-0.5642130211545454
34700000	34749999	0.0828671256636363	0.6474434112909091	-0.5645762856272728
34750000	34799999	0.0869206266818181	0.6474434112909091	-0.560522784609091
34800000	34849999	0.08986798141818197	0.6474434112909091	-0.5575754298727271
34850000	34899999	0.09619614706363644	0.6474434112909091	-0.5512472642272727
34900000	34949999	0.09262550232727274	0.6474434112909091	-0.5548179089636364
34950000	34999999	0.09588297961818182	0.6474434112909091	-0.5515604316727273
35000000	35049999	0.1128988165999999	0.6474434112909091	-0.5345445946909092
35050000	35099999	0.121895527090909	0.6474434112909091	-0.5255478842000001
35100000	35149999	0.13388507109090897	0.6474434112909091	-0.5135583402000001
35150000	35199999	0.13753983684545457	0.6474434112909091	-0.5099035744454545
35200000	35249999	0.1709071491727272	0.6474434112909091	-0.4765362621181819
35250000	35299999	0.20012957751818172	0.6474434112909091	-0.4473138337727274
35300000	35349999	0.2241689969545455	0.6474434112909091	-0.4232744143363636
35350000	35399999	0.25541934960909085	0.6474434112909091	-0.39202406168181825
35400000	35449999	0.27333843911818184	0.6474434112909091	-0.37410497217272726
35450000	35499999	0.2958088551636364	0.6474434112909091	-0.3516345561272727
35500000	35549999	0.3218417999272728	0.6474434112909091	-0.3256016113636363
35550000	35599999	0.33673993995454543	0.6474434112909091	-0.31070347133636367
35600000	35649999	0.3541292988454546	0.6474434112909091	-0.2933141124454545
35650000	35699999	0.36703552199090916	0.6474434112909091	-0.28040788929999994
35700000	35749999	0.37649603699090917	0.6474434112909091	-0.27094737429999993
35750000	35799999	0.3699412404818182	0.6474434112909091	-0.2775021708090909
35800000	35849999	0.36500236096363636	0.6474434112909091	-0.28244105032727274
35850000	35899999	0.37915997448181815	0.6474434112909091	-0.26828343680909095
35900000	35949999	0.4079367203545454	0.6474434112909091	-0.23950669093636368
35950000	35999999	0.43548067357272724	0.6474434112909091	-0.21196273771818186
36000000	36049999	0.45713240272727274	0.6474434112909091	-0.19031100856363636
36050000	36099999	0.4814512508636364	0.6474434112909091	-0.16599216042727272
36100000	36149999	0.5183839690636364	0.6474434112909091	-0.12905944222727272
36150000	36199999	0.523355517709091	0.6474434112909091	-0.12408789358181815
36200000	36249999	0.5377486402909091	0.6474434112909091	-0.10969477100000002
36250000	36299999	0.5518074494272727	0.6474434112909091	-0.09563596186363643
36300000	36349999	0.5629323924181818	0.6474434112909091	-0.08451101887272727
36350000	36399999	0.5869356225909091	0.6474434112909091	-0.060507788699999954
36400000	36449999	0.5793728500090909	0.6474434112909091	-0.06807056128181821
36450000	36499999	0.5478961137	0.6474434112909091	-0.09954729759090908
36500000	36549999	0.5474085232272727	0.6474434112909091	-0.10003488806363636
36550000	36599999	0.5354834414727273	0.6474434112909091	-0.11195996981818179
36600000	36649999	0.5096689215	0.6474434112909091	-0.13777448979090912
36650000	36699999	0.4783784713545455	0.6474434112909091	-0.16906493993636362
36700000	36749999	0.47202581320000003	0.6474434112909091	-0.17541759809090907
36750000	36799999	0.46142901040000006	0.6474434112909091	-0.18601440089090904
36800000	36849999	0.44455819299090904	0.6474434112909091	-0.20288521830000006
36850000	36899999	0.43073837026363637	0.6474434112909091	-0.21670504102727273
36900000	36949999	0.4039207676090909	0.6474434112909091	-0.2435226436818182
36950000	36999999	0.3963450837363636	0.6474434112909091	-0.2510983275545455
37000000	37049999	0.3885340303090909	0.6474434112909091	-0.2589093809818182
37050000	37099999	0.35444785939090906	0.6474434112909091	-0.29299555190000004
37100000	37149999	0.3427864996636364	0.6474434112909091	-0.3046569116272727
37150000	37199999	0.3405698503090909	0.6474434112909091	-0.30687356098181817
37200000	37249999	0.3317512276909091	0.6474434112909091	-0.3156921836
37250000	37299999	0.3350635269090909	0.6474434112909091	-0.3123798843818182
37300000	37349999	0.3377943859636364	0.6474434112909091	-0.3096490253272727
37350000	37399999	0.350888654709091	0.6474434112909091	-0.2965547565818181
37400000	37449999	0.35533401442727275	0.6474434112909091	-0.29210939686363635
37450000	37499999	0.35728142810909086	0.6474434112909091	-0.29016198318181824
37500000	37549999	0.36506567230909087	0.6474434112909091	-0.2823777389818182
37550000	37599999	0.3659371410909091	0.6474434112909091	-0.2815062702
37600000	37649999	0.3763259278727273	0.6474434112909091	-0.2711174834181818
37650000	37699999	0.37829691800000004	0.6474434112909091	-0.26914649329090906
37700000	37749999	0.3814646549727273	0.6474434112909091	-0.2659787563181818
37750000	37799999	0.3881060897363636	0.6474434112909091	-0.2593373215545455
37800000	37849999	0.39194558544545455	0.6474434112909091	-0.25549782584545455
37850000	37899999	0.38589634374545456	0.6474434112909091	-0.26154706754545454
37900000	37949999	0.37478485467272726	0.6474434112909091	-0.27265855661818184
37950000	37999999	0.37635202090909087	0.6474434112909091	-0.27109139038181823
38000000	38049999	0.39245269306363634	0.6474434112909091	-0.25499071822727276
38050000	38099999	0.3822419460272727	0.6474434112909091	-0.2652014652636364
38100000	38149999	0.379498140190909	0.6474434112909091	-0.2679452711000001
38150000	38199999	0.3765098458818182	0.6474434112909091	-0.2709335654090909
38200000	38249999	0.3790829079909091	0.6474434112909091	-0.2683605033
38250000	38299999	0.37591174266363636	0.6474434112909091	-0.27153166862727274
38300000	38349999	0.3791876233272727	0.6474434112909091	-0.2682557879636364
38350000	38399999	0.3704213790818181	0.6474434112909091	-0.277022032209091
38400000	38449999	0.3725095840727273	0.6474434112909091	-0.2749338272181818
38450000	38499999	0.3801295926818182	0.6474434112909091	-0.2673138186090909
38500000	38549999	0.3980681683090909	0.6474434112909091	-0.24937524298181818
38550000	38599999	0.38676026871818187	0.6474434112909091	-0.26068314257272723
38600000	38649999	0.38336926800909094	0.6474434112909091	-0.26407414328181816
38650000	38699999	0.39633944922727277	0.6474434112909091	-0.25110396206363633
38700000	38749999	0.4032566042272727	0.6474434112909091	-0.24418680706363638
38750000	38799999	0.3974964065454546	0.6474434112909091	-0.2499470047454545
38800000	38849999	0.39410295948181817	0.6474434112909091	-0.2533404518090909
38850000	38899999	0.3927585303363636	0.6474434112909091	-0.2546848809545455
38900000	38949999	0.3927807883181818	0.6474434112909091	-0.2546626229727273
38950000	38999999	0.38282955612727276	0.6474434112909091	-0.26461385516363634
39000000	39049999	0.3697186861909091	0.6474434112909091	-0.2777247251
39050000	39099999	0.3518440759545455	0.6474434112909091	-0.2955993353363636
39100000	39149999	0.3418232766	0.6474434112909091	-0.3056201346909091
39150000	39199999	0.35740312454545453	0.6474434112909091	-0.29004028674545457
39200000	39249999	0.3518872104545454	0.6474434112909091	-0.2955562008363637
39250000	39299999	0.33910842203636365	0.6474434112909091	-0.30833498925454544
39300000	39349999	0.3372043428090909	0.6474434112909091	-0.3102390684818182
39350000	39399999	0.3409425768909091	0.6474434112909091	-0.3065008344
39400000	39449999	0.3352935551	0.6474434112909091	-0.3121498561909091
39450000	39499999	0.34609030542727276	0.6474434112909091	-0.30135310586363634
39500000	39549999	0.36017538480000005	0.6474434112909091	-0.28726802649090905
39550000	39599999	0.36649374826363634	0.6474434112909091	-0.28094966302727276
39600000	39649999	0.38567650185454544	0.6474434112909091	-0.26176690943636366
39650000	39699999	0.4037710272727273	0.6474434112909091	-0.2436723840181818
39700000	39749999	0.3954770765181818	0.6474434112909091	-0.2519663347727273
39750000	39799999	0.4008421040454546	0.6474434112909091	-0.24660130724545448
39800000	39849999	0.4005149273090909	0.6474434112909091	-0.24692848398181821
39850000	39899999	0.4131280855181818	0.6474434112909091	-0.2343153257727273
39900000	39949999	0.4599718674727273	0.6474434112909091	-0.18747154381818182
39950000	39999999	0.4968747912090909	0.6474434112909091	-0.1505686200818182
40000000	40049999	0.5242753674727273	0.6474434112909091	-0.1231680438181818
40050000	40099999	0.5419875012545454	0.6474434112909091	-0.10545591003636368
40100000	40149999	0.5579635698545454	0.6474434112909091	-0.08947984143636367
40150000	40199999	0.5511716888	0.6474434112909091	-0.0962717224909091
40200000	40249999	0.5780376435090909	0.6474434112909091	-0.06940576778181817
40250000	40299999	0.5894830326363637	0.6474434112909091	-0.0579603786545454
40300000	40349999	0.5990790782909091	0.6474434112909091	-0.04836433299999998
40350000	40399999	0.6204149400363637	0.6474434112909091	-0.02702847125454544
40400000	40449999	0.6260991412727273	0.6474434112909091	-0.021344270018181843
40450000	40499999	0.5915583037727273	0.6474434112909091	-0.055885107518181765
40500000	40549999	0.5643751649909091	0.6474434112909091	-0.08306824629999998
40550000	40599999	0.5200119286545455	0.6474434112909091	-0.1274314826363636
40600000	40649999	0.5065220467363636	0.6474434112909091	-0.14092136455454551
40650000	40699999	0.5096955711454546	0.6474434112909091	-0.1377478401454545
40700000	40749999	0.5153297991272727	0.6474434112909091	-0.13211361216363637
40750000	40799999	0.4960333959909091	0.6474434112909091	-0.15141001529999998
40800000	40849999	0.4953285249727273	0.6474434112909091	-0.15211488631818182
40850000	40899999	0.4835492323909091	0.6474434112909091	-0.16389417890000002
40900000	40949999	0.4760670690272727	0.6474434112909091	-0.1713763422636364
40950000	40999999	0.4794149200272727	0.6474434112909091	-0.1680284912636364
41000000	41049999	0.4823862621545455	0.6474434112909091	-0.1650571491363636
41050000	41099999	0.48459514054545455	0.6474434112909091	-0.16284827074545455
41100000	41149999	0.4981452212090909	0.6474434112909091	-0.14929819008181822
41150000	41199999	0.4857279796909091	0.6474434112909091	-0.16171543160000001
41200000	41249999	0.4722731225090909	0.6474434112909091	-0.17517028878181817
41250000	41299999	0.45774389508181823	0.6474434112909091	-0.18969951620909087
41300000	41349999	0.4409839260545455	0.6474434112909091	-0.2064594852363636
41350000	41399999	0.41875562448181824	0.6474434112909091	-0.22868778680909085
41400000	41449999	0.4109012499818182	0.6474434112909091	-0.2365421613090909
41450000	41499999	0.4040630014636364	0.6474434112909091	-0.24338040982727271
41500000	41549999	0.38645058481818184	0.6474434112909091	-0.26099282647272726
41550000	41599999	0.37569505084545457	0.6474434112909091	-0.27174836044545453
41600000	41649999	0.37665584716363637	0.6474434112909091	-0.27078756412727273
41650000	41699999	0.38522612863636363	0.6474434112909091	-0.26221728265454547
41700000	41749999	0.3873942211090909	0.6474434112909091	-0.2600491901818182
41750000	41799999	0.3884267175363637	0.6474434112909091	-0.2590166937545454
41800000	41849999	0.39398079901818184	0.6474434112909091	-0.25346261227272726
41850000	41899999	0.4141579924090909	0.6474434112909091	-0.2332854188818182
41900000	41949999	0.43543127004545457	0.6474434112909091	-0.21201214124545453
41950000	41999999	0.44614050689999996	0.6474434112909091	-0.20130290439090914
42000000	42049999	0.44657204106363635	0.6474434112909091	-0.20087137022727275
42050000	42099999	0.4383024480636364	0.6474434112909091	-0.2091409632272727
42100000	42149999	0.42873336593636363	0.6474434112909091	-0.21871004535454547
42150000	42199999	0.4201278047545455	0.6474434112909091	-0.22731560653636362
42200000	42249999	0.4019616753272727	0.6474434112909091	-0.24548173596363637
42250000	42299999	0.3879583229454545	0.6474434112909091	-0.2594850883454546
42300000	42349999	0.3904175878636364	0.6474434112909091	-0.2570258234272727
42350000	42399999	0.3873700893636364	0.6474434112909091	-0.26007332192727267
42400000	42449999	0.3663286434272727	0.6474434112909091	-0.2811147678636364
42450000	42499999	0.3610351042272727	0.6474434112909091	-0.2864083070636364
42500000	42549999	0.3510670571727273	0.6474434112909091	-0.2963763541181818
42550000	42599999	0.3597550195454546	0.6474434112909091	-0.2876883917454545
42600000	42649999	0.3740685401818182	0.6474434112909091	-0.2733748711090909
42650000	42699999	0.3776916085545454	0.6474434112909091	-0.2697518027363637
42700000	42749999	0.3614238359181819	0.6474434112909091	-0.2860195753727272
42750000	42799999	0.36820584895454544	0.6474434112909091	-0.27923756233636365
42800000	42849999	0.38513691170909087	0.6474434112909091	-0.26230649958181823
42850000	42899999	0.38431634004545456	0.6474434112909091	-0.26312707124545454
42900000	42949999	0.3767531604636363	0.6474434112909091	-0.27069025082727277
42950000	42999999	0.38852704044545455	0.6474434112909091	-0.25891637084545455
43000000	43049999	0.38706833814545455	0.6474434112909091	-0.26037507314545455
43050000	43099999	0.3858801742727273	0.6474434112909091	-0.2615632370181818
43100000	43149999	0.3755096152	0.6474434112909091	-0.2719337960909091
43150000	43199999	0.37289380590909094	0.6474434112909091	-0.27454960538181816
43200000	43249999	0.3819042796272727	0.6474434112909091	-0.2655391316636364
43250000	43299999	0.39732629127272734	0.6474434112909091	-0.25011712001818176
43300000	43349999	0.39362693109090907	0.6474434112909091	-0.2538164802
43350000	43399999	0.40646394913636363	0.6474434112909091	-0.24097946215454547
43400000	43449999	0.40903470936363634	0.6474434112909091	-0.23840870192727276
43450000	43499999	0.40232550959090907	0.6474434112909091	-0.24511790170000003
43500000	43549999	0.38267010049090905	0.6474434112909091	-0.26477331080000005
43550000	43599999	0.37149775896363635	0.6474434112909091	-0.27594565232727275
43600000	43649999	0.35184243995454545	0.6474434112909091	-0.29560097133636365
43650000	43699999	0.3314389596818182	0.6474434112909091	-0.3160044516090909
43700000	43749999	0.3122990052818182	0.6474434112909091	-0.3351444060090909
43750000	43799999	0.2891533199636364	0.6474434112909091	-0.3582900913272727
43800000	43849999	0.2910451908636364	0.6474434112909091	-0.3563982204272727
43850000	43899999	0.28345823793636366	0.6474434112909091	-0.36398517335454544
43900000	43949999	0.2658427490454545	0.6474434112909091	-0.3816006622454546
43950000	43999999	0.24588079971818183	0.6474434112909091	-0.40156261157272727
44000000	44049999	0.23668235648181818	0.6474434112909091	-0.4107610548090909
44050000	44099999	0.23185780462727285	0.6474434112909091	-0.41558560666363625
44100000	44149999	0.23984933266363645	0.6474434112909091	-0.40759407862727265
44150000	44199999	0.2629221963454546	0.6474434112909091	-0.3845212149454545
44200000	44249999	0.28041547915454546	0.6474434112909091	-0.36702793213636364
44250000	44299999	0.27988781385454553	0.6474434112909091	-0.36755559743636357
44300000	44349999	0.2776916736454546	0.6474434112909091	-0.3697517376454545
44350000	44399999	0.25632023373636365	0.6474434112909091	-0.39112317755454545
44400000	44449999	0.24916670627272725	0.6474434112909091	-0.39827670501818185
44450000	44499999	0.23638019013636358	0.6474434112909091	-0.4110632211545455
44500000	44549999	0.2385438985272727	0.6474434112909091	-0.4088995127636364
44550000	44599999	0.23523941469090903	0.6474434112909091	-0.41220399660000007
44600000	44649999	0.23809745145454542	0.6474434112909091	-0.4093459598363637
44650000	44699999	0.2268461935545455	0.6474434112909091	-0.4205972177363636
44700000	44749999	0.21254713376363632	0.6474434112909091	-0.4348962775272728
44750000	44799999	0.19556948910000005	0.6474434112909091	-0.45187392219090905
44800000	44849999	0.21059097511818187	0.6474434112909091	-0.43685243617272723
44850000	44899999	0.21906257969090914	0.6474434112909091	-0.42838083159999996
44900000	44949999	0.2186090030363636	0.6474434112909091	-0.4288344082545455
44950000	44999999	0.22010409114545454	0.6474434112909091	-0.42733932014545456
45000000	45049999	0.21572338377272726	0.6474434112909091	-0.43172002751818184
45050000	45099999	0.2105649121181818	0.6474434112909091	-0.4368784991727273
45100000	45149999	0.21313704395454552	0.6474434112909091	-0.4343063673363636
45150000	45199999	0.20672029435454542	0.6474434112909091	-0.4407231169363637
45200000	45249999	0.20623935411818178	0.6474434112909091	-0.4412040571727273
45250000	45299999	0.21334582172727273	0.6474434112909091	-0.43409758956363637
45300000	45349999	0.22295726696363638	0.6474434112909091	-0.4244861443272727
45350000	45399999	0.2198348414545454	0.6474434112909091	-0.4276085698363637
45400000	45449999	0.22240069489999997	0.6474434112909091	-0.4250427163909091
45450000	45499999	0.22907348094545454	0.6474434112909091	-0.41836993034545455
45500000	45549999	0.2675506446272726	0.6474434112909091	-0.37989276666363647
45550000	45599999	0.2757411854272727	0.6474434112909091	-0.3717022258636364
45600000	45649999	0.2815678059545454	0.6474434112909091	-0.3658756053363637
45650000	45699999	0.29568607404545455	0.6474434112909091	-0.35175733724545455
45700000	45749999	0.3087837758545455	0.6474434112909091	-0.3386596354363636
45750000	45799999	0.3151548700636364	0.6474434112909091	-0.3322885412272727
45800000	45849999	0.33589031300000005	0.6474434112909091	-0.31155309829090905
45850000	45899999	0.38148946774545456	0.6474434112909091	-0.26595394354545454
45900000	45949999	0.39083452109090916	0.6474434112909091	-0.25660889019999994
45950000	45999999	0.4007570268545454	0.6474434112909091	-0.2466863844363637
46000000	46049999	0.3886483161	0.6474434112909091	-0.2587950951909091
46050000	46099999	0.36011844600909093	0.6474434112909091	-0.28732496528181817
46100000	46149999	0.3670101290181818	0.6474434112909091	-0.2804332822727273
46150000	46199999	0.3781423222909091	0.6474434112909091	-0.269301089
46200000	46249999	0.372017556	0.6474434112909091	-0.27542585529090907
46250000	46299999	0.3836745063727273	0.6474434112909091	-0.2637689049181818
46300000	46349999	0.3953770881909091	0.6474434112909091	-0.2520663231
46350000	46399999	0.37436930630000004	0.6474434112909091	-0.27307410499090906
46400000	46449999	0.33485505667272725	0.6474434112909091	-0.31258835461818185
46450000	46499999	0.3289923736545455	0.6474434112909091	-0.3184510376363636
46500000	46549999	0.3178396958727273	0.6474434112909091	-0.3296037154181818
46550000	46599999	0.3311005847909091	0.6474434112909091	-0.3163428265
46600000	46649999	0.3322182549454546	0.6474434112909091	-0.3152251563454545
46650000	46699999	0.3271421391909091	0.6474434112909091	-0.3203012721
46700000	46749999	0.32454944137272723	0.6474434112909091	-0.32289396991818187
46750000	46799999	0.3260380085818182	0.6474434112909091	-0.3214054027090909
46800000	46849999	0.3033323574	0.6474434112909091	-0.3441110538909091
46850000	46899999	0.29033359571818185	0.6474434112909091	-0.35710981557272725
46900000	46949999	0.2953043698909091	0.6474434112909091	-0.3521390414
46950000	46999999	0.30285561720909093	0.6474434112909091	-0.34458779408181817
47000000	47049999	0.3018823853636364	0.6474434112909091	-0.3455610259272727
47050000	47099999	0.3065405239090909	0.6474434112909091	-0.3409028873818182
47100000	47149999	0.31053249105454545	0.6474434112909091	-0.33691092023636365
47150000	47199999	0.30295519599090914	0.6474434112909091	-0.34448821529999996
47200000	47249999	0.2991319442272728	0.6474434112909091	-0.3483114670636363
47250000	47299999	0.29163352244545454	0.6474434112909091	-0.35580988884545456
47300000	47349999	0.2796574904727273	0.6474434112909091	-0.3677859208181818
47350000	47399999	0.2792055779727273	0.6474434112909091	-0.3682378333181818
47400000	47449999	0.2760163940636364	0.6474434112909091	-0.37142701722727267
47450000	47499999	0.2662503801090909	0.6474434112909091	-0.3811930311818182
47500000	47549999	0.24674279547272732	0.6474434112909091	-0.4007006158181818
47550000	47599999	0.231823407709091	0.6474434112909091	-0.4156200035818181
47600000	47649999	0.21954040819999998	0.6474434112909091	-0.4279030030909091
47650000	47699999	0.21131584644545454	0.6474434112909091	-0.43612756484545456
47700000	47749999	0.20936416199090913	0.6474434112909091	-0.4380792493
47750000	47799999	0.21771692780909097	0.6474434112909091	-0.42972648348181813
47800000	47849999	0.2282702282818182	0.6474434112909091	-0.4191731830090909
47850000	47899999	0.23342688522727273	0.6474434112909091	-0.41401652606363637
47900000	47949999	0.24977428991818185	0.6474434112909091	-0.39766912137272725
47950000	47999999	0.2619130977272727	0.6474434112909091	-0.3855303135636364
48000000	48049999	0.26674213425454546	0.6474434112909091	-0.38070127703636364
48050000	48099999	0.26895982536363644	0.6474434112909091	-0.37848358592727266
48100000	48149999	0.2843530268000001	0.6474434112909091	-0.363090384490909
48150000	48199999	0.2862793259454546	0.6474434112909091	-0.3611640853454545
48200000	48249999	0.28344575484545453	0.6474434112909091	-0.36399765644545456
48250000	48299999	0.2796502941999999	0.6474434112909091	-0.36779311709090917
48300000	48349999	0.2624226390818182	0.6474434112909091	-0.3850207722090909
48350000	48399999	0.23421034688181813	0.6474434112909091	-0.41323306440909097
48400000	48449999	0.22780444004545458	0.6474434112909091	-0.4196389712454545
48450000	48499999	0.20292292993636368	0.6474434112909091	-0.4445204813545454
48500000	48549999	0.18042202065454555	0.6474434112909091	-0.46702139063636355
48550000	48599999	0.16289993660909097	0.6474434112909091	-0.48454347468181813
48600000	48649999	0.1501187672454546	0.6474434112909091	-0.4973246440454545
48650000	48699999	0.13636034766363647	0.6474434112909091	-0.5110830636272726
48700000	48749999	0.12134240003636365	0.6474434112909091	-0.5261010112545454
48750000	48799999	0.1102168957727272	0.6474434112909091	-0.5372265155181819
48800000	48849999	0.10394983901818178	0.6474434112909091	-0.5434935722727273
48850000	48899999	0.10146301837272731	0.6474434112909091	-0.5459803929181818
48900000	48949999	0.10376710287272728	0.6474434112909091	-0.5436763084181818
48950000	48999999	0.09840905460000005	0.6474434112909091	-0.549034356690909
49000000	49049999	0.09246943788181805	0.6474434112909091	-0.554973973409091
49050000	49099999	0.08470840428181825	0.6474434112909091	-0.5627350070090908
49100000	49149999	0.08112337905454559	0.6474434112909091	-0.5663200322363635
49150000	49199999	0.08131150169090906	0.6474434112909091	-0.5661319096
49200000	49249999	0.07515028850000005	0.6474434112909091	-0.572293122790909
49250000	49299999	0.07697980521818182	0.6474434112909091	-0.5704636060727273
49300000	49349999	0.08591297653636365	0.6474434112909091	-0.5615304347545454
49350000	49399999	0.09037782513636361	0.6474434112909091	-0.5570655861545455
49400000	49449999	0.09213102579090904	0.6474434112909091	-0.5553123855000001
49450000	49499999	0.10770101700909096	0.6474434112909091	-0.5397423942818181
49500000	49549999	0.11872494875454542	0.6474434112909091	-0.5287184625363637
49550000	49599999	0.1347486554545454	0.6474434112909091	-0.5126947558363637
49600000	49649999	0.14489149349090913	0.6474434112909091	-0.5025519178
49650000	49699999	0.1577764095	0.6474434112909091	-0.4896670017909091
49700000	49749999	0.1734665699818182	0.6474434112909091	-0.4739768413090909
49750000	49799999	0.17756603910000007	0.6474434112909091	-0.469877372190909
49800000	49849999	0.19694203208181826	0.6474434112909091	-0.45050137920909084
49850000	49899999	0.19110870244545453	0.6474434112909091	-0.4563347088454546
49900000	49949999	0.19827609721818185	0.6474434112909091	-0.44916731407272725
49950000	49999999	0.20798931915454555	0.6474434112909091	-0.43945409213636355
50000000	50049999	0.2055507462727273	0.6474434112909091	-0.4418926650181818
50050000	50099999	0.22435158191818189	0.6474434112909091	-0.4230918293727272
50100000	50149999	0.23712539878181826	0.6474434112909091	-0.41031801250909083
50150000	50199999	0.30547337312727274	0.6474434112909091	-0.34197003816363636
50200000	50249999	0.3047673802818182	0.6474434112909091	-0.3426760310090909
50250000	50299999	0.3093831792727273	0.6474434112909091	-0.3380602320181818
50300000	50349999	0.32503917262727283	0.6474434112909091	-0.32240423866363627
50350000	50399999	0.3293878966	0.6474434112909091	-0.3180555146909091
50400000	50449999	0.3420951762	0.6474434112909091	-0.3053482350909091
50450000	50499999	0.36637449236363634	0.6474434112909091	-0.28106891892727276
50500000	50549999	0.36344889378181816	0.6474434112909091	-0.28399451750909094
50550000	50599999	0.369036069	0.6474434112909091	-0.2784073422909091
50600000	50649999	0.3478354327272728	0.6474434112909091	-0.2996079785636363
50650000	50699999	0.3461580768454546	0.6474434112909091	-0.3012853344454545
50700000	50749999	0.28876396296363643	0.6474434112909091	-0.35867944832727267
50750000	50799999	0.3035255594272728	0.6474434112909091	-0.3439178518636363
50800000	50849999	0.30672059771818183	0.6474434112909091	-0.34072281357272727
50850000	50899999	0.2903028134090909	0.6474434112909091	-0.3571405978818182
50900000	50949999	0.27336052928181814	0.6474434112909091	-0.37408288200909096
50950000	50999999	0.3039933610727273	0.6474434112909091	-0.3434500502181818
51000000	51049999	0.3185099488181818	0.6474434112909091	-0.3289334624727273
51050000	51099999	0.26738663141818186	0.6474434112909091	-0.38005677987272724
51100000	51149999	0.2639268291409091	0.6474434112909091	-0.38351658215
51150000	51199999	0.274656146379798	0.6474434112909091	-0.3727872649111111
51200000	51249999	0.2670967413534091	0.6474434112909091	-0.3803466699375
51250000	51299999	0.26766245229090907	0.6474434112909091	-0.37978095900000003
51300000	51349999	0.25208089109090914	0.6474434112909091	-0.39536252019999996
