chrom	start	end	binNum	observed	expected	log2.copyRatio
chr1	0	121199999	2424	2721.07	2239.3	0.208919397152643
chr1	121200000	121749999	11	173.935	10.1619	4.02509933627107
chr1	121750000	249299999	2551	2996.82	2356.63	0.274500311341973
chr2	0	143849999	2877	2109.09	2151.91	-0.101203934963625
chr2	143850000	188649999	896	977.646	670.18	0.472556681028566
chr2	188650000	243199999	1091	474.994	816.034	-0.852926827166403
chr3	0	48299999	966	776.355	497.651	0.569375300859087
chr3	48300000	138149999	1797	422.754	925.755	-1.20301888493756
chr3	138150000	198049999	1198	662.102	617.17	0.0291786987265547
chr4	0	160499999	3210	2408.17	2441.02	-0.0917537295411035
chr4	160500000	163349999	57	1.74786	43.3451	-4.70441422417912
chr4	163350000	191199999	557	341.791	423.566	-0.381679232800433
chr5	0	69049999	1381	1459.67	1256.46	0.144070646708924
chr5	69050000	70399999	27	1.05577	24.565	-4.61244360748783
chr5	70400000	180949999	2211	2041.65	2011.6	-0.0508147461321841
chr6	0	59049999	1181	850.378	395.659	1.03163984530631
chr6	59050000	133899999	1497	532.61	501.525	0.0145510441792127
chr6	133900000	161899999	560	426.068	187.611	1.11113242913122
chr6	161900000	171149999	185	62.9736	61.9787	-0.0492322046488728
chr7	0	102599999	2052	1852.98	1664.78	0.0823089176402926
chr7	102600000	159149999	1131	1582.86	917.578	0.714424097863114
chr8	0	146399999	2928	2296.46	2377.87	-0.122465043067868
chr9	0	20999999	420	266.403	417.364	-0.719902690155633
chr9	21000000	26349999	107	0.465614	106.328	-7.90737822868008
chr9	26350000	28799999	49	16.4934	48.6924	-1.63401463391854
chr9	28800000	31549999	55	0.628148	54.6548	-6.51530671858373
chr9	31550000	38649999	142	125.961	141.109	-0.236039744344225
chr9	38650000	47149999	170	37.4181	168.933	-2.24684982140658
chr9	47150000	65599999	369	361.744	366.684	-0.0917750823149759
chr9	65600000	93949999	567	347.239	563.441	-0.77054240954442
chr9	93950000	133499999	791	818.705	786.035	-0.0134567008535043
chr9	133500000	134299999	16	74.6438	15.8996	2.15882510862839
chr9	134300000	141249999	139	124.341	138.127	-0.223900121118548
chr10	0	42099999	842	799.455	776.249	-0.0297095295633467
chr10	42100000	42849999	15	151.872	13.8287	3.38491161280217
chr10	42850000	87749999	898	1049.58	827.876	0.270118679675382
chr10	87750000	135549999	956	572.675	881.347	-0.694200371893825
chr11	0	126749999	2535	1340.29	1252.63	0.02537800164208
chr11	126750000	135049999	166	34.5816	82.0261	-1.31828526934504
chr12	0	22549999	451	170.021	275.695	-0.769567006020191
chr12	22550000	125699999	2063	1427.18	1261.11	0.106266329365323
chr12	125700000	133899999	164	56.7182	100.253	-0.893968609416291
chr13	0	18849999	377	222.073	222.273	-0.0735055671336796
chr13	18850000	80849999	1240	341.397	731.084	-1.17079365113018
chr13	80850000	81699999	17	27.8398	10.0229	1.40164199843393
chr13	81700000	90199999	170	25.0691	100.229	-2.07152473965115
chr13	90200000	94299999	82	195.859	48.3459	1.94614311827569
chr13	94300000	115199999	418	98.9833	246.446	-1.3882213727585
chr14	0	38249999	765	350.38	431.478	-0.372573428643681
chr14	38250000	107349999	1382	334.794	779.481	-1.2914470381272
chr15	0	102549999	2051	1932.79	1872.58	-0.0265493129060348
chr16	0	46099999	922	535.76	550.215	-0.110615451721588
chr16	46100000	46699999	12	53.8104	7.16116	2.83741297076055
chr16	46700000	90399999	874	544.796	521.571	-0.00935439916409227
chr17	0	21999999	440	114.091	252.785	-1.21993272171135
chr17	22000000	81199999	1184	778.751	680.221	0.122951710775326
chr18	0	39799999	796	624.342	467.778	0.344305654358363
chr18	39800000	78099999	766	177.023	450.148	-1.41866944644725
chr19	0	27449999	549	241.081	255.724	-0.157276465213355
chr19	27450000	27999999	11	75.0037	5.1238	3.79946884441823
chr19	28000000	59149999	623	284.225	290.193	-0.102186115722668
chr20	0	25649999	513	107.612	276.646	-1.43440895346844
chr20	25650000	63049999	748	418.397	403.374	-0.0194524428208629
chr21	0	48149999	963	738.863	576.957	0.284636230404998
chr22	0	18999999	380	273.006	246.028	0.0779032891097926
chr22	19000000	23849999	97	339.884	62.802	2.36395318561402
chr22	23850000	51349999	550	190.881	356.094	-0.971791474707135
chrX	0	155299999	3106	1608.94	2789.4	-0.866051158818664
