start	end	obs	exp	var
0	49999	0.5433969081727273	0.5392701529727273	0.004126755200000054
50000	99999	0.5181874188012987	0.5392701529727273	-0.021082734171428585
100000	149999	0.5049015749227274	0.5392701529727273	-0.03436857804999993
150000	199999	0.473306075239394	0.5392701529727273	-0.06596407773333329
200000	249999	0.4850600614027273	0.5392701529727273	-0.05421009157000001
250000	299999	0.4838731867545455	0.5392701529727273	-0.0553969662181818
300000	349999	0.4672533964454546	0.5392701529727273	-0.07201675652727269
350000	399999	0.4132860608636364	0.5392701529727273	-0.1259840921090909
400000	449999	0.39583525618181814	0.5392701529727273	-0.14343489679090915
450000	499999	0.3982467147636364	0.5392701529727273	-0.1410234382090909
500000	549999	0.3913371151545455	0.5392701529727273	-0.1479330378181818
550000	599999	0.39829908724545454	0.5392701529727273	-0.14097106572727275
600000	649999	0.3933801021272727	0.5392701529727273	-0.1458900508454546
650000	699999	0.38011656785454545	0.5392701529727273	-0.15915358511818184
700000	749999	0.38988665940909095	0.5392701529727273	-0.14938349356363634
750000	799999	0.37676253719999997	0.5392701529727273	-0.16250761577272732
800000	849999	0.3749371497	0.5392701529727273	-0.16433300327272726
850000	899999	0.39564577629090913	0.5392701529727273	-0.14362437668181816
900000	949999	0.4119176971818182	0.5392701529727273	-0.1273524557909091
950000	999999	0.4408207249545455	0.5392701529727273	-0.0984494280181818
1000000	1049999	0.43884361980000003	0.5392701529727273	-0.10042653317272726
1050000	1099999	0.43901424012727275	0.5392701529727273	-0.10025591284545454
1100000	1149999	0.44154284831818186	0.5392701529727273	-0.09772730465454543
1150000	1199999	0.4641073021909091	0.5392701529727273	-0.07516285078181817
1200000	1249999	0.47832570738181823	0.5392701529727273	-0.06094444559090906
1250000	1299999	0.4823956182727273	0.5392701529727273	-0.05687453469999998
1300000	1349999	0.4191892232090909	0.5392701529727273	-0.12008092976363638
1350000	1399999	0.3990978111727273	0.5392701529727273	-0.1401723418
1400000	1449999	0.37791654820909093	0.5392701529727273	-0.16135360476363636
1450000	1499999	0.36681282703636364	0.5392701529727273	-0.17245732593636365
1500000	1549999	0.3271387123545455	0.5392701529727273	-0.2121314406181818
1550000	1599999	0.3134658538181818	0.5392701529727273	-0.22580429915454547
1600000	1649999	0.2898566326909091	0.5392701529727273	-0.24941352028181818
1650000	1699999	0.27130984473636366	0.5392701529727273	-0.26796030823636363
1700000	1749999	0.2518998822636363	0.5392701529727273	-0.287370270709091
1750000	1799999	0.2386741236454546	0.5392701529727273	-0.3005960293272727
1800000	1849999	0.23993068617272728	0.5392701529727273	-0.2993394668
1850000	1899999	0.2908335181909091	0.5392701529727273	-0.2484366347818182
1900000	1949999	0.28643631992727275	0.5392701529727273	-0.25283383304545454
1950000	1999999	0.2825461903818182	0.5392701529727273	-0.25672396259090907
2000000	2049999	0.27792245423636364	0.5392701529727273	-0.26134769873636365
2050000	2099999	0.2824063699909091	0.5392701529727273	-0.25686378298181817
2100000	2149999	0.27829932369090915	0.5392701529727273	-0.26097082928181814
2150000	2199999	0.30288554406363644	0.5392701529727273	-0.23638460890909085
2200000	2249999	0.3230388729363637	0.5392701529727273	-0.2162312800363636
2250000	2299999	0.32145470117272734	0.5392701529727273	-0.21781545179999995
2300000	2349999	0.33444218830000005	0.5392701529727273	-0.20482796467272724
2350000	2399999	0.32866840375454554	0.5392701529727273	-0.21060174921818176
2400000	2449999	0.31739964341818183	0.5392701529727273	-0.22187050955454546
2450000	2499999	0.3198347492636364	0.5392701529727273	-0.21943540370909087
2500000	2549999	0.3239569974636364	0.5392701529727273	-0.21531315550909091
2550000	2599999	0.3059580415909091	0.5392701529727273	-0.23331211138181818
2600000	2649999	0.3291340370181819	0.5392701529727273	-0.2101361159545454
2650000	2699999	0.3594504057272727	0.5392701529727273	-0.17981974724545458
2700000	2749999	0.36184474956363644	0.5392701529727273	-0.17742540340909085
2750000	2799999	0.35405577461818183	0.5392701529727273	-0.18521437835454546
2800000	2849999	0.34787400534545454	0.5392701529727273	-0.19139614762727275
2850000	2899999	0.3378696798090909	0.5392701529727273	-0.2014004731636364
2900000	2949999	0.3417563482909091	0.5392701529727273	-0.19751380468181817
2950000	2999999	0.3509444120090909	0.5392701529727273	-0.1883257409636364
3000000	3049999	0.36415994587272726	0.5392701529727273	-0.17511020710000003
3050000	3099999	0.3725433808363636	0.5392701529727273	-0.16672677213636367
3100000	3149999	0.4070683417	0.5392701529727273	-0.1322018112727273
3150000	3199999	0.39063875116363633	0.5392701529727273	-0.14863140180909096
3200000	3249999	0.3870335233090909	0.5392701529727273	-0.15223662966363638
3250000	3299999	0.3914203262545455	0.5392701529727273	-0.1478498267181818
3300000	3349999	0.4071365442727273	0.5392701529727273	-0.13213360870000002
3350000	3399999	0.4110349653909091	0.5392701529727273	-0.12823518758181818
3400000	3449999	0.4120282309636364	0.5392701529727273	-0.1272419220090909
3450000	3499999	0.40367764681818186	0.5392701529727273	-0.13559250615454543
3500000	3549999	0.4035911790727273	0.5392701529727273	-0.1356789739
3550000	3599999	0.40089265042727273	0.5392701529727273	-0.13837750254545456
3600000	3649999	0.3974078187090909	0.5392701529727273	-0.14186233426363637
3650000	3699999	0.3955217094636364	0.5392701529727273	-0.14374844350909088
3700000	3749999	0.4079784824	0.5392701529727273	-0.13129167057272728
3750000	3799999	0.39829593415454545	0.5392701529727273	-0.14097421881818184
3800000	3849999	0.3952561452272727	0.5392701529727273	-0.1440140077454546
3850000	3899999	0.3768164436454545	0.5392701529727273	-0.16245370932727277
3900000	3949999	0.38626460016363634	0.5392701529727273	-0.15300555280909095
3950000	3999999	0.3869036856	0.5392701529727273	-0.1523664673727273
4000000	4049999	0.39127623404545453	0.5392701529727273	-0.14799391892727276
4050000	4099999	0.39431264405454547	0.5392701529727273	-0.14495750891818182
4100000	4149999	0.3943156410727273	0.5392701529727273	-0.14495451189999997
4150000	4199999	0.38240324299999995	0.5392701529727273	-0.15686690997272734
4200000	4249999	0.35628152180000006	0.5392701529727273	-0.18298863117272723
4250000	4299999	0.3674114599636364	0.5392701529727273	-0.1718586930090909
4300000	4349999	0.3657427043818182	0.5392701529727273	-0.17352744859090907
4350000	4399999	0.36433730844545453	0.5392701529727273	-0.17493284452727276
4400000	4449999	0.37512191890909097	0.5392701529727273	-0.16414823406363632
4450000	4499999	0.3622990256272728	0.5392701529727273	-0.1769711273454545
4500000	4549999	0.3570769941363636	0.5392701529727273	-0.18219315883636367
4550000	4599999	0.34680605086363636	0.5392701529727273	-0.19246410210909093
4600000	4649999	0.34768682985454546	0.5392701529727273	-0.19158332311818183
4650000	4699999	0.35263120869090914	0.5392701529727273	-0.18663894428181815
4700000	4749999	0.35957385032727274	0.5392701529727273	-0.17969630264545455
4750000	4799999	0.37659945744545453	0.5392701529727273	-0.16267069552727276
4800000	4849999	0.35842190815454544	0.5392701529727273	-0.18084824481818185
4850000	4899999	0.3578721872545455	0.5392701529727273	-0.1813979657181818
4900000	4949999	0.3453321263	0.5392701529727273	-0.1939380266727273
4950000	4999999	0.33992680832727273	0.5392701529727273	-0.19934334464545456
5000000	5049999	0.32792830190909095	0.5392701529727273	-0.21134185106363634
5050000	5099999	0.3278292916636364	0.5392701529727273	-0.2114408613090909
5100000	5149999	0.32707549929090907	0.5392701529727273	-0.21219465368181822
5150000	5199999	0.32251063605454544	0.5392701529727273	-0.21675951691818185
5200000	5249999	0.30241859027272733	0.5392701529727273	-0.23685156269999996
5250000	5299999	0.3195476871545455	0.5392701529727273	-0.21972246581818178
5300000	5349999	0.3288362285909091	0.5392701529727273	-0.21043392438181818
5350000	5399999	0.3235839458909091	0.5392701529727273	-0.21568620708181818
5400000	5449999	0.3328520316636364	0.5392701529727273	-0.20641812130909087
5450000	5499999	0.3534733447363636	0.5392701529727273	-0.1857968082363637
5500000	5549999	0.36894619104545456	0.5392701529727273	-0.17032396192727273
5550000	5599999	0.40214871588181816	0.5392701529727273	-0.13712143709090913
5600000	5649999	0.40480132114545453	0.5392701529727273	-0.13446883182727276
5650000	5699999	0.4320240086090909	0.5392701529727273	-0.10724614436363639
5700000	5749999	0.4535137274727273	0.5392701529727273	-0.08575642550000001
5750000	5799999	0.4680010260363636	0.5392701529727273	-0.07126912693636367
5800000	5849999	0.4449231126272727	0.5392701529727273	-0.0943470403454546
5850000	5899999	0.4129219236090909	0.5392701529727273	-0.12634822936363638
5900000	5949999	0.38837976805454544	0.5392701529727273	-0.15089038491818185
5950000	5999999	0.3593656302545455	0.5392701529727273	-0.1799045227181818
6000000	6049999	0.32486157970000007	0.5392701529727273	-0.21440857327272722
6050000	6099999	0.2949680448909091	0.5392701529727273	-0.24430210808181818
6100000	6149999	0.2682298517	0.5392701529727273	-0.27104030127272727
6150000	6199999	0.26014374390909095	0.5392701529727273	-0.27912640906363634
6200000	6249999	0.22532509113636368	0.5392701529727273	-0.3139450618363636
6250000	6299999	0.21291396016363634	0.5392701529727273	-0.32635619280909095
6300000	6349999	0.19416778000000007	0.5392701529727273	-0.3451023729727272
6350000	6399999	0.1756187000545455	0.5392701529727273	-0.3636514529181818
6400000	6449999	0.1664183718454546	0.5392701529727273	-0.3728517811272727
6450000	6499999	0.15898046320000003	0.5392701529727273	-0.38028968977272726
6500000	6549999	0.1542024349636364	0.5392701529727273	-0.3850677180090909
6550000	6599999	0.1537049309727273	0.5392701529727273	-0.385565222
6600000	6649999	0.1400691454636364	0.5392701529727273	-0.3992010075090909
6650000	6699999	0.1370457042181819	0.5392701529727273	-0.4022244487545454
6700000	6749999	0.13639491124545455	0.5392701529727273	-0.40287524172727274
6750000	6799999	0.14972960611818192	0.5392701529727273	-0.38954054685454537
6800000	6849999	0.13195385914545454	0.5392701529727273	-0.40731629382727275
6850000	6899999	0.12350400912727266	0.5392701529727273	-0.4157661438454546
6900000	6949999	0.12852750297272725	0.5392701529727273	-0.41074265000000004
6950000	6999999	0.13871409721818184	0.5392701529727273	-0.40055605575454545
7000000	7049999	0.14653750841818175	0.5392701529727273	-0.39273264455454554
7050000	7099999	0.15036775430909088	0.5392701529727273	-0.3889023986636364
7100000	7149999	0.1497683291909091	0.5392701529727273	-0.3895018237818182
7150000	7199999	0.17752959163636367	0.5392701529727273	-0.3617405613363636
7200000	7249999	0.17918439246363632	0.5392701529727273	-0.36008576050909097
7250000	7299999	0.18358732993636362	0.5392701529727273	-0.35568282303636367
7300000	7349999	0.18270900197272721	0.5392701529727273	-0.3565611510000001
7350000	7399999	0.17645140155454547	0.5392701529727273	-0.3628187514181818
7400000	7449999	0.1887692972181818	0.5392701529727273	-0.3505008557545455
7450000	7499999	0.2021353675272728	0.5392701529727273	-0.3371347854454545
7500000	7549999	0.19869832609090904	0.5392701529727273	-0.34057182688181825
7550000	7599999	0.1939917025636364	0.5392701529727273	-0.3452784504090909
7600000	7649999	0.20227371652727272	0.5392701529727273	-0.3369964364454546
7650000	7699999	0.20366190135454548	0.5392701529727273	-0.3356082516181818
7700000	7749999	0.21575249747272734	0.5392701529727273	-0.32351765549999995
7750000	7799999	0.24048618022727275	0.5392701529727273	-0.29878397274545454
7800000	7849999	0.25069663382727275	0.5392701529727273	-0.28857351914545454
7850000	7899999	0.24151065228181823	0.5392701529727273	-0.29775950069090906
7900000	7949999	0.25577890680000004	0.5392701529727273	-0.28349124617272725
7950000	7999999	0.2589463126181819	0.5392701529727273	-0.2803238403545454
8000000	8049999	0.2540669021818182	0.5392701529727273	-0.2852032507909091
8050000	8099999	0.25648011130909093	0.5392701529727273	-0.28279004166363636
8100000	8149999	0.26784061320909097	0.5392701529727273	-0.2714295397636363
8150000	8199999	0.2453730504090909	0.5392701529727273	-0.2938971025636364
8200000	8249999	0.24456147192727273	0.5392701529727273	-0.29470868104545456
8250000	8299999	0.2078629582	0.5392701529727273	-0.3314071947727273
8300000	8349999	0.1647564185363637	0.5392701529727273	-0.3745137344363636
8350000	8399999	0.14519541490000004	0.5392701529727273	-0.39407473807272725
8400000	8449999	0.1380170676727273	0.5392701529727273	-0.4012530853
8450000	8499999	0.14421415836363638	0.5392701529727273	-0.3950559946090909
8500000	8549999	0.14150087919090915	0.5392701529727273	-0.39776927378181814
8550000	8599999	0.13791327164545458	0.5392701529727273	-0.4013568813272727
8600000	8649999	0.1518696465090909	0.5392701529727273	-0.3874005064636364
8650000	8699999	0.1498156333818182	0.5392701529727273	-0.3894545195909091
8700000	8749999	0.17217009172727277	0.5392701529727273	-0.3671000612454545
8750000	8799999	0.17060570224545452	0.5392701529727273	-0.3686644507272728
8800000	8849999	0.19752417320909094	0.5392701529727273	-0.34174597976363635
8850000	8899999	0.22886744575454548	0.5392701529727273	-0.3104027072181818
8900000	8949999	0.24111034785454544	0.5392701529727273	-0.29815980511818185
8950000	8999999	0.26384188700000005	0.5392701529727273	-0.27542826597272724
9000000	9049999	0.259264168	0.5392701529727273	-0.2800059849727273
9050000	9099999	0.2680092845727273	0.5392701529727273	-0.27126086839999997
9100000	9149999	0.26652398305454544	0.5392701529727273	-0.27274616991818185
9150000	9199999	0.2501126139818182	0.5392701529727273	-0.28915753899090907
9200000	9249999	0.24083051586363635	0.5392701529727273	-0.29843963710909094
9250000	9299999	0.2355159905	0.5392701529727273	-0.3037541624727273
9300000	9349999	0.23412728624545454	0.5392701529727273	-0.30514286672727275
9350000	9399999	0.20707661814545453	0.5392701529727273	-0.33219353482727276
9400000	9449999	0.18111419192727274	0.5392701529727273	-0.35815596104545455
9450000	9499999	0.1664894421090909	0.5392701529727273	-0.3727807108636364
9500000	9549999	0.14556362569999992	0.5392701529727273	-0.39370652727272737
9550000	9599999	0.11943805137272734	0.5392701529727273	-0.41983210159999995
9600000	9649999	0.1158349640909091	0.5392701529727273	-0.4234351888818182
9650000	9699999	0.1584677636909091	0.5392701529727273	-0.3808023892818182
9700000	9749999	0.17465386978181818	0.5392701529727273	-0.3646162831909091
9750000	9799999	0.1877032714454545	0.5392701529727273	-0.3515668815272728
9800000	9849999	0.18276154583636367	0.5392701529727273	-0.3565086071363636
9850000	9899999	0.1700823847545454	0.5392701529727273	-0.3691877682181819
9900000	9949999	0.16910010096363637	0.5392701529727273	-0.3701700520090909
9950000	9999999	0.18484880081818184	0.5392701529727273	-0.35442135215454545
10000000	10049999	0.1868346504727273	0.5392701529727273	-0.3524355025
10050000	10099999	0.2037057151363636	0.5392701529727273	-0.3355644378363637
10100000	10149999	0.23413100696363642	0.5392701529727273	-0.30513914600909087
10150000	10199999	0.26201591350909087	0.5392701529727273	-0.2772542394636364
10200000	10249999	0.2443753422090909	0.5392701529727273	-0.2948948107636364
10250000	10299999	0.2457474646272727	0.5392701529727273	-0.2935226883454546
10300000	10349999	0.26329911022727276	0.5392701529727273	-0.27597104274545453
10350000	10399999	0.2748996977545454	0.5392701529727273	-0.26437045521818187
10400000	10449999	0.2842976030727273	0.5392701529727273	-0.2549725499
10450000	10499999	0.2925822221272727	0.5392701529727273	-0.2466879308454546
10500000	10549999	0.2849103692636364	0.5392701529727273	-0.2543597837090909
10550000	10599999	0.2790869499454545	0.5392701529727273	-0.26018320302727277
10600000	10649999	0.26712953081818186	0.5392701529727273	-0.27214062215454543
10650000	10699999	0.24023529273636363	0.5392701529727273	-0.29903486023636366
10700000	10749999	0.19844333590000002	0.5392701529727273	-0.3408268170727273
10750000	10799999	0.17760102444545456	0.5392701529727273	-0.36166912852727273
10800000	10849999	0.1640724754818182	0.5392701529727273	-0.3751976774909091
10850000	10899999	0.1263420720545455	0.5392701529727273	-0.4129280809181818
10900000	10949999	0.12349057502727273	0.5392701529727273	-0.41577957794545456
10950000	10999999	0.1186589642	0.5392701529727273	-0.4206111887727273
11000000	11049999	0.11982722017272734	0.5392701529727273	-0.41944293279999995
11050000	11099999	0.11594276447272733	0.5392701529727273	-0.42332738849999996
11100000	11149999	0.1258608081272728	0.5392701529727273	-0.4134093448454545
11150000	11199999	0.1201514092272728	0.5392701529727273	-0.4191187437454545
11200000	11249999	0.12048228709090908	0.5392701529727273	-0.4187878658818182
11250000	11299999	0.12409608391818178	0.5392701529727273	-0.4151740690545455
11300000	11349999	0.10694116521818187	0.5392701529727273	-0.4323289877545454
11350000	11399999	0.09443244440909099	0.5392701529727273	-0.4448377085636363
11400000	11449999	0.10325490275454552	0.5392701529727273	-0.43601525021818177
11450000	11499999	0.09450296610909098	0.5392701529727273	-0.4447671868636363
11500000	11549999	0.09632487990909083	0.5392701529727273	-0.44294527306363646
11550000	11599999	0.0884725546727273	0.5392701529727273	-0.4507975983
11600000	11649999	0.09767756276363632	0.5392701529727273	-0.441592590209091
11650000	11699999	0.08799518431818182	0.5392701529727273	-0.45127496865454547
11700000	11749999	0.08133867198181816	0.5392701529727273	-0.45793148099090913
11750000	11799999	0.0750925307	0.5392701529727273	-0.4641776222727273
11800000	11849999	0.07458009703636365	0.5392701529727273	-0.46469005593636364
11850000	11899999	0.07571762739999999	0.5392701529727273	-0.4635525255727273
11900000	11949999	0.07615209617272728	0.5392701529727273	-0.4631180568
11950000	11999999	0.07194983151818185	0.5392701529727273	-0.46732032145454544
12000000	12049999	0.07297317817272725	0.5392701529727273	-0.46629697480000004
12050000	12099999	0.06886362510909089	0.5392701529727273	-0.4704065278636364
12100000	12149999	0.06129537459090911	0.5392701529727273	-0.4779747783818182
12150000	12199999	0.04345331669090913	0.5392701529727273	-0.49581683628181816
12200000	12249999	0.048168784518181906	0.5392701529727273	-0.4911013684545454
12250000	12299999	0.060046772154545514	0.5392701529727273	-0.4792233808181818
12300000	12349999	0.057928092081818316	0.5392701529727273	-0.481342060890909
12350000	12399999	0.045383133272727305	0.5392701529727273	-0.4938870197
12400000	12449999	0.049835624218181884	0.5392701529727273	-0.4894345287545454
12450000	12499999	0.03866911714545451	0.5392701529727273	-0.5006010358272728
12500000	12549999	0.028800928372727297	0.5392701529727273	-0.5104692246
12550000	12599999	0.025151479572727342	0.5392701529727273	-0.5141186734
12600000	12649999	0.029897897036363807	0.5392701529727273	-0.5093722559363635
12650000	12699999	0.03419893669999996	0.5392701529727273	-0.5050712162727273
12700000	12749999	0.0451261359727273	0.5392701529727273	-0.494144017
12750000	12799999	0.04812408003636365	0.5392701529727273	-0.49114607293636364
12800000	12849999	0.048501386490909126	0.5392701529727273	-0.49076876648181816
12850000	12899999	0.062197002327272766	0.5392701529727273	-0.4770731506454545
12900000	12949999	0.08246262604545457	0.5392701529727273	-0.4568075269272727
12950000	12999999	0.07126036865454549	0.5392701529727273	-0.4680097843181818
13000000	13049999	0.10087374747272732	0.5392701529727273	-0.4383964055
13050000	13099999	0.1213246418363636	0.5392701529727273	-0.4179455111363637
13100000	13149999	0.13885608530909088	0.5392701529727273	-0.4004140676636364
13150000	13199999	0.18098340722727274	0.5392701529727273	-0.35828674574545455
13200000	13249999	0.22868852160000003	0.5392701529727273	-0.31058163137272726
13250000	13299999	0.26942999290909087	0.5392701529727273	-0.2698401600636364
13300000	13349999	0.31339707250000004	0.5392701529727273	-0.22587308047272725
13350000	13399999	0.33578633477272724	0.5392701529727273	-0.20348381820000006
13400000	13449999	0.35335668242727275	0.5392701529727273	-0.18591347054545454
13450000	13499999	0.38000017010909093	0.5392701529727273	-0.15926998286363636
13500000	13549999	0.43232531117272727	0.5392701529727273	-0.10694484180000002
13550000	13599999	0.4219481640545455	0.5392701529727273	-0.1173219889181818
13600000	13649999	0.4267077521454546	0.5392701529727273	-0.1125624008272727
13650000	13699999	0.4078682047818182	0.5392701529727273	-0.1314019481909091
13700000	13749999	0.37074507963636366	0.5392701529727273	-0.16852507333636363
13750000	13799999	0.33713000263636367	0.5392701529727273	-0.20214015033636362
13800000	13849999	0.3101993748727273	0.5392701529727273	-0.22907077809999998
13850000	13899999	0.26800814761818187	0.5392701529727273	-0.2712620053545454
13900000	13949999	0.24281722417272728	0.5392701529727273	-0.2964529288
13950000	13999999	0.22471548877272723	0.5392701529727273	-0.31455466420000006
14000000	14049999	0.18589603744545463	0.5392701529727273	-0.35337411552727266
14050000	14099999	0.1575710738090909	0.5392701529727273	-0.3816990791636364
14100000	14149999	0.16513535544545455	0.5392701529727273	-0.37413479752727274
14150000	14199999	0.1545220999181819	0.5392701529727273	-0.3847480530545454
14200000	14249999	0.15587623393636363	0.5392701529727273	-0.38339391903636366
14250000	14299999	0.16048018651818186	0.5392701529727273	-0.37878996645454543
14300000	14349999	0.15915093486363635	0.5392701529727273	-0.38011921810909094
14350000	14399999	0.14851242536363646	0.5392701529727273	-0.39075772760909083
14400000	14449999	0.14485358372727275	0.5392701529727273	-0.39441656924545454
14450000	14499999	0.14829458548181823	0.5392701529727273	-0.39097556749090906
14500000	14549999	0.13963935587272724	0.5392701529727273	-0.39963079710000005
14550000	14599999	0.1368760558090909	0.5392701529727273	-0.4023940971636364
14600000	14649999	0.11990404794545462	0.5392701529727273	-0.4193661050272727
14650000	14699999	0.10200787238181824	0.5392701529727273	-0.43726228059090905
14700000	14749999	0.08591389085454554	0.5392701529727273	-0.45335626211818175
14750000	14799999	0.07497802683636368	0.5392701529727273	-0.4642921261363636
14800000	14849999	0.06678280563636374	0.5392701529727273	-0.47248734733636355
14850000	14899999	0.04409585429090912	0.5392701529727273	-0.49517429868181817
14900000	14949999	0.024907307127272738	0.5392701529727273	-0.5143628458454546
14950000	14999999	0.02366580261818174	0.5392701529727273	-0.5156043503545455
15000000	15049999	0.01902083317272729	0.5392701529727273	-0.5202493198
15050000	15099999	0.02193812835454556	0.5392701529727273	-0.5173320246181817
15100000	15149999	0.025271429545454582	0.5392701529727273	-0.5139987234272727
15150000	15199999	0.020915938854545568	0.5392701529727273	-0.5183542141181817
15200000	15249999	0.017338808154545693	0.5392701529727273	-0.5219313448181816
15250000	15299999	0.024917177027272808	0.5392701529727273	-0.5143529759454545
15300000	15349999	0.022819096054545462	0.5392701529727273	-0.5164510569181818
15350000	15399999	0.013697937363636448	0.5392701529727273	-0.5255722156090908
15400000	15449999	0.01903514296363651	0.5392701529727273	-0.5202350100090908
15450000	15499999	0.02736618702727278	0.5392701529727273	-0.5119039659454545
15500000	15549999	0.022893050354545363	0.5392701529727273	-0.5163771026181819
15550000	15599999	0.022405189836363637	0.5392701529727273	-0.5168649631363637
15600000	15649999	0.021715825445454695	0.5392701529727273	-0.5175543275272726
15650000	15699999	0.021709802599999994	0.5392701529727273	-0.5175603503727273
15700000	15749999	0.019829445545454516	0.5392701529727273	-0.5194407074272728
15750000	15799999	0.022821697318181844	0.5392701529727273	-0.5164484556545454
15800000	15849999	0.02844887494545456	0.5392701529727273	-0.5108212780272727
15850000	15899999	0.046270118990909104	0.5392701529727273	-0.4930000339818182
15900000	15949999	0.0586084583	0.5392701529727273	-0.4806616946727273
15950000	15999999	0.05955108569090911	0.5392701529727273	-0.4797190672818182
16000000	16049999	0.06968199070909092	0.5392701529727273	-0.46958816226363637
16050000	16099999	0.08134134019090905	0.5392701529727273	-0.45792881278181824
16100000	16149999	0.0943354844	0.5392701529727273	-0.4449346685727273
16150000	16199999	0.12689918425454544	0.5392701529727273	-0.41237096871818185
16200000	16249999	0.15329785835454546	0.5392701529727273	-0.38597229461818183
16250000	16299999	0.17017844811818184	0.5392701529727273	-0.36909170485454545
16300000	16349999	0.18026635131818186	0.5392701529727273	-0.35900380165454543
16350000	16399999	0.1818689738909091	0.5392701529727273	-0.3574011790818182
16400000	16449999	0.18104058198181816	0.5392701529727273	-0.35822957099090913
16450000	16499999	0.20355728568181813	0.5392701529727273	-0.33571286729090916
16500000	16549999	0.21911291509090908	0.5392701529727273	-0.3201572378818182
16550000	16599999	0.21988374676363637	0.5392701529727273	-0.3193864062090909
16600000	16649999	0.20286693089999996	0.5392701529727273	-0.3364032220727273
16650000	16699999	0.18219332651818176	0.5392701529727273	-0.3570768264545455
16700000	16749999	0.14532959603636364	0.5392701529727273	-0.39394055693636365
16750000	16799999	0.11260754109999993	0.5392701529727273	-0.42666261187272736
16800000	16849999	0.10555152266363632	0.5392701529727273	-0.43371863030909097
16850000	16899999	0.09227885478181813	0.5392701529727273	-0.44699129819090916
16900000	16949999	0.09109414192727278	0.5392701529727273	-0.4481760110454545
16950000	16999999	0.08442029059090911	0.5392701529727273	-0.4548498623818182
17000000	17049999	0.06094282972727272	0.5392701529727273	-0.47832732324545457
17050000	17099999	0.051845393709090914	0.5392701529727273	-0.4874247592636364
17100000	17149999	0.04925840908181822	0.5392701529727273	-0.49001174389090907
17150000	17199999	0.06027814043636365	0.5392701529727273	-0.47899201253636364
17200000	17249999	0.07205669447272728	0.5392701529727273	-0.4672134585
17250000	17299999	0.09823871859999994	0.5392701529727273	-0.44103143437272735
17300000	17349999	0.11905475684545452	0.5392701529727273	-0.42021539612727277
17350000	17399999	0.1295036332818182	0.5392701529727273	-0.4097665196909091
17400000	17449999	0.1473100707090909	0.5392701529727273	-0.3919600822636364
17450000	17499999	0.15309705939090912	0.5392701529727273	-0.38617309358181817
17500000	17549999	0.15769469433636374	0.5392701529727273	-0.38157545863636355
17550000	17599999	0.16778217409090906	0.5392701529727273	-0.3714879788818182
17600000	17649999	0.18553001195454544	0.5392701529727273	-0.35374014101818185
17650000	17699999	0.21032761300000002	0.5392701529727273	-0.32894253997272727
17700000	17749999	0.21935940602727272	0.5392701529727273	-0.31991074694545457
17750000	17799999	0.22569076077272732	0.5392701529727273	-0.3135793922
17800000	17849999	0.22087618432727274	0.5392701529727273	-0.31839396864545455
17850000	17899999	0.23369313462727276	0.5392701529727273	-0.30557701834545453
17900000	17949999	0.23014760795454547	0.5392701529727273	-0.3091225450181818
17950000	17999999	0.2347805153909091	0.5392701529727273	-0.3044896375818182
18000000	18049999	0.2531752569272728	0.5392701529727273	-0.2860948960454545
18050000	18099999	0.27556671031818186	0.5392701529727273	-0.26370344265454543
18100000	18149999	0.2741111327272727	0.5392701529727273	-0.26515902024545457
18150000	18199999	0.27703190395454547	0.5392701529727273	-0.2622382490181818
18200000	18249999	0.2677512587454546	0.5392701529727273	-0.2715188942272727
18250000	18299999	0.26728840217272726	0.5392701529727273	-0.27198175080000003
18300000	18349999	0.2756252294454546	0.5392701529727273	-0.2636449235272727
18350000	18399999	0.2774998531363637	0.5392701529727273	-0.2617702998363636
18400000	18449999	0.2686938905272728	0.5392701529727273	-0.27057626244545446
18450000	18499999	0.26274780312727275	0.5392701529727273	-0.27652234984545454
18500000	18549999	0.25912859080000006	0.5392701529727273	-0.28014156217272723
18550000	18599999	0.23839889640909095	0.5392701529727273	-0.30087125656363634
18600000	18649999	0.22206640465454547	0.5392701529727273	-0.3172037483181818
18650000	18699999	0.2121634130454546	0.5392701529727273	-0.3271067399272727
18700000	18749999	0.1807605402545454	0.5392701529727273	-0.3585096127181819
18750000	18799999	0.15015626838181811	0.5392701529727273	-0.3891138845909092
18800000	18849999	0.12284577342727271	0.5392701529727273	-0.4164243795454546
18850000	18899999	0.10327258326363636	0.5392701529727273	-0.4359975697090909
18900000	18949999	0.09365502582727281	0.5392701529727273	-0.4456151271454545
18950000	18999999	0.08083121182727282	0.5392701529727273	-0.45843894114545447
19000000	19049999	0.07631822590909093	0.5392701529727273	-0.46295192706363636
19050000	19099999	0.061931280709090875	0.5392701529727273	-0.4773388722636364
19100000	19149999	0.07182596407272723	0.5392701529727273	-0.46744418890000006
19150000	19199999	0.05878319165454543	0.5392701529727273	-0.48048696131818186
19200000	19249999	0.06737668655454548	0.5392701529727273	-0.4718934664181818
19250000	19299999	0.07677493411818176	0.5392701529727273	-0.46249521885454553
19300000	19349999	0.0958895968727273	0.5392701529727273	-0.4433805561
19350000	19399999	0.11427291236363646	0.5392701529727273	-0.42499724060909083
19400000	19449999	0.10725398121818186	0.5392701529727273	-0.43201617175454543
19450000	19499999	0.09226409152727272	0.5392701529727273	-0.44700606144545457
19500000	19549999	0.09199679909090913	0.5392701529727273	-0.44727335388181816
19550000	19599999	0.09948276159090919	0.5392701529727273	-0.4397873913818181
19600000	19649999	0.10048681024545464	0.5392701529727273	-0.43878334272727265
19650000	19699999	0.08623480348181828	0.5392701529727273	-0.453035349490909
19700000	19749999	0.09507546042727277	0.5392701529727273	-0.4441946925454545
19750000	19799999	0.10423929937272741	0.5392701529727273	-0.4350308535999999
19800000	19849999	0.11641826320909099	0.5392701529727273	-0.4228518897636363
19850000	19899999	0.1121064524181819	0.5392701529727273	-0.4271637005545454
19900000	19949999	0.10787738727272739	0.5392701529727273	-0.4313927656999999
19950000	19999999	0.11370840200909099	0.5392701529727273	-0.4255617509636363
20000000	20049999	0.11937560022727284	0.5392701529727273	-0.41989455274545445
20050000	20099999	0.1052339869545455	0.5392701529727273	-0.4340361660181818
20100000	20149999	0.1051721980181819	0.5392701529727273	-0.4340979549545454
20150000	20199999	0.11413574565454554	0.5392701529727273	-0.42513440731818175
20200000	20249999	0.13519966229090913	0.5392701529727273	-0.40407049068181816
20250000	20299999	0.1451376750545455	0.5392701529727273	-0.3941324779181818
20300000	20349999	0.15692400806363632	0.5392701529727273	-0.38234614490909097
20350000	20399999	0.16113010514545456	0.5392701529727273	-0.37814004782727273
20400000	20449999	0.17136361337272726	0.5392701529727273	-0.3679065396
20450000	20499999	0.18133586971818183	0.5392701529727273	-0.35793428325454546
20500000	20549999	0.17751103160909093	0.5392701529727273	-0.36175912136363636
20550000	20599999	0.18897562954545455	0.5392701529727273	-0.35029452342727274
20600000	20649999	0.2033729934636364	0.5392701529727273	-0.3358971595090909
20650000	20699999	0.21225193102727274	0.5392701529727273	-0.32701822194545455
20700000	20749999	0.22119487778181818	0.5392701529727273	-0.3180752751909091
20750000	20799999	0.20459682951818187	0.5392701529727273	-0.3346733234545454
20800000	20849999	0.1998089863272728	0.5392701529727273	-0.3394611666454545
20850000	20899999	0.18831832385454544	0.5392701529727273	-0.35095182911818185
20900000	20949999	0.1924713979454546	0.5392701529727273	-0.3467987550272727
20950000	20999999	0.17593140301818183	0.5392701529727273	-0.36333874995454546
21000000	21049999	0.1753084256909091	0.5392701529727273	-0.3639617272818182
21050000	21099999	0.2463652097727273	0.5392701529727273	-0.2929049432
21100000	21149999	0.2553317554545455	0.5392701529727273	-0.2839383975181818
21150000	21199999	0.2621532546454546	0.5392701529727273	-0.2771168983272727
21200000	21249999	0.2427096799909091	0.5392701529727273	-0.2965604729818182
21250000	21299999	0.2280711195818182	0.5392701529727273	-0.3111990333909091
21300000	21349999	0.23209034698181813	0.5392701529727273	-0.30717980599090916
21350000	21399999	0.22811684847272728	0.5392701529727273	-0.3111533045
21400000	21449999	0.20571845806363637	0.5392701529727273	-0.3335516949090909
21450000	21499999	0.19044647909090906	0.5392701529727273	-0.34882367388181823
21500000	21549999	0.18330465386363637	0.5392701529727273	-0.3559654991090909
21550000	21599999	0.16671738480909098	0.5392701529727273	-0.3725527681636363
21600000	21649999	0.08558846765454547	0.5392701529727273	-0.4536816853181818
21650000	21699999	0.07134741117272742	0.5392701529727273	-0.4679227417999999
21700000	21749999	0.0566811864636364	0.5392701529727273	-0.4825889665090909
21750000	21799999	0.05441483244545453	0.5392701529727273	-0.48485532052727276
21800000	21849999	0.05324205512727276	0.5392701529727273	-0.48602809784545453
21850000	21899999	0.04914407407272725	0.5392701529727273	-0.49012607890000004
21900000	21949999	0.06282461864545452	0.5392701529727273	-0.47644553432727277
21950000	21999999	0.07352666365454547	0.5392701529727273	-0.4657434893181818
22000000	22049999	0.07870598010909091	0.5392701529727273	-0.4605641728636364
22050000	22099999	0.12609729213636356	0.5392701529727273	-0.41317286083636373
22100000	22149999	0.18388051310909098	0.5392701529727273	-0.3553896398636363
22150000	22199999	0.23891523895454547	0.5392701529727273	-0.3003549140181818
22200000	22249999	0.24691511396363636	0.5392701529727273	-0.29235503900909093
22250000	22299999	0.2603272194272727	0.5392701529727273	-0.2789429335454546
22300000	22349999	0.27695196910909087	0.5392701529727273	-0.2623181838636364
22350000	22399999	0.2928872118454545	0.5392701529727273	-0.24638294112727277
22400000	22449999	0.30417365354545467	0.5392701529727273	-0.23509649942727262
22450000	22499999	0.29175588820000004	0.5392701529727273	-0.24751426477272725
22500000	22549999	0.3047320444363637	0.5392701529727273	-0.2345381085363636
22550000	22599999	0.31362640419090915	0.5392701529727273	-0.22564374878181814
22600000	22649999	0.2999539821181818	0.5392701529727273	-0.23931617085454548
22650000	22699999	0.28263486238181823	0.5392701529727273	-0.25663529059090906
22700000	22749999	0.2571659402909091	0.5392701529727273	-0.2821042126818182
22750000	22799999	0.2742239467454546	0.5392701529727273	-0.2650462062272727
22800000	22849999	0.2821201707090909	0.5392701529727273	-0.2571499822636364
22850000	22899999	0.29699645366363636	0.5392701529727273	-0.24227369930909093
22900000	22949999	0.31964718650909085	0.5392701529727273	-0.21962296646363644
22950000	22999999	0.31622450650909095	0.5392701529727273	-0.22304564646363634
23000000	23049999	0.32386822080909095	0.5392701529727273	-0.21540193216363634
23050000	23099999	0.33212136463636366	0.5392701529727273	-0.20714878833636363
23100000	23149999	0.34435173750000003	0.5392701529727273	-0.19491841547272726
23150000	23199999	0.31737917175454544	0.5392701529727273	-0.22189098121818185
23200000	23249999	0.2793905519090909	0.5392701529727273	-0.2598796010636364
23250000	23299999	0.26680952439090905	0.5392701529727273	-0.27246062858181824
23300000	23349999	0.24532241982727276	0.5392701529727273	-0.2939477331454545
23350000	23399999	0.23528409750000007	0.5392701529727273	-0.3039860554727272
23400000	23449999	0.2219343168636364	0.5392701529727273	-0.3173358361090909
23450000	23499999	0.1959359870363636	0.5392701529727273	-0.3433341659363637
23500000	23549999	0.1958535535909091	0.5392701529727273	-0.3434165993818182
23550000	23599999	0.1796291854	0.5392701529727273	-0.3596409675727273
23600000	23649999	0.15109413103636365	0.5392701529727273	-0.38817602193636364
23650000	23699999	0.12473574735454546	0.5392701529727273	-0.41453440561818183
23700000	23749999	0.12332223101818185	0.5392701529727273	-0.41594792195454544
23750000	23799999	0.1263207319636364	0.5392701529727273	-0.4129494210090909
23800000	23849999	0.12327096729090908	0.5392701529727273	-0.4159991856818182
23850000	23899999	0.12211366972727267	0.5392701529727273	-0.4171564832454546
23900000	23949999	0.11870113674545457	0.5392701529727273	-0.4205690162272727
23950000	23999999	0.11073847307272727	0.5392701529727273	-0.4285316799
24000000	24049999	0.10415754662727278	0.5392701529727273	-0.4351126063454545
24050000	24099999	0.09190307511818185	0.5392701529727273	-0.44736707785454544
24100000	24149999	0.08788925057272728	0.5392701529727273	-0.4513809024
24150000	24199999	0.0823980847909091	0.5392701529727273	-0.4568720681818182
24200000	24249999	0.06951930679090906	0.5392701529727273	-0.4697508461818182
24250000	24299999	0.06539941933636373	0.5392701529727273	-0.47387073363636356
24300000	24349999	0.056370022836363665	0.5392701529727273	-0.4829001301363636
24350000	24399999	0.049918752327272664	0.5392701529727273	-0.4893514006454546
24400000	24449999	0.03643799185454544	0.5392701529727273	-0.5028321611181819
24450000	24499999	0.026497936063636374	0.5392701529727273	-0.5127722169090909
24500000	24549999	0.018062484181818106	0.5392701529727273	-0.5212076687909092
24550000	24599999	0.006595658663636428	0.5392701529727273	-0.5326744943090909
24600000	24649999	0.0	0.5392701529727273	-0.5392701529727273
24650000	24699999	0.006006554354545446	0.5392701529727273	-0.5332635986181818
24700000	24749999	0.024171897145454535	0.5392701529727273	-0.5150982558272728
24750000	24799999	0.04126896993636364	0.5392701529727273	-0.49800118303636365
24800000	24849999	0.05091802072727275	0.5392701529727273	-0.48835213224545454
24850000	24899999	0.06585808308181818	0.5392701529727273	-0.4734120698909091
24900000	24949999	0.08431598528181822	0.5392701529727273	-0.4549541676909091
24950000	24999999	0.09976778115454549	0.5392701529727273	-0.4395023718181818
25000000	25049999	0.11563594534545457	0.5392701529727273	-0.4236342076272727
25050000	25099999	0.13225517783636365	0.5392701529727273	-0.40701497513636364
25100000	25149999	0.15201391516363644	0.5392701529727273	-0.38725623780909085
25150000	25199999	0.1639930960454546	0.5392701529727273	-0.3752770569272727
25200000	25249999	0.16124745743636365	0.5392701529727273	-0.37802269553636364
25250000	25299999	0.14688960629090914	0.5392701529727273	-0.39238054668181815
25300000	25349999	0.1389413617	0.5392701529727273	-0.4003287912727273
25350000	25399999	0.1513963847272728	0.5392701529727273	-0.3878737682454545
25400000	25449999	0.16637043293636367	0.5392701529727273	-0.3728997200363636
25450000	25499999	0.15443888080909096	0.5392701529727273	-0.38483127216363633
25500000	25549999	0.11790407661818181	0.5392701529727273	-0.4213660763545455
25550000	25599999	0.13613598330909088	0.5392701529727273	-0.4031341696636364
25600000	25649999	0.2122967679363637	0.5392701529727273	-0.3269733850363636
25650000	25699999	0.31133078492727273	0.5392701529727273	-0.22793936804545456
25700000	25749999	0.31434313779090917	0.5392701529727273	-0.22492701518181812
25750000	25799999	0.27282902652727276	0.5392701529727273	-0.26644112644545453
25800000	25849999	0.2790200144545455	0.5392701529727273	-0.2602501385181818
25850000	25899999	0.3509465049909091	0.5392701529727273	-0.18832364798181817
25900000	25949999	0.36413313739090913	0.5392701529727273	-0.17513701558181816
25950000	25999999	0.45766670687272726	0.5392701529727273	-0.08160344610000003
26000000	26049999	0.5058429434727273	0.5392701529727273	-0.0334272095
26050000	26099999	0.6192020248545455	0.5392701529727273	0.07993187188181816
26100000	26149999	0.633474280909091	0.5392701529727273	0.09420412793636368
26150000	26199999	0.5888961262727272	0.5392701529727273	0.04962597329999996
26200000	26249999	0.5183709333181818	0.5392701529727273	-0.020899219654545442
26250000	26299999	0.5514282412181818	0.5392701529727273	0.012158088245454501
26300000	26349999	0.6373043481363636	0.5392701529727273	0.09803419516363632
26350000	26399999	0.6746660307272727	0.5392701529727273	0.13539587775454542
26400000	26449999	0.6438846463363637	0.5392701529727273	0.10461449336363637
26450000	26499999	0.6585704908727272	0.5392701529727273	0.11930033789999994
26500000	26549999	0.5862965979818182	0.5392701529727273	0.04702644500909092
26550000	26599999	0.5801583395545454	0.5392701529727273	0.04088818658181814
26600000	26649999	0.5392701529727273	0.5392701529727273	0.0
26650000	26699999	0.5392701529727273	0.5392701529727273	0.0
26700000	26749999	0.5392701529727273	0.5392701529727273	0.0
26750000	26799999	0.5392701529727273	0.5392701529727273	0.0
26800000	26849999	0.5392701529727273	0.5392701529727273	0.0
26850000	26899999	0.5392701529727273	0.5392701529727273	0.0
26900000	26949999	0.5392701529727273	0.5392701529727273	0.0
26950000	26999999	0.5392701529727273	0.5392701529727273	0.0
27000000	27049999	0.5392701529727273	0.5392701529727273	0.0
27050000	27099999	0.5392701529727273	0.5392701529727273	0.0
27100000	27149999	0.5392701529727273	0.5392701529727273	0.0
27150000	27199999	0.5392701529727273	0.5392701529727273	0.0
27200000	27249999	0.5392701529727273	0.5392701529727273	0.0
27250000	27299999	0.5392701529727273	0.5392701529727273	0.0
27300000	27349999	0.5392701529727273	0.5392701529727273	0.0
27350000	27399999	0.5392701529727273	0.5392701529727273	0.0
27400000	27449999	0.5392701529727273	0.5392701529727273	0.0
27450000	27499999	0.5392701529727273	0.5392701529727273	0.0
27500000	27549999	0.5392701529727273	0.5392701529727273	0.0
27550000	27599999	0.5392701529727273	0.5392701529727273	0.0
27600000	27649999	0.5392701529727273	0.5392701529727273	0.0
27650000	27699999	0.5392701529727273	0.5392701529727273	0.0
27700000	27749999	0.5392701529727273	0.5392701529727273	0.0
27750000	27799999	0.5392701529727273	0.5392701529727273	0.0
27800000	27849999	0.5392701529727273	0.5392701529727273	0.0
27850000	27899999	0.5392701529727273	0.5392701529727273	0.0
27900000	27949999	0.5392701529727273	0.5392701529727273	0.0
27950000	27999999	0.5392701529727273	0.5392701529727273	0.0
28000000	28049999	0.5392701529727273	0.5392701529727273	0.0
28050000	28099999	0.5392701529727273	0.5392701529727273	0.0
28100000	28149999	0.5392701529727273	0.5392701529727273	0.0
28150000	28199999	0.5392701529727273	0.5392701529727273	0.0
28200000	28249999	0.5392701529727273	0.5392701529727273	0.0
28250000	28299999	0.5392701529727273	0.5392701529727273	0.0
28300000	28349999	0.5392701529727273	0.5392701529727273	0.0
28350000	28399999	0.5392701529727273	0.5392701529727273	0.0
28400000	28449999	0.5392701529727273	0.5392701529727273	0.0
28450000	28499999	0.5392701529727273	0.5392701529727273	0.0
28500000	28549999	0.5392701529727273	0.5392701529727273	0.0
28550000	28599999	0.5392701529727273	0.5392701529727273	0.0
28600000	28649999	0.5392701529727273	0.5392701529727273	0.0
28650000	28699999	0.5392701529727273	0.5392701529727273	0.0
28700000	28749999	0.5392701529727273	0.5392701529727273	0.0
28750000	28799999	0.5392701529727273	0.5392701529727273	0.0
28800000	28849999	0.5392701529727273	0.5392701529727273	0.0
28850000	28899999	0.5392701529727273	0.5392701529727273	0.0
28900000	28949999	0.5392701529727273	0.5392701529727273	0.0
28950000	28999999	0.5392701529727273	0.5392701529727273	0.0
29000000	29049999	0.5392701529727273	0.5392701529727273	0.0
29050000	29099999	0.5392701529727273	0.5392701529727273	0.0
29100000	29149999	0.5392701529727273	0.5392701529727273	0.0
29150000	29199999	0.5351914506545454	0.5392701529727273	-0.004078702318181859
29200000	29249999	0.5665643379363636	0.5392701529727273	0.027294184963636337
29250000	29299999	0.5868983906363636	0.5392701529727273	0.04762823766363633
29300000	29349999	0.6784137944636364	0.5392701529727273	0.13914364149090908
29350000	29399999	0.8132695436181818	0.5392701529727273	0.27399939064545453
29400000	29449999	0.9565584885818181	0.5392701529727273	0.41728833560909084
29450000	29499999	0.9565584885818181	0.5392701529727273	0.41728833560909084
29500000	29549999	0.9565584885818181	0.5392701529727273	0.41728833560909084
29550000	29599999	0.9430124640363637	0.5392701529727273	0.40374231106363645
29600000	29649999	0.915742361809091	0.5392701529727273	0.3764722088363637
29650000	29699999	0.9025388480545455	0.5392701529727273	0.36326869508181825
29700000	29749999	0.893383040718182	0.5392701529727273	0.3541128877454547
29750000	29799999	0.8520740062727272	0.5392701529727273	0.31280385329999993
29800000	29849999	0.8222036929090909	0.5392701529727273	0.2829335399363636
29850000	29899999	0.7394983316727273	0.5392701529727273	0.20022817869999998
29900000	29949999	0.6110345302909092	0.5392701529727273	0.07176437731818186
29950000	29999999	0.4891612763090909	0.5392701529727273	-0.05010887666363639
30000000	30049999	0.5196167163272728	0.5392701529727273	-0.019653436645454492
30050000	30099999	0.5476015887909091	0.5392701529727273	0.008331435818181854
30100000	30149999	0.5829863732363637	0.5392701529727273	0.04371622026363642
30150000	30199999	0.6232581890272728	0.5392701529727273	0.08398803605454552
30200000	30249999	0.6411832603818182	0.5392701529727273	0.10191310740909088
30250000	30299999	0.6496448721727273	0.5392701529727273	0.11037471919999997
30300000	30349999	0.6740148373818182	0.5392701529727273	0.13474468440909093
30350000	30399999	0.6890561574545455	0.5392701529727273	0.14978600448181822
30400000	30449999	0.688820833409091	0.5392701529727273	0.14955068043636366
30450000	30499999	0.6895813247181819	0.5392701529727273	0.1503111717454546
30500000	30549999	0.6739877681363637	0.5392701529727273	0.13471761516363645
30550000	30599999	0.6642875616272728	0.5392701529727273	0.12501740865454547
30600000	30649999	0.6600489015818182	0.5392701529727273	0.12077874860909088
30650000	30699999	0.6549645565363637	0.5392701529727273	0.11569440356363636
30700000	30749999	0.6728550218	0.5392701529727273	0.13358486882727272
30750000	30799999	0.6715114094181818	0.5392701529727273	0.13224125644545448
30800000	30849999	0.6781311467090909	0.5392701529727273	0.13886099373636362
30850000	30899999	0.6869285000636364	0.5392701529727273	0.14765834709090908
30900000	30949999	0.703372291	0.5392701529727273	0.1641021380272727
30950000	30999999	0.7267685194727274	0.5392701529727273	0.18749836650000007
31000000	31049999	0.7413002571727273	0.5392701529727273	0.2020301042
31050000	31099999	0.7585800110454546	0.5392701529727273	0.2193098580727273
31100000	31149999	0.7522093443363637	0.5392701529727273	0.21293919136363637
31150000	31199999	0.7526236146363636	0.5392701529727273	0.21335346166363633
31200000	31249999	0.7442454910363636	0.5392701529727273	0.20497533806363633
31250000	31299999	0.7248326097272728	0.5392701529727273	0.18556245675454552
31300000	31349999	0.7230939885909091	0.5392701529727273	0.18382383561818183
31350000	31399999	0.7149142793818182	0.5392701529727273	0.17564412640909088
31400000	31449999	0.6823652967818182	0.5392701529727273	0.14309514380909094
31450000	31499999	0.6583063876272728	0.5392701529727273	0.11903623465454549
31500000	31549999	0.6227561417727273	0.5392701529727273	0.08348598880000002
31550000	31599999	0.6180819330272728	0.5392701529727273	0.07881178005454548
31600000	31649999	0.6046321521818182	0.5392701529727273	0.06536199920909092
31650000	31699999	0.6179751236727273	0.5392701529727273	0.07870497070000004
31700000	31749999	0.6020596419909091	0.5392701529727273	0.06278948901818182
31750000	31799999	0.6168661898454546	0.5392701529727273	0.07759603687272731
31800000	31849999	0.6196789519636364	0.5392701529727273	0.08040879899090914
31850000	31899999	0.6451502635636364	0.5392701529727273	0.10588011059090907
31900000	31949999	0.6802566679454546	0.5392701529727273	0.1409865149727273
31950000	31999999	0.6862730287181819	0.5392701529727273	0.14700287574545456
32000000	32049999	0.6900994090363637	0.5392701529727273	0.1508292560636364
32050000	32099999	0.7083676295090909	0.5392701529727273	0.16909747653636364
32100000	32149999	0.7124458694727274	0.5392701529727273	0.17317571650000008
32150000	32199999	0.730243122109091	0.5392701529727273	0.19097296913636375
32200000	32249999	0.7179481662181819	0.5392701529727273	0.17867801324545463
32250000	32299999	0.7182095032272727	0.5392701529727273	0.17893935025454544
32300000	32349999	0.7085671658636363	0.5392701529727273	0.16929701289090904
32350000	32399999	0.7292574541181818	0.5392701529727273	0.18998730114545448
32400000	32449999	0.7308979693454546	0.5392701529727273	0.1916278163727273
32450000	32499999	0.7324468354181819	0.5392701529727273	0.1931766824454546
32500000	32549999	0.7576228198545455	0.5392701529727273	0.2183526668818182
32550000	32599999	0.7611031088909092	0.5392701529727273	0.22183295591818186
32600000	32649999	0.7510526390545454	0.5392701529727273	0.21178248608181816
32650000	32699999	0.7546148706	0.5392701529727273	0.2153447176272727
32700000	32749999	0.7508307644363637	0.5392701529727273	0.21156061146363636
32750000	32799999	0.7750565094545454	0.5392701529727273	0.23578635648181812
32800000	32849999	0.8058660850909092	0.5392701529727273	0.2665959321181819
32850000	32899999	0.8051655902909092	0.5392701529727273	0.2658954373181819
32900000	32949999	0.7773254362909091	0.5392701529727273	0.23805528331818182
32950000	32999999	0.7609818647000001	0.5392701529727273	0.22171171172727278
33000000	33049999	0.7370985790363637	0.5392701529727273	0.19782842606363638
33050000	33099999	0.7470583237454546	0.5392701529727273	0.20778817077272727
33100000	33149999	0.7834035318272727	0.5392701529727273	0.24413337885454545
33150000	33199999	0.7968212633272727	0.5392701529727273	0.25755111035454537
33200000	33249999	0.7929460513	0.5392701529727273	0.25367589832727266
33250000	33299999	0.7930789167545453	0.5392701529727273	0.25380876378181805
33300000	33349999	0.7588926901272728	0.5392701529727273	0.2196225371545455
33350000	33399999	0.7390944272454545	0.5392701529727273	0.1998242742727272
33400000	33449999	0.7621965712545454	0.5392701529727273	0.22292641828181814
33450000	33499999	0.772145592	0.5392701529727273	0.2328754390272727
33500000	33549999	0.7856856470818181	0.5392701529727273	0.2464154941090908
33550000	33599999	0.7901675932363637	0.5392701529727273	0.25089744026363636
33600000	33649999	0.7652250765	0.5392701529727273	0.22595492352727276
33650000	33699999	0.7631585487999999	0.5392701529727273	0.2238883958272726
33700000	33749999	0.7522503567000001	0.5392701529727273	0.21298020372727278
33750000	33799999	0.7364627208727272	0.5392701529727273	0.19719256789999995
33800000	33849999	0.7142725114272728	0.5392701529727273	0.17500235845454548
33850000	33899999	0.7049640450181818	0.5392701529727273	0.16569389204545448
33900000	33949999	0.6979988726999999	0.5392701529727273	0.15872871972727265
33950000	33999999	0.6819855624545454	0.5392701529727273	0.14271540948181816
34000000	34049999	0.6792693250727273	0.5392701529727273	0.1399991721
34050000	34099999	0.6848510065	0.5392701529727273	0.14558085352727268
34100000	34149999	0.6920665052454547	0.5392701529727273	0.15279635227272736
34150000	34199999	0.7083311064000001	0.5392701529727273	0.1690609534272728
34200000	34249999	0.7016993559090909	0.5392701529727273	0.16242920293636365
34250000	34299999	0.7164145505363637	0.5392701529727273	0.17714439756363642
34300000	34349999	0.7354160526363637	0.5392701529727273	0.19614589966363638
34350000	34399999	0.7516089337	0.5392701529727273	0.21233878072727275
34400000	34449999	0.7674456730272727	0.5392701529727273	0.22817552005454544
34450000	34499999	0.7695303872636364	0.5392701529727273	0.23026023429090914
34500000	34549999	0.7731225549909091	0.5392701529727273	0.2338524020181818
34550000	34599999	0.7678308041363637	0.5392701529727273	0.22856065116363644
34600000	34649999	0.7299089344727273	0.5392701529727273	0.19063878150000002
34650000	34699999	0.6629551436818182	0.5392701529727273	0.12368499070909089
34700000	34749999	0.6320178150545455	0.5392701529727273	0.09274766208181817
34750000	34799999	0.6003447285000001	0.5392701529727273	0.0610745755272728
34800000	34849999	0.5909086752909092	0.5392701529727273	0.05163852231818189
34850000	34899999	0.5675788011	0.5392701529727273	0.02830864812727274
34900000	34949999	0.5533852368363636	0.5392701529727273	0.014115083863636357
34950000	34999999	0.5569411747727273	0.5392701529727273	0.01767102180000002
35000000	35049999	0.5569374622272727	0.5392701529727273	0.017667309254545405
35050000	35099999	0.5614028102	0.5392701529727273	0.022132657227272756
35100000	35149999	0.5650996985363637	0.5392701529727273	0.02582954556363637
35150000	35199999	0.5749844666818182	0.5392701529727273	0.03571431370909095
35200000	35249999	0.6274993567727273	0.5392701529727273	0.08822920379999999
35250000	35299999	0.6533316317636364	0.5392701529727273	0.11406147879090911
35300000	35349999	0.666500176209091	0.5392701529727273	0.12723002323636368
35350000	35399999	0.6615274361272727	0.5392701529727273	0.12225728315454543
35400000	35449999	0.6843759041636364	0.5392701529727273	0.14510575119090907
35450000	35499999	0.7078913479818182	0.5392701529727273	0.1686211950090909
35500000	35549999	0.7125049382181818	0.5392701529727273	0.17323478524545455
35550000	35599999	0.7255897196181819	0.5392701529727273	0.18631956664545457
35600000	35649999	0.7306411734272727	0.5392701529727273	0.19137102045454546
35650000	35699999	0.7482414792090909	0.5392701529727273	0.2089713262363636
35700000	35749999	0.7667958402090909	0.5392701529727273	0.22752568723636357
35750000	35799999	0.7625015496545455	0.5392701529727273	0.22323139668181824
35800000	35849999	0.7264794952727274	0.5392701529727273	0.18720934230000008
35850000	35899999	0.7302046499454545	0.5392701529727273	0.19093449697272724
35900000	35949999	0.7420077314363637	0.5392701529727273	0.20273757846363638
35950000	35999999	0.7190249849909092	0.5392701529727273	0.17975483201818188
36000000	36049999	0.7030083838090909	0.5392701529727273	0.16373823083636363
36050000	36099999	0.6878539246545454	0.5392701529727273	0.14858377168181813
36100000	36149999	0.7006364185727273	0.5392701529727273	0.1613662656
36150000	36199999	0.7202325681454546	0.5392701529727273	0.18096241517272726
36200000	36249999	0.7101345922636364	0.5392701529727273	0.1708644392909091
36250000	36299999	0.6910446935636364	0.5392701529727273	0.1517745405909091
36300000	36349999	0.6838538359090909	0.5392701529727273	0.1445836829363636
36350000	36399999	0.7272562119636364	0.5392701529727273	0.18798605899090914
36400000	36449999	0.7484025138454546	0.5392701529727273	0.20913236087272735
36450000	36499999	0.7634127183818182	0.5392701529727273	0.22414256540909094
36500000	36549999	0.7987078830181817	0.5392701529727273	0.25943773004545445
36550000	36599999	0.8017223723	0.5392701529727273	0.2624522193272727
36600000	36649999	0.7995526067636363	0.5392701529727273	0.260282453790909
36650000	36699999	0.7675234515545455	0.5392701529727273	0.2282532985818182
36700000	36749999	0.7315304290727274	0.5392701529727273	0.19226027610000007
36750000	36799999	0.7312618722909092	0.5392701529727273	0.19199171931818193
36800000	36849999	0.7444699475000001	0.5392701529727273	0.20519979452727277
36850000	36899999	0.7916819162000001	0.5392701529727273	0.25241176322727277
36900000	36949999	0.8352641829636365	0.5392701529727273	0.2959940299909092
36950000	36999999	0.7958009783727273	0.5392701529727273	0.25653082540000005
37000000	37049999	0.7785238543	0.5392701529727273	0.23925370132727275
37050000	37099999	0.7636418163	0.5392701529727273	0.22437166332727276
37100000	37149999	0.7710626041272728	0.5392701529727273	0.2317924511545455
37150000	37199999	0.7704704571272728	0.5392701529727273	0.2312003041545455
37200000	37249999	0.7895993461999999	0.5392701529727273	0.25032919322727265
37250000	37299999	0.7806197655181818	0.5392701529727273	0.2413496125454545
37300000	37349999	0.7854545889545455	0.5392701529727273	0.24618443598181816
37350000	37399999	0.8274372567363637	0.5392701529727273	0.2881671037636364
37400000	37449999	0.7963843613000001	0.5392701529727273	0.25711420832727283
37450000	37499999	0.7266072341090909	0.5392701529727273	0.1873370811363636
37500000	37549999	0.7216284477545455	0.5392701529727273	0.1823582947818182
37550000	37599999	0.7097379421090909	0.5392701529727273	0.17046778913636362
37600000	37649999	0.6672296124727273	0.5392701529727273	0.12795945949999998
37650000	37699999	0.6218491803545454	0.5392701529727273	0.0825790273818181
37700000	37749999	0.6129268905818183	0.5392701529727273	0.07365673760909097
37750000	37799999	0.5636525970909091	0.5392701529727273	0.0243824441181818
37800000	37849999	0.5460157156272728	0.5392701529727273	0.006745562654545512
37850000	37899999	0.4852952327727273	0.5392701529727273	-0.0539749202
37900000	37949999	0.40531835610909095	0.5392701529727273	-0.13395179686363634
37950000	37999999	0.3699855754818182	0.5392701529727273	-0.16928457749090908
38000000	38049999	0.3378652119636364	0.5392701529727273	-0.2014049410090909
38050000	38099999	0.3228119960272728	0.5392701529727273	-0.2164581569454545
38100000	38149999	0.28973982795454545	0.5392701529727273	-0.24953032501818184
38150000	38199999	0.27170978500000004	0.5392701529727273	-0.26756036797272725
38200000	38249999	0.2593714233727273	0.5392701529727273	-0.2798987296
38250000	38299999	0.2443407489272728	0.5392701529727273	-0.2949294040454545
38300000	38349999	0.23691878724545462	0.5392701529727273	-0.30235136572727267
38350000	38399999	0.23153430791818186	0.5392701529727273	-0.30773584505454543
38400000	38449999	0.2684728617818182	0.5392701529727273	-0.2707972911909091
38450000	38499999	0.2550011588818182	0.5392701529727273	-0.2842689940909091
38500000	38549999	0.27099183445454544	0.5392701529727273	-0.26827831851818185
38550000	38599999	0.2888733530727273	0.5392701529727273	-0.25039679989999997
38600000	38649999	0.27725213571818186	0.5392701529727273	-0.26201801725454543
38650000	38699999	0.2743336813727273	0.5392701529727273	-0.2649364716
38700000	38749999	0.2992931072545455	0.5392701529727273	-0.2399770457181818
38750000	38799999	0.33709814588181825	0.5392701529727273	-0.20217200709090904
38800000	38849999	0.34152021098181823	0.5392701529727273	-0.19774994199090906
38850000	38899999	0.34666401745454545	0.5392701529727273	-0.19260613551818184
38900000	38949999	0.3381056294454546	0.5392701529727273	-0.2011645235272727
38950000	38999999	0.3284659242727273	0.5392701529727273	-0.21080422869999998
39000000	39049999	0.3319317800363637	0.5392701529727273	-0.2073383729363636
39050000	39099999	0.34286548248181825	0.5392701529727273	-0.19640467049090904
39100000	39149999	0.3534026474454546	0.5392701529727273	-0.18586750552727271
39150000	39199999	0.3966015904636364	0.5392701529727273	-0.14266856250909088
39200000	39249999	0.43063898021818187	0.5392701529727273	-0.10863117275454542
39250000	39299999	0.43660633420909095	0.5392701529727273	-0.10266381876363634
39300000	39349999	0.43617060225454546	0.5392701529727273	-0.10309955071818183
39350000	39399999	0.4800386581	0.5392701529727273	-0.059231494872727275
39400000	39449999	0.5552148014727273	0.5392701529727273	0.01594464849999999
39450000	39499999	0.6472568552545455	0.5392701529727273	0.10798670228181817
39500000	39549999	0.6663502052636364	0.5392701529727273	0.12708005229090913
39550000	39599999	0.7135044026909091	0.5392701529727273	0.1742342497181818
39600000	39649999	0.7293204896272728	0.5392701529727273	0.19005033665454552
39650000	39699999	0.7533090736454546	0.5392701529727273	0.21403892067272734
39700000	39749999	0.7479566603363637	0.5392701529727273	0.20868650736363636
39750000	39799999	0.7430430876272728	0.5392701529727273	0.2037729346545455
39800000	39849999	0.7827675218363637	0.5392701529727273	0.24349736886363638
39850000	39899999	0.8476967400636364	0.5392701529727273	0.3084265870909091
39900000	39949999	0.8413336218636365	0.5392701529727273	0.3020634688909092
39950000	39999999	0.8114609604363636	0.5392701529727273	0.27219080746363633
40000000	40049999	0.770765822	0.5392701529727273	0.2314956690272727
40050000	40099999	0.7878502399727273	0.5392701529727273	0.248580087
40100000	40149999	0.7647293138909091	0.5392701529727273	0.22545916091818186
40150000	40199999	0.7385985377818183	0.5392701529727273	0.19932838480909099
40200000	40249999	0.7199672168454545	0.5392701529727273	0.18069706387272721
40250000	40299999	0.7173464334090909	0.5392701529727273	0.1780762804363636
40300000	40349999	0.7140570739909091	0.5392701529727273	0.17478692101818183
40350000	40399999	0.6707871827363636	0.5392701529727273	0.13151702976363633
40400000	40449999	0.6002992429818182	0.5392701529727273	0.06102909000909096
40450000	40499999	0.5641492471636363	0.5392701529727273	0.024879094190909057
40500000	40549999	0.5270229243363637	0.5392701529727273	-0.012247228636363627
40550000	40599999	0.4876732962545455	0.5392701529727273	-0.051596856718181816
40600000	40649999	0.4436143969818182	0.5392701529727273	-0.09565575599090909
40650000	40699999	0.4463532583818182	0.5392701529727273	-0.09291689459090907
40700000	40749999	0.43021595202727275	0.5392701529727273	-0.10905420094545454
40750000	40799999	0.4122842326	0.5392701529727273	-0.12698592037272727
40800000	40849999	0.3931328204090909	0.5392701529727273	-0.14613733256363637
40850000	40899999	0.4032031340818182	0.5392701529727273	-0.1360670188909091
40900000	40949999	0.40089410474545456	0.5392701529727273	-0.13837604822727273
40950000	40999999	0.3606830284818182	0.5392701529727273	-0.17858712449090908
41000000	41049999	0.3513848212181818	0.5392701529727273	-0.18788533175454547
41050000	41099999	0.3455873918818182	0.5392701529727273	-0.1936827610909091
41100000	41149999	0.35649228201818184	0.5392701529727273	-0.18277787095454545
41150000	41199999	0.3540016910727273	0.5392701529727273	-0.18526846190000001
41200000	41249999	0.34329942189999996	0.5392701529727273	-0.19597073107272733
41250000	41299999	0.34774945333636365	0.5392701529727273	-0.19152069963636364
41300000	41349999	0.3467277121181818	0.5392701529727273	-0.19254244085454547
41350000	41399999	0.34850301933636363	0.5392701529727273	-0.19076713363636366
41400000	41449999	0.32410121588181817	0.5392701529727273	-0.21516893709090912
41450000	41499999	0.3278465518	0.5392701529727273	-0.2114236011727273
41500000	41549999	0.36351641571818183	0.5392701529727273	-0.17575373725454546
41550000	41599999	0.3766902711636364	0.5392701529727273	-0.1625798818090909
41600000	41649999	0.39158779557272727	0.5392701529727273	-0.14768235740000002
41650000	41699999	0.3796334302	0.5392701529727273	-0.15963672277272728
41700000	41749999	0.3857006515181818	0.5392701529727273	-0.1535695014545455
41750000	41799999	0.39164497044545454	0.5392701529727273	-0.14762518252727275
41800000	41849999	0.42324256979090913	0.5392701529727273	-0.11602758318181816
41850000	41899999	0.44620716427272733	0.5392701529727273	-0.09306298869999996
41900000	41949999	0.46929259331818185	0.5392701529727273	-0.06997755965454544
41950000	41999999	0.5025604414272727	0.5392701529727273	-0.03670971154545455
42000000	42049999	0.5278777355545454	0.5392701529727273	-0.011392417418181866
42050000	42099999	0.5340454205545455	0.5392701529727273	-0.005224732418181777
42100000	42149999	0.5423173990636364	0.5392701529727273	0.003047246090909117
42150000	42199999	0.5563273195818182	0.5392701529727273	0.017057166609090957
42200000	42249999	0.5705517364909092	0.5392701529727273	0.03128158351818189
42250000	42299999	0.5716657587636363	0.5392701529727273	0.032395605790909054
42300000	42349999	0.5857323197363636	0.5392701529727273	0.04646216676363635
42350000	42399999	0.5857025512818183	0.5392701529727273	0.04643239830909096
42400000	42449999	0.5724257981	0.5392701529727273	0.03315564512727276
42450000	42499999	0.558772890709091	0.5392701529727273	0.019502737736363684
42500000	42549999	0.5384042330909091	0.5392701529727273	-0.0008659198818181668
42550000	42599999	0.5373769327	0.5392701529727273	-0.001893220272727314
42600000	42649999	0.5283214378090909	0.5392701529727273	-0.01094871516363638
42650000	42699999	0.5289238911454546	0.5392701529727273	-0.010346261827272718
42700000	42749999	0.5044300721454545	0.5392701529727273	-0.034840080827272746
42750000	42799999	0.5116268017	0.5392701529727273	-0.027643351272727323
42800000	42849999	0.5332378557545454	0.5392701529727273	-0.006032297218181881
42850000	42899999	0.5389335028636364	0.5392701529727273	-0.0003366501090908969
42900000	42949999	0.557178279	0.5392701529727273	0.017908126027272764
42950000	42999999	0.5658242453909091	0.5392701529727273	0.02655409241818185
43000000	43049999	0.5812435291363637	0.5392701529727273	0.04197337616363639
43050000	43099999	0.5838250968909091	0.5392701529727273	0.04455494391818182
43100000	43149999	0.5603683226363636	0.5392701529727273	0.021098169663636313
43150000	43199999	0.5648841805636363	0.5392701529727273	0.025614027590909028
43200000	43249999	0.5928217525909091	0.5392701529727273	0.05355159961818179
43250000	43299999	0.6243306445454546	0.5392701529727273	0.08506049157272733
43300000	43349999	0.6384699332727273	0.5392701529727273	0.09919978029999998
43350000	43399999	0.7007494818090909	0.5392701529727273	0.16147932883636362
43400000	43449999	0.765834159490909	0.5392701529727273	0.22656400651818176
43450000	43499999	0.7601537680363637	0.5392701529727273	0.2208836150636364
43500000	43549999	0.7891930381545454	0.5392701529727273	0.24992288518181816
43550000	43599999	0.7893559407999999	0.5392701529727273	0.25008578782727264
43600000	43649999	0.8292934621000001	0.5392701529727273	0.2900233091272728
43650000	43699999	0.840548351309091	0.5392701529727273	0.3012781983363637
43700000	43749999	0.8601571480272727	0.5392701529727273	0.32088699505454543
43750000	43799999	0.8442533384727273	0.5392701529727273	0.30498318550000003
43800000	43849999	0.8394863949818181	0.5392701529727273	0.3002162420090908
43850000	43899999	0.8375842724636364	0.5392701529727273	0.29831411949090914
43900000	43949999	0.7907338455272728	0.5392701529727273	0.2514636925545455
43950000	43999999	0.7320685585727273	0.5392701529727273	0.19279840560000006
44000000	44049999	0.7384193942636363	0.5392701529727273	0.19914924129090905
44050000	44099999	0.7218686065363636	0.5392701529727273	0.18259845356363635
44100000	44149999	0.7263481871181818	0.5392701529727273	0.18707803414545454
44150000	44199999	0.7110377180545454	0.5392701529727273	0.17176756508181812
44200000	44249999	0.7207474644090909	0.5392701529727273	0.1814773114363636
44250000	44299999	0.7330065208090909	0.5392701529727273	0.1937363678363636
44300000	44349999	0.7351413394363636	0.5392701529727273	0.19587118646363633
44350000	44399999	0.7314137542363637	0.5392701529727273	0.1921436012636364
44400000	44449999	0.7303350717181818	0.5392701529727273	0.1910649187454545
44450000	44499999	0.7282461783909091	0.5392701529727273	0.18897602541818181
44500000	44549999	0.7250148057818182	0.5392701529727273	0.18574465280909092
44550000	44599999	0.6979562693363637	0.5392701529727273	0.1586861163636364
44600000	44649999	0.7011616084272727	0.5392701529727273	0.16189145545454542
44650000	44699999	0.6857846281363636	0.5392701529727273	0.14651447516363636
44700000	44749999	0.6766017323454545	0.5392701529727273	0.13733157937272722
44750000	44799999	0.6785916308454545	0.5392701529727273	0.1393214778727272
44800000	44849999	0.674290098709091	0.5392701529727273	0.13501994573636367
44850000	44899999	0.6998590553	0.5392701529727273	0.16058890232727274
44900000	44949999	0.7095563343363637	0.5392701529727273	0.17028618136363638
44950000	44999999	0.7037284538363636	0.5392701529727273	0.16445830086363633
45000000	45049999	0.6980180573909092	0.5392701529727273	0.15874790441818187
45050000	45099999	0.7136453588545455	0.5392701529727273	0.1743752058818182
45100000	45149999	0.7243007241090909	0.5392701529727273	0.18503057113636356
45150000	45199999	0.7032296935727272	0.5392701529727273	0.16395954059999995
45200000	45249999	0.7131131377272728	0.5392701529727273	0.17384298475454552
45250000	45299999	0.6955052821272728	0.5392701529727273	0.15623512915454552
45300000	45349999	0.6923955454727273	0.5392701529727273	0.1531253925
45350000	45399999	0.6815152076545454	0.5392701529727273	0.14224505468181814
45400000	45449999	0.6564863007363637	0.5392701529727273	0.11721614776363642
45450000	45499999	0.6480409344272727	0.5392701529727273	0.10877078145454544
45500000	45549999	0.6548411953636364	0.5392701529727273	0.1155710423909091
45550000	45599999	0.6514596154909091	0.5392701529727273	0.11218946251818185
45600000	45649999	0.6276121474454546	0.5392701529727273	0.08834199447272728
45650000	45699999	0.6375191553727273	0.5392701529727273	0.09824900240000001
45700000	45749999	0.6788437214181818	0.5392701529727273	0.13957356844545454
45750000	45799999	0.696927453009091	0.5392701529727273	0.1576573000363637
45800000	45849999	0.7250551843272728	0.5392701529727273	0.1857850313545455
45850000	45899999	0.7415400033090909	0.5392701529727273	0.20226985033636358
45900000	45949999	0.7646843552	0.5392701529727273	0.2254142022272727
45950000	45999999	0.8079649691636364	0.5392701529727273	0.26869481619090907
46000000	46049999	0.8113675068909091	0.5392701529727273	0.2720973539181818
46050000	46099999	0.7971081144818182	0.5392701529727273	0.2578379615090909
46100000	46149999	0.7836766372909091	0.5392701529727273	0.2444064843181818
46150000	46199999	0.7640333630545455	0.5392701529727273	0.2247632100818182
46200000	46249999	0.7182761833727273	0.5392701529727273	0.17900603039999996
46250000	46299999	0.6793984268090909	0.5392701529727273	0.14012827383636361
46300000	46349999	0.6350404512818182	0.5392701529727273	0.0957702983090909
46350000	46399999	0.5989421719363637	0.5392701529727273	0.059672018963636386
46400000	46449999	0.5692262759454545	0.5392701529727273	0.029956122972727206
46450000	46499999	0.5390408535636364	0.5392701529727273	-0.00022929940909088842
46500000	46549999	0.4891090727181818	0.5392701529727273	-0.050161080254545465
46550000	46599999	0.4707596300909091	0.5392701529727273	-0.06851052288181819
46600000	46649999	0.4535179832909091	0.5392701529727273	-0.0857521696818182
46650000	46699999	0.4575268958454546	0.5392701529727273	-0.0817432571272727
46700000	46749999	0.45078207784545454	0.5392701529727273	-0.08848807512727275
46750000	46799999	0.4581270501454546	0.5392701529727273	-0.08114310282727272
46800000	46849999	0.4467084921090909	0.5392701529727273	-0.09256166086363637
46850000	46899999	0.46782182772727277	0.5392701529727273	-0.07144832524545452
46900000	46949999	0.4677321993363637	0.5392701529727273	-0.07153795363636362
46950000	46999999	0.4626071469454546	0.5392701529727273	-0.07666300602727272
47000000	47049999	0.4608907698727273	0.5392701529727273	-0.07837938309999998
47050000	47099999	0.4733032906909091	0.5392701529727273	-0.0659668622818182
47100000	47149999	0.4741002867818182	0.5392701529727273	-0.06516986619090909
47150000	47199999	0.49143301252727273	0.5392701529727273	-0.04783714044545456
47200000	47249999	0.5167118161636364	0.5392701529727273	-0.022558336809090918
47250000	47299999	0.5600382143272727	0.5392701529727273	0.020768061354545453
47300000	47349999	0.5830990444	0.5392701529727273	0.043828891427272754
47350000	47399999	0.6046289350545455	0.5392701529727273	0.06535878208181822
47400000	47449999	0.6263131668	0.5392701529727273	0.08704301382727275
47450000	47499999	0.6656714878363637	0.5392701529727273	0.12640133486363636
47500000	47549999	0.7001092676181818	0.5392701529727273	0.16083911464545453
47550000	47599999	0.7097575272909091	0.5392701529727273	0.17048737431818184
47600000	47649999	0.7008047287181819	0.5392701529727273	0.1615345757454546
47650000	47699999	0.7293733718727273	0.5392701529727273	0.19010321890000004
47700000	47749999	0.7327626602727273	0.5392701529727273	0.1934925073
47750000	47799999	0.7314019070090909	0.5392701529727273	0.19213175403636362
47800000	47849999	0.7186409704909091	0.5392701529727273	0.17937081751818185
47850000	47899999	0.7074454455363637	0.5392701529727273	0.1681752925636364
47900000	47949999	0.7006764150909092	0.5392701529727273	0.16140626211818188
47950000	47999999	0.6809403585909091	0.5392701529727273	0.14167020561818178
48000000	48049999	0.6841803671181819	0.5392701529727273	0.14491021414545457
48050000	48099999	0.6811862151545455	0.5392701529727273	0.14191606218181818
48100000	48149999	0.6862694826818182	0.5392701529727273	0.1469993297090909
48150000	48199999	0.6983987945636364	0.5392701529727273	0.15912864159090911
48200000	48249999	0.701146689090909	0.5392701529727273	0.16187653611818176
48250000	48299999	0.6881920935181818	0.5392701529727273	0.1489219405454545
48300000	48349999	0.6675232348090909	0.5392701529727273	0.12825308183636364
48350000	48399999	0.6694840764636364	0.5392701529727273	0.1302139234909091
48400000	48449999	0.6852544199181818	0.5392701529727273	0.14598426694545452
48450000	48499999	0.7059849082181818	0.5392701529727273	0.16671475524545454
48500000	48549999	0.7203125452272727	0.5392701529727273	0.18104239225454544
48550000	48599999	0.6923264485454546	0.5392701529727273	0.15305629557272726
48600000	48649999	0.6918662181090909	0.5392701529727273	0.1525960651363636
48650000	48699999	0.6982631868181819	0.5392701529727273	0.1589930338454546
48700000	48749999	0.7015527848636364	0.5392701529727273	0.16228263189090908
48750000	48799999	0.6911425133272727	0.5392701529727273	0.15187236035454543
48800000	48849999	0.7231647130909091	0.5392701529727273	0.18389456011818184
48850000	48899999	0.7565152364181819	0.5392701529727273	0.21724508344545457
48900000	48949999	0.7698515955636364	0.5392701529727273	0.23058144259090907
48950000	48999999	0.7571963298909091	0.5392701529727273	0.21792617691818184
49000000	49049999	0.7488776712909091	0.5392701529727273	0.2096075183181818
49050000	49099999	0.7519058492727273	0.5392701529727273	0.2126356963
49100000	49149999	0.7762063915363636	0.5392701529727273	0.23693623856363633
49150000	49199999	0.7801793732454545	0.5392701529727273	0.2409092202727272
49200000	49249999	0.7626203468090909	0.5392701529727273	0.22335019383636356
49250000	49299999	0.7597136207818181	0.5392701529727273	0.22044346780909085
49300000	49349999	0.7573395724181817	0.5392701529727273	0.21806941944545444
49350000	49399999	0.7381437058545455	0.5392701529727273	0.19887355288181818
49400000	49449999	0.7157822504909092	0.5392701529727273	0.17651209751818187
49450000	49499999	0.6960654431090909	0.5392701529727273	0.15679529013636362
49500000	49549999	0.7081953549454546	0.5392701529727273	0.1689252019727273
49550000	49599999	0.6926428838454546	0.5392701529727273	0.1533727308727273
49600000	49649999	0.6620918493090909	0.5392701529727273	0.12282169633636364
49650000	49699999	0.6410167474818182	0.5392701529727273	0.10174659450909096
49700000	49749999	0.6250594091181819	0.5392701529727273	0.08578925614545463
49750000	49799999	0.6287320540272728	0.5392701529727273	0.08946190105454555
49800000	49849999	0.6212721315545455	0.5392701529727273	0.08200197858181824
49850000	49899999	0.6179885502909092	0.5392701529727273	0.07871839731818187
49900000	49949999	0.6078776394727273	0.5392701529727273	0.06860748650000004
49950000	49999999	0.5949552243636365	0.5392701529727273	0.05568507139090917
50000000	50049999	0.5914057691727274	0.5392701529727273	0.05213561620000007
50050000	50099999	0.5801063614454546	0.5392701529727273	0.04083620847272729
50100000	50149999	0.5620435976	0.5392701529727273	0.02277344462727271
50150000	50199999	0.5610315111454546	0.5392701529727273	0.021761358172727285
50200000	50249999	0.557002389709091	0.5392701529727273	0.017732236736363705
50250000	50299999	0.5445706266181819	0.5392701529727273	0.005300473645454606
50300000	50349999	0.5656596028909091	0.5392701529727273	0.026389449918181818
50350000	50399999	0.5497243233363637	0.5392701529727273	0.010454170363636384
50400000	50449999	0.5394424943727273	0.5392701529727273	0.00017234139999999787
50450000	50499999	0.5382902969272727	0.5392701529727273	-0.0009798560454545857
50500000	50549999	0.5305218089363637	0.5392701529727273	-0.008748344036363598
50550000	50599999	0.5242584953909091	0.5392701529727273	-0.015011657581818216
50600000	50649999	0.5245738268909091	0.5392701529727273	-0.014696326081818145
50650000	50699999	0.5417480252	0.5392701529727273	0.0024778722272726927
50700000	50749999	0.5647760779818182	0.5392701529727273	0.02550592500909088
50750000	50799999	0.5588026385545455	0.5392701529727273	0.019532485581818193
50800000	50849999	0.5452777784	0.5392701529727273	0.006007625427272734
50850000	50899999	0.5071452661181819	0.5392701529727273	-0.0321248868545454
50900000	50949999	0.49541331066363636	0.5392701529727273	-0.043856842309090927
50950000	50999999	0.48560519321818185	0.5392701529727273	-0.05366495975454544
51000000	51049999	0.48448490795454546	0.5392701529727273	-0.05478524501818183
51050000	51099999	0.47472640892727275	0.5392701529727273	-0.06454374404545454
51100000	51149999	0.4856324465909091	0.5392701529727273	-0.053637706381818195
51150000	51199999	0.4876288618454546	0.5392701529727273	-0.05164129112727267
51200000	51249999	0.4740382044545455	0.5392701529727273	-0.06523194851818181
51250000	51299999	0.4547931283	0.5392701529727273	-0.08447702467272727
51300000	51349999	0.4608268757181818	0.5392701529727273	-0.07844327725454547
51350000	51399999	0.4805982336636364	0.5392701529727273	-0.05867191930909088
51400000	51449999	0.5064800327363637	0.5392701529727273	-0.03279012023636363
51450000	51499999	0.5273968093727273	0.5392701529727273	-0.01187334360000003
51500000	51549999	0.5900495529909091	0.5392701529727273	0.05077940001818182
51550000	51599999	0.6074049989545455	0.5392701529727273	0.06813484598181818
51600000	51649999	0.6327153621	0.5392701529727273	0.09344520912727272
51650000	51699999	0.6431017569181818	0.5392701529727273	0.10383160394545454
51700000	51749999	0.6515393743636364	0.5392701529727273	0.11226922139090911
51750000	51799999	0.6634487985090909	0.5392701529727273	0.1241786455363636
51800000	51849999	0.6625180528363637	0.5392701529727273	0.12324789986363638
51850000	51899999	0.655800663709091	0.5392701529727273	0.11653051073636367
51900000	51949999	0.6638532723272728	0.5392701529727273	0.12458311935454547
51950000	51999999	0.6749053451272727	0.5392701529727273	0.13563519215454545
52000000	52049999	0.6952213991545455	0.5392701529727273	0.15595124618181821
52050000	52099999	0.6531238608454546	0.5392701529727273	0.1138537078727273
52100000	52149999	0.6662829215727273	0.5392701529727273	0.1270127686
52150000	52199999	0.6693506889727272	0.5392701529727273	0.1300805359999999
52200000	52249999	0.6596082878	0.5392701529727273	0.12033813482727274
52250000	52299999	0.6562985082909091	0.5392701529727273	0.11702835531818179
52300000	52349999	0.6791416780363637	0.5392701529727273	0.13987152506363643
52350000	52399999	0.6876997162727273	0.5392701529727273	0.1484295633
52400000	52449999	0.7087264532636364	0.5392701529727273	0.16945630029090908
52450000	52499999	0.6990803758545455	0.5392701529727273	0.15981022288181823
52500000	52549999	0.6779404011090909	0.5392701529727273	0.13867024813636364
52550000	52599999	0.6557429363727273	0.5392701529727273	0.1164727834
52600000	52649999	0.6369145462636364	0.5392701529727273	0.09764439329090913
52650000	52699999	0.5917981497363637	0.5392701529727273	0.0525279967636364
52700000	52749999	0.5576189141	0.5392701529727273	0.018348761127272684
52750000	52799999	0.5510875218545455	0.5392701529727273	0.011817368881818169
52800000	52849999	0.506739068	0.5392701529727273	-0.032531084972727276
52850000	52899999	0.4591666419	0.5392701529727273	-0.08010351107272728
52900000	52949999	0.4286354217	0.5392701529727273	-0.11063473127272727
52950000	52999999	0.39125279438181826	0.5392701529727273	-0.14801735859090903
53000000	53049999	0.3669221890727273	0.5392701529727273	-0.1723479639
53050000	53099999	0.3370795457	0.5392701529727273	-0.2021906072727273
53100000	53149999	0.3045156914	0.5392701529727273	-0.23475446157272728
53150000	53199999	0.2888422937454546	0.5392701529727273	-0.2504278592272727
53200000	53249999	0.2782421702909091	0.5392701529727273	-0.2610279826818182
53250000	53299999	0.2724158276272728	0.5392701529727273	-0.2668543253454545
53300000	53349999	0.24839478727272735	0.5392701529727273	-0.29087536569999994
53350000	53399999	0.2940848047000001	0.5392701529727273	-0.2451853482727272
53400000	53449999	0.3068343027363637	0.5392701529727273	-0.2324358502363636
53450000	53499999	0.3471651624090909	0.5392701529727273	-0.1921049905636364
53500000	53549999	0.3535008630454546	0.5392701529727273	-0.1857692899272727
53550000	53599999	0.3596957054636364	0.5392701529727273	-0.1795744475090909
53600000	53649999	0.3556706144727273	0.5392701529727273	-0.1835995385
53650000	53699999	0.36271612273636367	0.5392701529727273	-0.17655403023636362
53700000	53749999	0.35771518863636365	0.5392701529727273	-0.18155496433636364
53750000	53799999	0.3711997220636364	0.5392701529727273	-0.1680704309090909
53800000	53849999	0.38171356915454546	0.5392701529727273	-0.15755658381818183
53850000	53899999	0.37172886102727276	0.5392701529727273	-0.16754129194545453
53900000	53949999	0.34872834803636366	0.5392701529727273	-0.19054180493636363
53950000	53999999	0.3384494751181818	0.5392701529727273	-0.2008206778545455
54000000	54049999	0.2901304041181818	0.5392701529727273	-0.24913974885454548
54050000	54099999	0.285754473309091	0.5392701529727273	-0.2535156796636363
54100000	54149999	0.26188943369999995	0.5392701529727273	-0.27738071927272734
54150000	54199999	0.2589525787363636	0.5392701529727273	-0.28031757423636366
54200000	54249999	0.24789578015454544	0.5392701529727273	-0.29137437281818185
54250000	54299999	0.2457167906545455	0.5392701529727273	-0.2935533623181818
54300000	54349999	0.2186903484272727	0.5392701529727273	-0.3205798045454546
54350000	54399999	0.21211525029090905	0.5392701529727273	-0.32715490268181824
54400000	54449999	0.21667051934545456	0.5392701529727273	-0.32259963362727273
54450000	54499999	0.20140816583636356	0.5392701529727273	-0.33786198713636373
54500000	54549999	0.20068093169090906	0.5392701529727273	-0.33858922128181823
54550000	54599999	0.20291627056363631	0.5392701529727273	-0.336353882409091
54600000	54649999	0.20433385865454545	0.5392701529727273	-0.33493629431818184
54650000	54699999	0.24898283536363636	0.5392701529727273	-0.29028731760909093
54700000	54749999	0.3134645492	0.5392701529727273	-0.2258056037727273
54750000	54799999	0.3581100610636364	0.5392701529727273	-0.18116009190909088
54800000	54849999	0.3961666668636364	0.5392701529727273	-0.1431034861090909
54850000	54899999	0.44355452944545454	0.5392701529727273	-0.09571562352727275
54900000	54949999	0.4554989702	0.5392701529727273	-0.08377118277272727
54950000	54999999	0.4632256931818182	0.5392701529727273	-0.07604445979090907
55000000	55049999	0.47654170033636367	0.5392701529727273	-0.06272845263636362
55050000	55099999	0.4849066635	0.5392701529727273	-0.05436348947272729
55100000	55149999	0.4979141080181818	0.5392701529727273	-0.04135604495454548
55150000	55199999	0.5143743327	0.5392701529727273	-0.024895820272727298
55200000	55249999	0.48826069683636364	0.5392701529727273	-0.05100945613636365
55250000	55299999	0.4441043011	0.5392701529727273	-0.0951658518727273
55300000	55349999	0.45252510105454546	0.5392701529727273	-0.08674505191818183
55350000	55399999	0.4469628300272728	0.5392701529727273	-0.09230732294545452
55400000	55449999	0.4468261387	0.5392701529727273	-0.0924440142727273
55450000	55499999	0.4489525594181818	0.5392701529727273	-0.0903175935545455
55500000	55549999	0.4573780772818182	0.5392701529727273	-0.08189207569090912
55550000	55599999	0.4612542108727273	0.5392701529727273	-0.07801594210000001
55600000	55649999	0.476918763	0.5392701529727273	-0.06235138997272727
55650000	55699999	0.5145459745363636	0.5392701529727273	-0.024724178436363653
55700000	55749999	0.5368468244090909	0.5392701529727273	-0.002423328563636362
55750000	55799999	0.5795687203363636	0.5392701529727273	0.04029856736363635
55800000	55849999	0.6052209573272728	0.5392701529727273	0.06595080435454548
55850000	55899999	0.5964114146636363	0.5392701529727273	0.05714126169090905
55900000	55949999	0.6210624844818182	0.5392701529727273	0.08179233150909093
55950000	55999999	0.6041514841818182	0.5392701529727273	0.0648813312090909
56000000	56049999	0.5948414069545455	0.5392701529727273	0.05557125398181817
56050000	56099999	0.5961765928454545	0.5392701529727273	0.056906439872727255
56100000	56149999	0.6005956540363636	0.5392701529727273	0.06132550106363632
56150000	56199999	0.5739079970272727	0.5392701529727273	0.0346378440545454
56200000	56249999	0.5322721341727272	0.5392701529727273	-0.006998018800000061
56250000	56299999	0.5044207115545455	0.5392701529727273	-0.034849441418181804
56300000	56349999	0.45933412265454543	0.5392701529727273	-0.07993603031818186
56350000	56399999	0.4380642929363636	0.5392701529727273	-0.10120586003636367
56400000	56449999	0.42253226026363633	0.5392701529727273	-0.11673789270909096
56450000	56499999	0.39450994126363637	0.5392701529727273	-0.14476021170909092
56500000	56549999	0.4020234704454545	0.5392701529727273	-0.1372466825272728
56550000	56599999	0.4391432391636364	0.5392701529727273	-0.10012691380909089
56600000	56649999	0.4711823816727273	0.5392701529727273	-0.06808777129999999
56650000	56699999	0.5074368448545454	0.5392701529727273	-0.03183330811818186
56700000	56749999	0.5571590032818182	0.5392701529727273	0.01788885030909093
56750000	56799999	0.581920158409091	0.5392701529727273	0.04265000543636366
56800000	56849999	0.5891952556	0.5392701529727273	0.04992510262727268
56850000	56899999	0.6142903460454545	0.5392701529727273	0.07502019307272723
56900000	56949999	0.6141482719636364	0.5392701529727273	0.07487811899090913
56950000	56999999	0.619597676809091	0.5392701529727273	0.08032752383636366
57000000	57049999	0.6048439522454545	0.5392701529727273	0.06557379927272722
57050000	57099999	0.6110127536090909	0.5392701529727273	0.07174260063636362
57100000	57149999	0.5710850621636364	0.5392701529727273	0.031814909190909124
57150000	57199999	0.5427857028818182	0.5392701529727273	0.003515549909090865
57200000	57249999	0.5076285511090909	0.5392701529727273	-0.031641601863636404
57250000	57299999	0.4977393781090909	0.5392701529727273	-0.04153077486363638
57300000	57349999	0.5068757007909092	0.5392701529727273	-0.032394452181818134
57350000	57399999	0.536086285	0.5392701529727273	-0.0031838679727272945
57400000	57449999	0.5367557555181818	0.5392701529727273	-0.002514397454545514
57450000	57499999	0.5356879274818181	0.5392701529727273	-0.003582225490909141
57500000	57549999	0.5182750009545455	0.5392701529727273	-0.020995152018181806
57550000	57599999	0.5371943602363637	0.5392701529727273	-0.002075792736363602
57600000	57649999	0.5330223014909091	0.5392701529727273	-0.006247851481818167
57650000	57699999	0.5358409309727272	0.5392701529727273	-0.003429222000000065
57700000	57749999	0.5263450480545454	0.5392701529727273	-0.012925104918181884
57750000	57799999	0.5143811060090909	0.5392701529727273	-0.024889046963636363
57800000	57849999	0.49735012149999996	0.5392701529727273	-0.041920031472727326
57850000	57899999	0.4691450469363636	0.5392701529727273	-0.07012510603636368
57900000	57949999	0.4283269869363636	0.5392701529727273	-0.11094316603636367
57950000	57999999	0.39052965732727274	0.5392701529727273	-0.14874049564545455
58000000	58049999	0.38695706664545454	0.5392701529727273	-0.15231308632727275
58050000	58099999	0.3801504625181818	0.5392701529727273	-0.1591196904545455
58100000	58149999	0.36180592184545457	0.5392701529727273	-0.17746423112727272
58150000	58199999	0.3468573608727273	0.5392701529727273	-0.1924127921
58200000	58249999	0.4099784695727273	0.5392701529727273	-0.12929168339999997
58250000	58299999	0.4209267529727273	0.5392701529727273	-0.11834339999999999
58300000	58349999	0.4240138574181818	0.5392701529727273	-0.11525629555454547
58350000	58399999	0.4134056269	0.5392701529727273	-0.1258645260727273
58400000	58449999	0.40702896954545453	0.5392701529727273	-0.13224118342727276
58450000	58499999	0.4026134395545455	0.5392701529727273	-0.1366567134181818
58500000	58549999	0.4140178363363637	0.5392701529727273	-0.1252523166363636
58550000	58599999	0.39520959800909095	0.5392701529727273	-0.14406055496363634
58600000	58649999	0.3823900687363636	0.5392701529727273	-0.15688008423636368
58650000	58699999	0.37245859938181824	0.5392701529727273	-0.16681155359090905
58700000	58749999	0.36630965784545455	0.5392701529727273	-0.17296049512727274
58750000	58799999	0.2976416591818182	0.5392701529727273	-0.24162849379090912
58800000	58849999	0.2764559380636364	0.5392701529727273	-0.2628142149090909
58850000	58899999	0.26412504169090917	0.5392701529727273	-0.2751451112818181
58900000	58949999	0.25030965779090913	0.5392701529727273	-0.28896049518181816
58950000	58999999	0.23741490995454556	0.5392701529727273	-0.30185524301818173
59000000	59049999	0.24034316955454554	0.5392701529727273	-0.29892698341818175
59050000	59099999	0.2338186966909091	0.5392701529727273	-0.3054514562818182
59100000	59149999	0.23779013558181816	0.5392701529727273	-0.3014800173909091
59150000	59199999	0.23959844587272733	0.5392701529727273	-0.29967170709999996
59200000	59249999	0.23911698153636363	0.5392701529727273	-0.30015317143636366
59250000	59299999	0.23050401326363645	0.5392701529727273	-0.30876613970909084
59300000	59349999	0.21590661963636376	0.5392701529727273	-0.32336353333636353
59350000	59399999	0.21152491630909098	0.5392701529727273	-0.3277452366636363
59400000	59449999	0.21209910976363638	0.5392701529727273	-0.3271710432090909
59450000	59499999	0.2105084979818182	0.5392701529727273	-0.3287616549909091
59500000	59549999	0.2211144800272728	0.5392701529727273	-0.3181556729454545
59550000	59599999	0.19243040312727272	0.5392701529727273	-0.34683974984545457
59600000	59649999	0.18899919509090912	0.5392701529727273	-0.35027095788181817
59650000	59699999	0.1876596245181819	0.5392701529727273	-0.3516105284545454
59700000	59749999	0.1933359728636364	0.5392701529727273	-0.3459341801090909
59750000	59799999	0.20308767640909098	0.5392701529727273	-0.3361824765636363
59800000	59849999	0.2176017159909091	0.5392701529727273	-0.3216684369818182
59850000	59899999	0.2319228392090909	0.5392701529727273	-0.3073473137636364
59900000	59949999	0.23695560052727277	0.5392701529727273	-0.3023145524454545
59950000	59999999	0.24343203752727272	0.5392701529727273	-0.2958381154454546
60000000	60049999	0.2554316835181818	0.5392701529727273	-0.2838384694545455
60050000	60099999	0.24735690732727272	0.5392701529727273	-0.29191324564545457
60100000	60149999	0.2615046306909091	0.5392701529727273	-0.27776552228181817
60150000	60199999	0.27862946514545456	0.5392701529727273	-0.26064068782727273
60200000	60249999	0.309007524	0.5392701529727273	-0.2302626289727273
60250000	60299999	0.3031507243363636	0.5392701529727273	-0.2361194286363637
60300000	60349999	0.29916282453636367	0.5392701529727273	-0.24010732843636362
60350000	60399999	0.29879183939090914	0.5392701529727273	-0.24047831358181815
60400000	60449999	0.3141991463	0.5392701529727273	-0.22507100667272728
60450000	60499999	0.33951434301818184	0.5392701529727273	-0.19975580995454545
60500000	60549999	0.35215661524545455	0.5392701529727273	-0.18711353772727274
60550000	60599999	0.3674125018272727	0.5392701529727273	-0.1718576511454546
60600000	60649999	0.3823542036727273	0.5392701529727273	-0.15691594929999997
60650000	60699999	0.3962017833909091	0.5392701529727273	-0.14306836958181818
60700000	60749999	0.42196326504545456	0.5392701529727273	-0.11730688792727273
60750000	60799999	0.41829213600909093	0.5392701529727273	-0.12097801696363636
60800000	60849999	0.40960472605454545	0.5392701529727273	-0.12966542691818184
60850000	60899999	0.4424983981	0.5392701529727273	-0.09677175487272727
60900000	60949999	0.46649564920000003	0.5392701529727273	-0.07277450377272726
60950000	60999999	0.4955171987363637	0.5392701529727273	-0.043752954236363606
61000000	61049999	0.46100800080909093	0.5392701529727273	-0.07826215216363636
61050000	61099999	0.47576208139090914	0.5392701529727273	-0.06350807158181815
61100000	61149999	0.4911465819909091	0.5392701529727273	-0.04812357098181819
61150000	61199999	0.5156998182181819	0.5392701529727273	-0.023570334754545397
61200000	61249999	0.5146874418272728	0.5392701529727273	-0.024582711145454517
61250000	61299999	0.49340164507272727	0.5392701529727273	-0.04586850790000002
61300000	61349999	0.4750049657545454	0.5392701529727273	-0.06426518721818186
61350000	61399999	0.4960453945272727	0.5392701529727273	-0.04322475844545459
61400000	61449999	0.46557845831818184	0.5392701529727273	-0.07369169465454545
61450000	61499999	0.44262200542727276	0.5392701529727273	-0.09664814754545453
61500000	61549999	0.3954915274272728	0.5392701529727273	-0.1437786255454545
61550000	61599999	0.41744255103636363	0.5392701529727273	-0.12182760193636366
61600000	61649999	0.4180244302909091	0.5392701529727273	-0.12124572268181821
61650000	61699999	0.3922483186818182	0.5392701529727273	-0.1470218342909091
61700000	61749999	0.3585181504181818	0.5392701529727273	-0.1807520025545455
61750000	61799999	0.3486296101727273	0.5392701529727273	-0.19064054279999998
61800000	61849999	0.34730484232727277	0.5392701529727273	-0.19196531064545452
61850000	61899999	0.34799891183636367	0.5392701529727273	-0.19127124113636362
61900000	61949999	0.3796825763181818	0.5392701529727273	-0.15958757665454548
61950000	61999999	0.3831589103909091	0.5392701529727273	-0.1561112425818182
62000000	62049999	0.38635386730909094	0.5392701529727273	-0.15291628566363635
62050000	62099999	0.40462620967272733	0.5392701529727273	-0.13464394329999996
62100000	62149999	0.39540169386363644	0.5392701529727273	-0.14386845910909085
62150000	62199999	0.37419517291818183	0.5392701529727273	-0.16507498005454546
62200000	62249999	0.38725280636363635	0.5392701529727273	-0.15201734660909094
62250000	62299999	0.4123834684090909	0.5392701529727273	-0.1268866845636364
62300000	62349999	0.4325470319454546	0.5392701529727273	-0.10672312102727272
62350000	62399999	0.4329455836818182	0.5392701529727273	-0.10632456929090911
62400000	62449999	0.4547451450727273	0.5392701529727273	-0.0845250079
62450000	62499999	0.4642332814181818	0.5392701529727273	-0.07503687155454547
62500000	62549999	0.44375509704545457	0.5392701529727273	-0.09551505592727272
62550000	62599999	0.43675333883636364	0.5392701529727273	-0.10251681413636365
62600000	62649999	0.4267135946181818	0.5392701529727273	-0.11255655835454548
62650000	62699999	0.4368749703454545	0.5392701529727273	-0.10239518262727276
62700000	62749999	0.4545940500272727	0.5392701529727273	-0.08467610294545458
62750000	62799999	0.36764547313636364	0.5392701529727273	-0.17162467983636365
62800000	62849999	0.3543363152027273	0.5392701529727273	-0.18493383777
62850000	62899999	0.3414806660727273	0.5392701529727273	-0.19778948689999998
62900000	62949999	0.3346050100977273	0.5392701529727273	-0.20466514287499998
62950000	62999999	0.2984699136727273	0.5392701529727273	-0.2408002393
63000000	63049999	0.22079382130606068	0.5392701529727273	-0.3184763316666666
