0	159.0	0.54978	0.8449968853983366	24243
1	111.0	0.53088	0.8124034447871653	21913
2	108.0	0.5311	0.7498318193273189	21516
3	97.0	0.54194	0.8609325336984219	22685
4	106.0	0.5137999999999999	0.7989492997904372	20345
5	121.0	0.45186	0.7430907868564074	25790
7	11.0	0.034820000000000004	0.055088110511795976	2177
8	123.0	0.48033999999999993	0.8174175075292168	23384
9	166.0	0.45952	0.7071569250229057	24240
10	117.0	0.45843999999999996	0.6657324756252134	20829
11	181.0	0.44920000000000004	0.8138476158303178	27885
12	195.0	0.47944000000000003	0.8170994650914204	33883
13	150.0	0.48186	0.800312789831887	30358
14	179.0	0.5360400000000001	0.7770118238375606	30208
15	178.0	0.49945999999999996	0.7632551045777528	31707
16	169.0	0.4936	0.7460264979549308	29256
17	195.0	0.5107	0.7451211412815095	32486
18	102.0	0.57426	0.8795960150340962	26211
19	121.0	0.55874	0.7634876737610728	29099
20	137.0	0.5486	0.7788170763765078	30166
21	173.0	0.54838	0.7724250143466691	32071
22	178.0	0.50628	0.7277909481029249	31342
23	168.0	0.54162	0.7248554928000717	29754
24	242.0	0.49560000000000004	0.70661797760154	33450
25	182.0	0.44748	0.7540750428466422	35522
26	221.0	0.48866	0.6912938309307286	36490
27	148.0	0.5690999999999999	0.8311413861811147	33574
28	198.0	0.50728	0.8257911973854233	39564
29	152.0	0.54124	0.8073420581835036	33146
30	160.0	0.5489599999999999	0.7889209390222153	34212
31	184.0	0.5075999999999999	0.7620236109772509	32945
32	140.0	0.5624799999999999	0.7522981670882299	33364
33	195.0	0.51316	0.7621538574569791	38610
34	176.0	0.45302	0.74603718575765	31978
35	177.0	0.44049999999999995	0.8258527505009993	30844
36	160.0	0.5306	0.8274174244430977	34855
37	164.0	0.52474	0.8100758663764317	37437
38	168.0	0.55716	0.8638278985987454	33774
39	115.0	0.5563999999999999	0.9145020079565995	30751
40	161.0	0.44158000000000003	0.828639918749804	34309
41	139.0	0.46032000000000006	0.892822530464764	34574
42	152.0	0.43510000000000004	0.8776639081258059	33558
43	167.0	0.4407000000000001	0.8090077642893998	31187
44	171.0	0.47125999999999996	0.7803476361700179	31660
45	116.0	0.57158	0.875702540158622	30271
46	162.0	0.48577999999999993	0.8270875979221842	31320
47	147.0	0.43076000000000003	0.7817504396311412	26133
48	195.0	0.46572	0.7024857903697768	32858
49	191.0	0.46656	0.7163480795172739	31696
50	135.0	0.42122	0.748488972146972	27038
51	137.0	0.46074	0.7997344576274447	24769
52	171.0	0.55068	0.8042235369606494	33478
53	181.0	0.5306000000000001	0.7575843167817261	33120
54	166.0	0.51742	0.7427141582522757	29920
55	177.0	0.51802	0.8079048853559139	31322
56	154.0	0.5233	0.8265792000686102	29514
57	153.0	0.47687999999999997	0.8213300409546292	26241
58	135.0	0.5171200000000001	0.8472687625816959	24956
59	115.0	0.3975800000000001	0.6611397007484963	13197
60	142.0	0.41314	0.7785127251469136	20845
61	151.0	0.41282	0.6635900645673248	17956
62	131.0	0.39292	0.6857187754102304	16388
63	120.0	0.42212000000000005	0.7242265381455044	16594
64	146.0	0.41104	0.5827482459646152	18257
65	140.0	0.41246000000000005	0.6892046708670633	19204
66	133.0	0.39843999999999996	0.8183705499167339	21321
67	155.0	0.40158	0.804052958489751	22695
68	144.0	0.48454	0.829570876897299	29707
69	160.0	0.5344000000000001	0.8004798490601328	33987
70	169.0	0.51168	0.7547064192231938	34004
71	158.0	0.5675600000000001	0.8160314507105317	36598
72	185.0	0.4919	0.7520328599167285	38543
73	171.0	0.5120999999999999	0.7588179343015511	34376
74	152.0	0.4602799999999999	0.8562271832825552	31047
75	152.0	0.5592	0.8195044944701546	34566
76	159.0	0.5661200000000001	0.854349974621962	37895
77	149.0	0.5349200000000001	0.8565913202819816	37532
78	142.0	0.46292	0.8657343979497065	31984
79	134.0	0.43805999999999995	0.9051308989566975	30301
80	155.0	0.4454600000000001	0.8339746334098207	32785
81	125.0	0.4897800000000001	0.8793280503936276	32477
82	147.0	0.4269799999999999	0.8349329783650142	56186
83	142.0	0.42912	0.8690791697447073	29993
84	148.0	0.40497999999999995	0.8616327603146262	27791
85	193.0	0.47794000000000003	0.6883814842206787	33620
86	186.0	0.49451999999999996	0.7086205501002913	33680
87	155.0	0.53286	0.8228077393809449	32505
88	106.0	0.58404	0.9425455120949837	29361
89	136.0	0.551	0.8843152435090708	33512
90	163.0	0.50068	0.7839904816278342	35505
91	154.0	0.47294	0.795676227431829	31601
92	152.0	0.52254	0.82897044904695	35672
93	180.0	0.48529999999999995	0.7409234280199081	35352
94	172.0	0.5170800000000001	0.7561822022132026	34771
95	135.0	0.5242	0.8187874873116184	28292
96	184.0	0.5159400000000001	0.8269370285360469	36002
97	175.0	0.5374	0.8308234027243773	37129
98	159.0	0.53406	0.7987285920364976	32282
99	184.0	0.46671999999999997	0.7315674169491244	30847
100	129.0	0.5097	0.6676598831880161	27857
101	147.0	0.42284	0.5772910952096758	26419
102	181.0	0.4784999999999999	0.7009672252245074	34354
103	205.0	0.45268	0.7117204583950476	32347
104	143.0	0.3987599999999999	0.8190766768525104	25834
105	152.0	0.42812	0.8445007531105699	28526
106	146.0	0.44343999999999995	0.8589051790911045	30164
107	150.0	0.4334200000000001	0.8779383920692252	30327
108	156.0	0.49451999999999996	0.8824835149084983	34489
109	162.0	0.4425	0.7822135907036006	33053
110	131.0	0.46179999999999993	0.8987979392052082	31679
111	110.0	0.4722800000000001	0.9133640549411521	25338
112	138.0	0.43862	0.8549337431171109	26191
113	120.0	0.4773800000000001	0.8811893571018675	25555
114	127.0	0.4382599999999999	0.9086892868678613	23932
115	152.0	0.44226000000000004	0.8472356979712836	24410
116	148.0	0.47035999999999994	0.8727926902650981	25960
117	139.0	0.42747999999999997	0.8693096078167443	24100
118	126.0	0.45496	0.8932260324842624	23189
119	137.0	0.50922	0.922824233128084	27044
120	141.0	0.46252000000000004	0.927754800797853	59816
121	120.0	0.47596000000000005	0.9023277667434957	23244
122	139.0	0.45460000000000006	0.842403234823318	24131
123	152.0	0.46422	0.8802109807012308	27787
124	148.0	0.44942	0.9159992161004781	27472
125	178.0	0.44892000000000004	0.8652480731257274	30323
126	149.0	0.4932	0.8631004442295972	32881
127	127.0	0.54006	0.9394293676955696	35576
128	124.0	0.49384	0.9071414928826985	30178
129	130.0	0.48829999999999996	0.9035063030187597	28794
130	121.0	0.41616	0.943232876235233	27449
131	128.0	0.49638	0.8685849656187443	31070
132	144.0	0.46304	0.7833692338389048	30549
133	160.0	0.4354199999999999	0.8559265997084032	33089
134	148.0	0.42032	0.7561201636921808	29877
135	152.0	0.41714	0.7034811534474136	32991
136	157.0	0.43138	0.8399457146483321	34901
137	159.0	0.43134	0.7792606708944182	29983
138	156.0	0.52318	0.9033898459322915	40642
139	175.0	0.48083999999999993	0.758418328562178	33273
140	156.0	0.49376000000000003	0.7779843735724299	32435
141	152.0	0.49272	0.7721984738165067	29816
142	158.0	0.5482199999999999	0.9083735148902721	34584
143	157.0	0.5314800000000001	0.8104622337672946	32938
144	159.0	0.5394	0.8208344566987024	34588
145	162.0	0.5407000000000001	0.7946085237809224	34574
146	146.0	0.56696	0.9087473616165732	30704
147	141.0	0.5201600000000001	0.7861735475058289	33702
148	173.0	0.47741999999999996	0.748448452629148	30692
149	146.0	0.53998	0.8922453562290348	33495
150	217.0	0.4938	0.7036646000902995	39691
151	182.0	0.50044	0.7567555060170695	35757
152	176.0	0.5075399999999999	0.8229306247408343	37513
153	164.0	0.47792000000000007	0.8382341724156217	36037
154	163.0	0.52302	0.8857188185212054	38834
155	140.0	0.49826	0.9257076778046497	33751
156	142.0	0.5109600000000001	0.9039586459986136	33981
157	170.0	0.44976	0.7936780505211932	33126
158	164.0	0.5035000000000001	0.8855753500524446	35907
159	163.0	0.5162	0.8863382151135505	41587
160	178.0	0.5264800000000001	0.8687173937832928	43416
161	169.0	0.5263	0.8431986895540224	40930
162	186.0	0.49207999999999996	0.801618548267715	42556
163	173.0	0.51436	0.8095602398636499	36578
164	190.0	0.4991799999999999	0.7785581491650961	41137
165	176.0	0.47731999999999997	0.7661143615290709	37506
166	156.0	0.45304	0.8563630526978205	37283
167	122.0	0.45710000000000006	0.932429448445901	29270
168	141.0	0.43386	0.9100855593989519	32709
169	115.0	0.3941200000000001	0.9184080147705708	24809
170	144.0	0.41332	0.9018337749564681	30841
171	143.0	0.45028000000000007	0.846716096917316	29676
172	148.0	0.48779999999999996	0.8722308708126579	30596
173	148.0	0.43148000000000003	0.8859438310044497	30467
174	130.0	0.47724000000000005	0.8623372812365324	26378
175	143.0	0.5007999999999999	0.8893658503871265	30474
176	121.0	0.44606	0.9047661332425005	23418
177	129.0	0.44592	0.8665641346181582	23234
178	127.0	0.47426	0.8767021772371176	21594
179	144.0	0.47542	0.8389553224610244	24635
180	117.0	0.48510000000000003	0.8486480803427499	21464
181	141.0	0.51298	0.8860432588870258	26002
182	122.0	0.5394599999999999	0.9312111560315393	24449
183	159.0	0.47229999999999994	0.8449461386588616	24917
184	185.0	0.4426	0.7965442145904369	25390
185	151.0	0.4222600000000001	0.8018262294516766	21491
186	157.0	0.4251	0.837086809099624	23200
187	165.0	0.4430199999999999	0.8092496306791431	25437
188	134.0	0.41818000000000005	0.8584197742889185	22272
189	148.0	0.4223799999999999	0.7750488868463816	23291
190	149.0	0.4317599999999999	0.7189076095250774	19097
191	144.0	0.43395999999999996	0.832595691340701	21883
192	146.0	0.45719999999999994	0.8261993446772461	22515
193	153.0	0.45277999999999996	0.869624211956405	23768
194	139.0	0.46486	0.8851076479785159	21936
195	145.0	0.43983999999999995	0.9208565783950092	21032
196	147.0	0.49916000000000005	0.9131843824516473	23604
197	141.0	0.48448	0.8552562833745739	23111
198	155.0	0.46702	0.8672149831381101	23511
199	156.0	0.47334000000000004	0.8659398959145826	22075
200	153.0	0.48632000000000003	0.8691335838795321	24046
201	176.0	0.47123999999999994	0.8361254007911998	24394
202	168.0	0.4650800000000001	0.8223130504576658	23151
203	150.0	0.42782	0.8404501716580315	20922
204	171.0	0.4687200000000001	0.8390311405453343	25375
205	145.0	0.4233	0.8892705459272161	20727
206	125.0	0.37201999999999996	0.9256827970971779	15873
207	121.0	0.38098000000000004	0.9106573000579239	15763
208	122.0	0.39013999999999993	0.8894854246591429	15908
209	146.0	0.40318	0.8747749238551125	20365
210	145.0	0.46128	0.86098267976978	24558
211	147.0	0.43803999999999993	0.8647697081005403	23885
212	139.0	0.42736	0.8996146356833511	22517
213	144.0	0.4648400000000001	0.8939486582804911	24237
214	159.0	0.48460000000000003	0.8970686263861192	25914
215	117.0	0.43612	0.9087182110737508	18315
216	148.0	0.42666	0.8700382198500292	17382
217	135.0	0.40269999999999995	0.8991096197052468	15679
218	121.0	0.42428000000000005	0.9083112735623453	13984
219	153.0	0.41926	0.888895942202868	16428
220	141.0	0.41104000000000007	0.8881227579018395	15894
221	134.0	0.41514	0.8216941081805378	15394
222	117.0	0.4512400000000001	0.9387415857189045	14707
223	125.0	0.44602	0.9351135183051077	16685
224	136.0	0.43035999999999996	0.9224841205976979	16811
225	120.0	0.42896	0.9158482463965097	14514
226	129.0	0.42252	0.9133165536112721	16102
227	134.0	0.44252	0.8511979820531299	16229
228	126.0	0.4295399999999999	0.9195878096079829	16365
229	109.0	0.43506	0.9500782082496187	16763
230	157.0	0.45132	0.9072493279441942	22332
231	112.0	0.40364	0.8938819948533383	16240
232	141.0	0.42552	0.9140233714797363	21827
233	144.0	0.4178	0.8879929265216059	21351
234	149.0	0.42024	0.8614700132090718	22228
235	142.0	0.4287	0.7841909851436406	23577
236	135.0	0.44642000000000004	0.8130339133137795	26669
237	140.0	0.4166	0.8119897243605156	22862
238	124.0	0.4027800000000001	0.9012240010917962	24942
239	127.0	0.37002	0.953722465533042	22304
240	128.0	0.36716	0.9217307556912143	21556
241	158.0	0.39311999999999997	0.8302540303249447	22397
242	133.0	0.43302	0.8842805753386077	21740
243	128.0	0.41616	0.8914451430247062	18846
244	129.0	0.38846	0.8503723039792406	18488
245	131.0	0.39994	0.902755869502455	18180
246	134.0	0.41208	0.872718256183719	19515
247	131.0	0.3856	0.813511783620543	15174
248	119.0	0.37642000000000003	0.9301381450423981	16603
249	136.0	0.39322	0.9152923284467683	17233
250	130.0	0.4081	0.8808843427906856	18251
251	128.0	0.41628	0.9011890519408343	17724
252	151.0	0.42238	0.8791738199624213	20733
253	143.0	0.42926000000000003	0.8695156533222923	21351
254	124.0	0.40135999999999994	0.9219965248834765	17386
255	124.0	0.4040000000000001	0.8904234959406316	17842
256	143.0	0.42031999999999997	0.8752221615761699	19834
257	129.0	0.48558	0.9023248364183998	22623
258	147.0	0.45690000000000003	0.897425376339212	28306
259	137.0	0.43194000000000005	0.8970593656165478	21333
260	120.0	0.41862	0.8789037077286354	19331
261	124.0	0.37215999999999994	0.9081403239720932	17508
262	125.0	0.37642	0.9296739300944951	18174
263	130.0	0.39785999999999994	0.9155444365433248	20009
264	123.0	0.38830000000000003	0.9221159113377455	21237
265	117.0	0.39514000000000005	0.9065204985592107	21532
266	129.0	0.40586	0.9064467423966119	25317
267	126.0	0.38809999999999995	0.9059991453118762	24094
268	144.0	0.39802	0.9386901543756525	31892
269	137.0	0.41397999999999996	0.890551659349625	28457
270	131.0	0.41054	0.9090722417984564	24982
271	114.0	0.37170000000000003	0.8957460636845848	18233
272	136.0	0.40049999999999997	0.9030740835953518	20842
273	115.0	0.39043999999999995	0.9027459814183363	18749
274	166.0	0.41503999999999996	0.8593492823300692	22657
275	125.0	0.3927999999999999	0.8339575079808963	19646
276	137.0	0.42332000000000003	0.8829297131112669	23009
277	150.0	0.42222000000000004	0.9263153076899944	24756
278	137.0	0.4177000000000001	0.8118364806692281	21758
279	128.0	0.3927800000000001	0.9478447984328835	24116
280	98.0	0.3509399999999999	0.9864854666789614	20034
281	111.0	0.39786	0.7264975286255045	17445
282	125.0	0.43613999999999997	0.8411825762746121	21955
283	122.0	0.4179	0.9158255139044275	21352
284	119.0	0.47197999999999996	0.9175429117510199	26791
285	144.0	0.4182600000000001	0.8976774684780198	26205
286	150.0	0.39824	0.8753795699437885	23588
287	139.0	0.41619999999999996	0.8866208562467419	22777
288	139.0	0.39444	0.8504833537442784	20871
289	157.0	0.42229999999999995	0.8969725322107849	22972
290	121.0	0.39612	0.8467442521560693	18228
291	119.0	0.3772	0.9214452396795115	18187
292	115.0	0.39343999999999996	0.9304717519335111	17611
293	141.0	0.4321400000000001	0.9256612680898504	21549
294	113.0	0.40126000000000006	0.9192336095004157	18118
295	136.0	0.37606	0.9159705470182619	19439
296	126.0	0.38814	0.9525875699483255	21666
297	133.0	0.41537999999999997	0.8917146335229369	21298
298	134.0	0.4166	0.911210599554615	22558
299	147.0	0.39590000000000003	0.9180205486248333	22408
300	135.0	0.42599999999999993	0.9260296755034301	25199
301	138.0	0.4065	0.9052381767811817	27079
302	129.0	0.3985199999999999	0.8422620070833203	26547
303	129.0	0.45082	0.9399474816880722	29133
304	139.0	0.41546	0.9363534051586809	25182
305	146.0	0.41490000000000005	0.805739741966076	25634
306	150.0	0.46181999999999995	0.9116250344293693	31564
307	118.0	0.45712	0.9393455564652252	26110
308	154.0	0.43194000000000005	0.6733650470741174	25595
309	140.0	0.42178000000000004	0.49809559560778144	16691
310	156.0	0.4624000000000001	0.43659652466812576	17265
311	161.0	0.44175999999999993	0.6204984255470077	25047
312	116.0	0.45486	0.5706005402448101	15436
313	145.0	0.43616	0.5193821266900481	16439
314	142.0	0.43556000000000006	0.42848515259882236	19398
315	126.0	0.43056000000000005	0.591734047653395	19153
316	156.0	0.46584	0.8510413141721698	31747
317	154.0	0.46675999999999995	0.8051311766185936	34223
318	141.0	0.41241999999999995	0.8879062647605535	29918
319	119.0	0.3974	0.8749258299208934	22523
320	123.0	0.39486000000000004	0.8659928108955209	23710
321	137.0	0.37854000000000004	0.749519424861791	24766
322	184.0	0.42974	0.6727737637642162	32208
323	163.0	0.44422000000000006	0.7698633199805772	32963
324	173.0	0.46406	0.7172340262447144	32985
325	199.0	0.46536	0.7018886736319303	36031
326	154.0	0.51414	0.7722907841031279	37284
327	108.0	0.5343800000000001	0.9095307370664366	30613
328	143.0	0.44917999999999997	0.8402157749187099	29104
329	141.0	0.41598	0.8632481160301835	25019
330	151.0	0.39480000000000004	0.8675054270937383	23151
331	139.0	0.41895999999999994	0.6410383987059629	20580
332	125.0	0.37059999999999993	0.31803927547057204	9030
333	147.0	0.39718000000000003	0.32228728732647766	20491
334	161.0	0.5138799999999999	0.3468462881146861	28044
335	127.0	0.5098600000000001	0.5931192852572561	21913
336	125.0	0.51432	0.8514044210846418	28360
337	135.0	0.45681999999999995	0.8681069920219457	27695
338	132.0	0.5235	0.7886347397468476	34268
339	112.0	0.49146	0.9529918110275756	33322
340	109.0	0.53244	0.9597319062626501	31388
341	113.0	0.51282	0.9122083211184687	29483
342	153.0	0.5133000000000001	0.8300732553830249	64566
343	159.0	0.44846	0.7363597385884801	31591
344	165.0	0.4847000000000001	0.7740974029427995	32523
345	123.0	0.51642	0.8982701548028191	34929
346	134.0	0.49356	0.8856853140181893	36483
347	138.0	0.48422000000000004	0.8680088508876748	32299
348	98.0	0.5584600000000001	0.9296668659893733	30579
349	134.0	0.5466000000000001	0.8733847196881751	35796
350	172.0	0.49182000000000003	0.7580545453259452	38314
351	156.0	0.5194000000000001	0.881439665249562	38380
352	121.0	0.5576599999999999	0.9608668107033779	30237
353	92.0	0.56546	0.9562824073774072	28847
354	108.0	0.5825	0.941973740538021	31486
355	125.0	0.50998	0.9122558676844659	36383
356	133.0	0.4571	0.878205170545676	33036
357	124.0	0.49065999999999993	0.848664325882172	32599
358	135.0	0.48474000000000006	0.8883626068582244	35029
359	179.0	0.46744	0.746874256091605	36035
360	135.0	0.56396	0.9420699917433362	36259
361	148.0	0.5291600000000001	0.9142455408550982	41910
362	136.0	0.54588	0.8731283257877429	30858
363	148.0	0.5341600000000001	0.8553361834222345	31989
364	138.0	0.49866	0.7962066845258736	30320
365	191.0	0.51974	0.6024829291369453	25371
366	135.0	0.5079	0.33921476526657646	5053
367	132.0	0.49356	0.3952159754639101	1762
368	144.0	0.43012	0.3096462094756344	703
369	130.0	0.38228	0.36094338193626424	6720
370	131.0	0.43420000000000003	0.3724459344556788	10912
371	144.0	0.42113999999999996	0.4797795877275973	14662
372	148.0	0.446	0.48143647912267157	16281
373	177.0	0.44398000000000004	0.4879495452732116	18642
374	143.0	0.39087999999999995	0.3814153873908046	13358
375	165.0	0.45212	0.7462068553881287	28681
376	182.0	0.4490799999999999	0.7922659555110555	30763
377	112.0	0.56404	0.9217501683420009	28534
378	123.0	0.56746	0.7304844728727928	20521
379	200.0	0.50164	0.2938444765414903	1816
380	175.0	0.5183800000000001	0.37778272999957474	2287
381	204.0	0.5038	0.26045977040064283	781
382	179.0	0.5067400000000001	0.38437757316298454	5930
383	141.0	0.47542	0.876501791277037	32201
384	108.0	0.5045200000000001	0.9226482106913235	26441
385	133.0	0.50954	0.9086386083737488	33677
386	137.0	0.47974000000000006	0.8243540713339407	27047
387	179.0	0.47275999999999996	0.76880544493302	30344
388	176.0	0.47420000000000007	0.7760152794649099	30710
389	158.0	0.47844000000000003	0.8159064984574659	27560
390	146.0	0.4143	0.7877280349655944	20868
391	140.0	0.43701999999999996	0.8383522171301274	24428
392	139.0	0.5257799999999999	0.8917004096378469	27538
393	133.0	0.46177999999999997	0.8827841539614724	24524
394	143.0	0.40716	0.8291705207370088	23034
395	171.0	0.45422000000000007	0.6804416301385444	28656
396	138.0	0.41436	0.8115709867189953	25569
397	165.0	0.4387	0.7741258118138757	30708
398	133.0	0.41778000000000004	0.8316165330067028	24916
399	135.0	0.43450000000000005	0.9183367953374114	27571
400	142.0	0.4271400000000001	0.8585720704712119	26558
401	128.0	0.41672	0.8662797833034808	26524
402	139.0	0.41903999999999997	0.8999527593410032	28948
403	116.0	0.43568000000000007	0.8552870678896306	24524
404	129.0	0.4196600000000001	0.5357174949951419	17394
405	131.0	0.37744	0.3528120667482751	9536
406	136.0	0.42768	0.30481189521973023	9874
407	126.0	0.49374	0.39668238905902936	7235
408	130.0	0.50664	0.3379704969151763	6161
409	165.0	0.49662	0.45383979082790715	18689
410	132.0	0.43939999999999996	0.5043974707908229	17168
411	140.0	0.43012	0.46876917421928055	15937
412	140.0	0.40925999999999996	0.5675868360353089	20910
413	152.0	0.42762	0.6831556205001378	24507
414	157.0	0.42034	0.559949704336068	22068
415	118.0	0.37782	0.5132505847948514	23340
416	103.0	0.40236000000000005	0.7743170431919597	20101
417	130.0	0.4787400000000001	0.8242601744963179	27783
418	143.0	0.48094000000000003	0.9050543042666187	30796
419	151.0	0.4678199999999999	0.7730109270480688	28793
420	171.0	0.43964	0.7409367912073959	32452
421	142.0	0.45204	0.888957262035571	29354
422	144.0	0.5183800000000001	0.8922758228949517	36477
423	130.0	0.5370600000000001	0.877833181685597	35392
424	106.0	0.52922	0.9151541321401744	58481
425	110.0	0.56454	0.9530159221306308	29347
426	119.0	0.52542	0.819177390284715	55850
427	155.0	0.46548	0.71838321847711	31767
428	112.0	0.45300000000000007	0.8149056593460409	25155
429	119.0	0.40873999999999994	0.5670273123031234	19749
430	128.0	0.40917999999999993	0.4817108008418717	36932
431	32.0	0.15624000000000002	0.1546312085419727	12952
433	64.0	0.22349999999999998	0.500920186596546	2316
434	154.0	0.40098	0.6878057252332509	22643
435	83.0	0.39427999999999996	0.8409654161246082	15094
436	142.0	0.44098	0.615028856811971	23757
437	147.0	0.41454	0.3918078085800748	20370
438	132.0	0.45568000000000003	0.6381274306447735	28510
439	146.0	0.4466800000000001	0.6766512143864859	19761
440	114.0	0.41326000000000007	0.713330666562695	15592
441	105.0	0.36619999999999997	0.6462866152911295	10939
442	103.0	0.33988000000000007	0.618470523233241	9174
443	76.0	0.37934000000000007	0.771582835781326	7724
444	81.0	0.41298	0.5870151263265883	21398
445	17.0	0.10623999999999999	0.03776853291419749	47219
505	69.0	0.27706	0.2752752268788035	44400
506	130.0	0.41752	0.5097598675031711	34035
507	128.0	0.4053	0.5484387742902859	26260
508	110.0	0.38942	0.6848270042120305	28766
509	88.0	0.3768	0.7333109679999047	20457
510	103.0	0.40468	0.6988762993484904	23585
511	128.0	0.42852	0.7865745097470463	38105
512	135.0	0.42221999999999993	0.8543339247637886	44072
513	143.0	0.48082	0.8635475378951679	54823
514	148.0	0.4709	0.8600883611659652	55095
515	126.0	0.49298000000000003	0.8138783321692484	51381
516	118.0	0.48082	0.9236335739129666	47676
517	133.0	0.4909200000000001	0.9484327672758419	56908
518	128.0	0.5042800000000001	0.9503852925509182	56525
519	131.0	0.5334	0.7495778013261138	48871
520	138.0	0.4271400000000001	0.6952631981419033	35207
521	124.0	0.48013999999999996	0.7272858661870629	38531
522	141.0	0.48118	0.9300645247988383	44674
523	120.0	0.42684000000000005	0.8792347974003281	34480
524	140.0	0.45994	0.8635316838758721	48077
525	155.0	0.4580199999999999	0.8922827196402554	52556
526	140.0	0.42912	0.929988520277646	48986
527	145.0	0.3996	0.8706398059442436	44597
528	112.0	0.36254000000000003	0.9215269384936589	31930
529	115.0	0.36912000000000006	0.9177186955902529	33003
530	162.0	0.41867999999999994	0.8102202338439418	45647
531	145.0	0.5142	0.6735365056480607	50398
532	125.0	0.42394000000000004	0.8195643917336857	38678
533	131.0	0.5085	0.9393218245764183	46879
534	143.0	0.4876	0.8802458831169141	47559
535	138.0	0.4474	0.7578517221546835	40205
536	151.0	0.5313599999999999	0.9226576171154628	50286
537	140.0	0.5191	0.9059108757838705	51516
538	159.0	0.47748000000000007	0.8251935904407403	67563
539	160.0	0.46385999999999994	0.8253344810131233	68027
540	149.0	0.51756	0.8752401258724231	67149
541	152.0	0.51962	0.8105066676435538	64445
542	203.0	0.44061999999999996	0.7395707210997449	63985
543	189.0	0.48392	0.6953502130360395	74582
544	145.0	0.50752	0.8912314328888425	68065
545	145.0	0.48488	0.8845322975012705	61024
546	120.0	0.5305799999999999	0.931937925540723	44279
547	155.0	0.47978000000000004	0.9017288292188951	49691
548	110.0	0.56072	0.9626390662408426	42602
549	133.0	0.5165	0.9216857207507024	51991
550	139.0	0.4663000000000001	0.8110217937885158	43951
551	168.0	0.42846000000000006	0.7953285515650801	43773
552	170.0	0.43492	0.7745079003863301	44411
553	187.0	0.43449999999999994	0.7324400804165292	43998
554	176.0	0.44245999999999996	0.7597396707569505	44940
555	161.0	0.40316	0.780057532329326	38464
556	161.0	0.39402000000000004	0.7853365755086038	36510
557	160.0	0.46448	0.807474007112299	41906
558	118.0	0.57806	0.9388210416512744	45359
559	152.0	0.43576	0.8379409231989029	46303
560	143.0	0.4120400000000001	0.8225823109335118	40973
561	135.0	0.40034	0.8253188361560851	35003
562	162.0	0.40509999999999996	0.8152995056817272	41945
563	141.0	0.40821999999999997	0.8699781261097588	39748
564	135.0	0.382	0.7486462368739898	34337
565	131.0	0.3979000000000001	0.8522233646794612	36272
566	138.0	0.38130000000000003	0.7394565630321162	34737
567	137.0	0.38538000000000006	0.8389010836741859	34546
568	148.0	0.41281999999999996	0.8659519620669025	43218
569	136.0	0.38272	0.8328105541327298	35067
570	156.0	0.43195999999999996	0.8687207761657996	45264
571	125.0	0.43994	0.9213633619893431	40072
572	168.0	0.41881999999999997	0.8701795706097296	43296
573	148.0	0.42129999999999995	0.8503938996663923	43555
574	138.0	0.39842	0.829390801580061	38088
575	120.0	0.37996	0.8286807830558512	33043
576	147.0	0.3935	0.8402370020667931	38003
577	137.0	0.49812000000000006	0.7274919145813074	43929
578	152.0	0.43362	0.5155741799648376	29578
579	200.0	0.48475999999999997	0.352037101567834	26988
580	184.0	0.52414	0.5072736628157049	42526
581	185.0	0.4399	0.4923131609698687	36605
582	160.0	0.4224000000000001	0.7151982178666106	39408
583	151.0	0.42672000000000004	0.7742959538268103	38111
584	186.0	0.43067999999999995	0.7670587949400047	40634
585	173.0	0.47712000000000004	0.7570821336887021	44976
586	169.0	0.43463999999999997	0.7022503026380534	37625
587	143.0	0.42428	0.6300036291714495	35286
588	158.0	0.42289999999999994	0.7989936208840865	41353
589	141.0	0.38094	0.8726500326622939	34906
590	125.0	0.36560000000000004	0.7471089721437857	32863
591	102.0	0.3722999999999999	0.825351104537504	27603
592	129.0	0.36745999999999995	0.9103427162103519	32444
593	141.0	0.3767600000000001	0.8646275864999446	31826
594	134.0	0.49071999999999993	0.8970782867296146	38381
595	156.0	0.5059600000000001	0.8382100098344945	48151
596	145.0	0.5104000000000001	0.8839751754410466	50969
597	128.0	0.52448	0.916393923466089	44798
598	147.0	0.47572000000000003	0.8437886751411297	40805
599	143.0	0.44168	0.7024871903365868	35805
600	147.0	0.43512000000000006	0.8636563818859326	38712
601	133.0	0.46308	0.7589038481965463	38976
602	169.0	0.45496000000000003	0.725105754684008	44278
603	132.0	0.45927999999999997	0.785036148758076	41300
604	196.0	0.4480200000000001	0.7296738468063286	46327
605	191.0	0.43501999999999996	0.5401135057961832	42318
606	137.0	0.41164	0.6688426865339894	34792
607	179.0	0.45468000000000003	0.3875460694561966	28319
608	174.0	0.45646000000000003	0.5253236845666355	35234
609	169.0	0.4443	0.7760319202335204	46458
610	150.0	0.39986	0.8175848511270145	36003
611	165.0	0.47008000000000005	0.853974105220712	45565
612	161.0	0.5098600000000001	0.8490291693522204	49909
613	146.0	0.43050000000000005	0.8103926507160307	40778
614	160.0	0.40590000000000004	0.7980141958165892	39715
615	180.0	0.43022	0.777233089843778	46044
616	98.0	0.5037999999999999	0.9268384796145845	38896
617	155.0	0.43518	0.8721174348832662	41566
618	128.0	0.40596	0.8893194611423777	38194
619	132.0	0.39996000000000004	0.8252952513242373	35259
620	135.0	0.38537999999999994	0.792079845294629	30557
621	123.0	0.38542000000000004	0.9008032166835819	30329
622	116.0	0.39136000000000004	0.8909740834975469	36817
623	120.0	0.39276000000000005	0.9047438729048244	36912
624	123.0	0.43636	0.7533018159409214	41305
625	132.0	0.45315999999999995	0.8043817863659892	45643
626	118.0	0.48212000000000005	0.8728767249783885	42155
627	132.0	0.43902	0.8629259532061803	40998
628	129.0	0.46398000000000006	0.9670762416959691	39717
629	118.0	0.45914	0.958268655050005	34582
630	157.0	0.44229999999999997	0.9695355563378846	42609
631	136.0	0.462	0.9566551425729257	37041
632	108.0	0.4524	0.9584893995723031	29668
633	150.0	0.44583999999999996	0.9625893188138384	39312
634	128.0	0.44578	0.941849026895514	35093
635	139.0	0.42550000000000004	0.919812428890189	33932
636	115.0	0.47412	0.9448937260588565	42650
637	122.0	0.44817999999999997	0.9565316146935842	34424
638	124.0	0.4427	0.9685295571179215	33033
639	122.0	0.4372	0.953936611742223	35085
640	138.0	0.4333599999999999	0.9477204288242198	36967
641	136.0	0.43937999999999994	0.9615915276195312	36808
642	122.0	0.4354	0.9635549274492357	40196
643	121.0	0.42806	0.9624196632458097	42267
644	135.0	0.43168	0.8499907058834331	46384
645	132.0	0.4639999999999999	0.9505018442536566	49690
646	133.0	0.4367999999999999	0.9640612939613498	37053
647	116.0	0.42133999999999994	0.7728529354060624	29972
648	138.0	0.42114000000000007	0.842097197124142	32115
649	121.0	0.44896	0.9799134753959877	35613
650	127.0	0.4162800000000001	0.7195520458569815	29536
651	103.0	0.43108	0.9407193060967893	31146
652	146.0	0.41863999999999996	0.7903116504016482	33732
653	128.0	0.41181999999999996	0.8737749363302647	32720
654	132.0	0.44218	0.9598908210111817	40936
655	120.0	0.48538	0.9709328728593314	37853
656	92.0	0.47617999999999994	0.9885469043238129	30413
657	111.0	0.4679	0.9827567732391963	32265
658	117.0	0.52092	0.9833454267681799	36447
659	132.0	0.52134	0.9783708287576841	40973
660	112.0	0.44927999999999996	0.9529915261044964	31362
661	124.0	0.47082	0.9516318885325141	36212
662	139.0	0.48758	0.9506572050720894	38688
663	118.0	0.48001999999999995	0.9690370901575465	35610
664	144.0	0.47006	0.9154901109339773	43612
665	136.0	0.38762	0.8891171894882421	36889
666	159.0	0.45929999999999993	0.923227575970563	50750
667	161.0	0.43095999999999995	0.8032247597124418	44342
668	157.0	0.45748	0.8452396599767802	44994
669	161.0	0.48822000000000004	0.8827619208786021	49815
670	134.0	0.43360000000000004	0.7209015043407255	33619
671	132.0	0.42544	0.8779114942258083	33316
672	151.0	0.41655999999999993	0.6787717632561515	36850
673	156.0	0.40055999999999997	0.8003618260070146	37302
674	124.0	0.3917	0.7114978440080169	27679
675	142.0	0.41434	0.8420772538861317	36032
676	137.0	0.42827999999999994	0.7445382570578478	38202
677	151.0	0.42152	0.7443584130503798	46734
678	133.0	0.40246000000000004	0.8756515179203634	40231
679	135.0	0.3882000000000001	0.8849106567348102	37333
680	129.0	0.40376000000000006	0.8827985773326992	37672
681	134.0	0.5245000000000001	0.9163670746590734	47075
682	136.0	0.45525999999999994	0.8481088546353486	41255
683	176.0	0.43735999999999997	0.8317468337773007	42924
684	159.0	0.45754	0.8453695302172213	46536
685	155.0	0.44082	0.778171882796469	44279
686	152.0	0.4500599999999999	0.8422362216625038	40003
687	144.0	0.4196600000000001	0.8882278493856471	33080
688	128.0	0.4371799999999999	0.6619146750361419	29770
689	141.0	0.45934	0.6301919752132943	26950
690	121.0	0.47490000000000004	0.3118524435877619	1426
691	142.0	0.49007999999999996	0.17897351204186907	986
692	115.0	0.45019999999999993	0.33008768746813694	1968
693	80.0	0.21506	0.09872813438455848	692
694	70.0	0.22708000000000003	0.07947088798045818	1470
695	141.0	0.47641999999999995	0.2762082583179077	5166
696	135.0	0.50482	0.667539016430133	27448
697	130.0	0.47491999999999995	0.8890404774687749	38097
698	164.0	0.4328999999999999	0.7990760292604258	38783
699	128.0	0.5195000000000001	0.9050974876098596	45450
700	125.0	0.51306	0.916926873595952	42257
701	122.0	0.48449999999999993	0.932357717371166	41174
702	132.0	0.49164	0.9229129822865716	42853
703	149.0	0.48635999999999996	0.90354452535787	43040
704	122.0	0.51098	0.9121673453568462	42530
705	108.0	0.51696	0.9247415501041891	38149
706	114.0	0.40596	0.9237810702864072	34399
707	124.0	0.39892000000000005	0.8894153920972738	35241
708	133.0	0.45806	0.8894882583275668	40339
709	132.0	0.42346000000000006	0.9428139812853379	41468
710	131.0	0.39246000000000003	0.910631034368804	35475
711	109.0	0.38144	0.9296990706361489	31467
712	145.0	0.39713999999999994	0.879872165768604	40592
713	159.0	0.42003999999999997	0.7425344195814358	39684
714	184.0	0.44736	0.7213652326862781	48035
715	170.0	0.43720000000000003	0.7718919924372957	43993
716	143.0	0.42794	0.816692309717649	36846
717	124.0	0.44884	0.8631884432975672	37605
718	138.0	0.3968	0.8345309739255948	36512
719	160.0	0.39658	0.8563960528761955	39064
720	127.0	0.42982	0.8707604327272181	36801
721	137.0	0.47476	0.9416339596450941	40851
722	127.0	0.45288000000000006	0.8583098648185936	34501
723	166.0	0.45177999999999996	0.8750676045687774	44881
724	147.0	0.42542	0.6589906906955707	30799
725	136.0	0.47576000000000007	0.2887322329644032	11039
726	149.0	0.4625599999999999	0.2185915379860761	23308
727	137.0	0.39956	0.4649044153376935	62637
728	187.0	0.45892000000000005	0.39937731926621595	33154
729	174.0	0.49155999999999994	0.6871796304513039	38452
730	151.0	0.44848	0.8200866729332571	40341
731	149.0	0.5289200000000001	0.8824265604571655	49161
732	132.0	0.5631799999999999	0.646383397637074	40386
733	143.0	0.5133	0.5642043211146596	39542
734	124.0	0.5703	0.9677635262640104	45115
735	153.0	0.50796	0.7832107227297954	42840
736	185.0	0.50262	0.790102285107034	51381
737	135.0	0.5595	0.8924766176875384	50315
738	179.0	0.50726	0.8408704230620636	51794
739	187.0	0.48358000000000007	0.7006022032795679	47284
740	169.0	0.50968	0.8241974589019555	50588
741	135.0	0.48297999999999996	0.8243865214632143	42624
742	169.0	0.41956000000000004	0.7113113321748181	42876
743	169.0	0.4485	0.7747615253151439	47867
744	128.0	0.49518	0.8635090742622948	47002
745	163.0	0.5003	0.854713691880504	51401
746	160.0	0.5277000000000001	0.8214708147643597	48166
747	152.0	0.54982	0.8559388870924499	49185
748	167.0	0.43686	0.797382725977183	41966
749	152.0	0.43006	0.7377072259403392	40817
750	195.0	0.4364	0.71103484078924	45621
751	193.0	0.45202	0.732747036432453	43591
752	212.0	0.45130000000000003	0.6947715741321966	48651
753	150.0	0.4263199999999999	0.8019297223319121	39860
754	158.0	0.49315999999999993	0.8526235581581636	45285
755	125.0	0.56194	0.9535379670970917	48897
756	127.0	0.5473999999999999	0.8966298353456904	49416
757	153.0	0.5343199999999999	0.8691283948126072	46963
758	139.0	0.46130000000000004	0.8980631165870805	45448
759	157.0	0.40956	0.8594545675836954	41713
760	129.0	0.38386	0.8695098157754995	36558
761	158.0	0.48669999999999997	0.8384568447675339	50861
762	173.0	0.5080600000000001	0.8483159826361681	55413
763	162.0	0.5197999999999999	0.8048221822599124	51907
764	152.0	0.5295799999999999	0.838522138273576	46000
765	155.0	0.49972	0.8714696209256995	49356
766	159.0	0.48533999999999994	0.7959240090125725	46091
767	174.0	0.47342000000000006	0.6619088809341741	45021
768	167.0	0.45793999999999996	0.7805269128002883	46023
769	120.0	0.52164	0.919871368696623	45397
770	144.0	0.51746	0.832102522454243	46719
771	176.0	0.45318	0.8250429126142383	52765
772	145.0	0.5308999999999999	0.9006961364391517	52159
773	138.0	0.49648000000000003	0.9038492919075434	53790
774	118.0	0.46244	0.8220345437492349	41879
775	143.0	0.42564	0.9409102411072763	45969
776	116.0	0.39087999999999995	0.8979785498232561	35292
777	138.0	0.41043999999999997	0.903031540890291	34827
778	146.0	0.39111999999999997	0.8982451225106043	35482
779	111.0	0.39580000000000004	0.9276966284902832	40928
780	125.0	0.39397999999999994	0.9201744580556601	34907
781	137.0	0.4211	0.9122953036893064	36198
782	147.0	0.3999400000000001	0.9122605631630224	35687
783	92.0	0.39168	0.9338696471314419	25457
784	102.0	0.39928	0.7854709591612409	24834
785	100.0	0.4001400000000001	0.7382965606532315	23435
786	128.0	0.39826	0.8826420660689072	29908
787	141.0	0.4037800000000001	0.5732998792266308	27944
788	148.0	0.40016000000000007	0.7747144606606488	26710
789	140.0	0.46415999999999996	0.936390019528374	39070
790	161.0	0.4291	0.9044499728927327	40223
791	134.0	0.46432	0.9099768410000467	41636
792	143.0	0.48485999999999996	0.9233608073519329	49454
793	137.0	0.52944	0.9443391525174619	60251
794	174.0	0.5050399999999999	0.8696541619667205	56966
795	137.0	0.53972	0.7113296175316264	91370
796	143.0	0.5177200000000001	0.8423335714389908	53946
797	163.0	0.51742	0.7802952534559797	49889
798	147.0	0.53654	0.7870064539571436	45724
799	178.0	0.5269400000000001	0.7994935143670162	54544
800	175.0	0.47252000000000005	0.7745931200114547	47953
801	164.0	0.5096400000000001	0.8475879423643775	53431
802	178.0	0.49426000000000003	0.812742082191702	51859
803	158.0	0.49774000000000007	0.8123619830024729	51952
804	160.0	0.5294000000000001	0.8579750605566027	50714
805	164.0	0.5313	0.8764538666798102	57071
806	156.0	0.53908	0.8295656366031172	49772
807	154.0	0.45652000000000004	0.7733170359753871	41889
808	139.0	0.45796	0.8298982849140598	50431
809	162.0	0.49119999999999997	0.8046076277301776	51790
810	175.0	0.4488	0.7543117511069695	49455
811	187.0	0.48284000000000005	0.7741582615046038	53217
812	170.0	0.44256000000000006	0.7363393935801005	47321
813	147.0	0.5093000000000001	0.8175030913161737	50469
814	182.0	0.5107	0.8191819607652424	55465
815	193.0	0.46974000000000005	0.7487848433027726	53438
816	142.0	0.5467	0.8507031549790653	48317
817	186.0	0.45722	0.7823998151521788	49533
818	174.0	0.5086200000000001	0.8388970937598614	54249
819	161.0	0.4644	0.8431231654031378	49696
820	163.0	0.49815999999999994	0.8037860840496382	49976
821	170.0	0.4538	0.7767472140990493	49618
822	178.0	0.47633999999999993	0.7242785798876121	46868
823	203.0	0.50894	0.8087208790768619	56071
824	160.0	0.42519999999999997	0.7950869766248038	42547
825	179.0	0.4555200000000001	0.6698505049753675	42648
826	152.0	0.44068000000000007	0.6662795761837091	41014
827	182.0	0.48512	0.7532391913828305	82899
828	154.0	0.45330000000000004	0.8020647763455954	89748
829	164.0	0.48997999999999997	0.8178426833925896	62832
830	151.0	0.45586	0.763280517347339	41943
831	169.0	0.44165999999999994	0.8088850428364007	50953
832	161.0	0.50196	0.8368004697184526	51758
833	183.0	0.48961999999999994	0.8068929182646992	53909
834	157.0	0.50168	0.8380339150575011	47658
835	156.0	0.5017400000000001	0.8802313310106579	50244
836	132.0	0.48284	0.9066013829584227	46244
837	149.0	0.46486	0.7833762409721152	49002
838	161.0	0.49848000000000003	0.8692425197013972	52730
839	136.0	0.5107	0.8774327073011977	49235
840	150.0	0.506	0.7841994467542277	53807
841	153.0	0.5059999999999999	0.8075263720195812	53821
842	169.0	0.47489999999999993	0.746675891764713	50682
843	159.0	0.55294	0.8669112428558505	59359
844	196.0	0.50934	0.7269030011317278	61345
845	115.0	0.5664999999999999	0.879571757157518	43616
846	177.0	0.5265	0.7876429309352263	57708
847	175.0	0.51638	0.8299388003081224	56353
848	156.0	0.54462	0.7957809465760569	53699
849	160.0	0.47315999999999997	0.8447147558626109	49698
850	147.0	0.39654000000000006	0.8270504529732673	42823
851	178.0	0.4366	0.7329565310959382	51202
852	174.0	0.50298	0.7947299809405045	53746
853	162.0	0.48991999999999997	0.8317464035664762	50234
854	170.0	0.43005999999999994	0.8195070108094655	44063
855	191.0	0.43027999999999994	0.7779672195064986	49499
856	153.0	0.5277	0.8456914961686777	48442
857	168.0	0.48763999999999996	0.7896645394940461	50668
858	182.0	0.48729999999999996	0.7916560052872337	54478
859	147.0	0.48994000000000004	0.879892149457937	52743
860	148.0	0.5168200000000001	0.8600358087468396	49322
861	153.0	0.53126	0.8695107548151757	54185
862	188.0	0.49852	0.7595013300756681	59305
863	161.0	0.51746	0.8367193234959148	50778
864	147.0	0.53254	0.8331642091566691	54934
865	201.0	0.49090000000000006	0.657675532915922	54826
866	119.0	0.56118	0.9514117063470999	54952
867	170.0	0.4942999999999999	0.8638976060827469	61224
868	154.0	0.46814	0.8168408714613469	58288
869	131.0	0.51994	0.8536264279840436	47168
870	125.0	0.53384	0.5967226261166328	35491
871	122.0	0.47518	0.35476672605004683	21587
872	140.0	0.41979999999999995	0.23183618714749354	11264
873	157.0	0.4596	0.4919320922665611	42065
874	147.0	0.47224000000000005	0.8319953644491108	44042
875	131.0	0.47297999999999996	0.9301544820670542	42699
876	125.0	0.4872600000000001	0.9248080423519575	39956
877	119.0	0.5329200000000001	0.9450009335360421	43229
878	121.0	0.5309999999999999	0.9241418199241633	46082
879	163.0	0.4789200000000001	0.8918209415422302	51811
880	150.0	0.47367999999999993	0.8694245918209894	50031
881	138.0	0.5171600000000001	0.870245708411551	49925
882	151.0	0.4312	0.9133956393095543	45585
883	120.0	0.39016	0.8538233718536794	57720
884	144.0	0.40137999999999996	0.8933443927599852	69855
885	144.0	0.42596000000000006	0.7739233906039983	63351
886	171.0	0.4736399999999999	0.46134589964259803	51745
887	148.0	0.42374	0.31772261619224706	26016
888	136.0	0.4465	0.33186012229005313	1815
889	156.0	0.39756	0.4384966317250642	942
890	100.0	0.36837999999999993	0.4752710352294993	166
891	149.0	0.41275999999999996	0.30156351131527936	8044
892	131.0	0.43526000000000004	0.2511046255161878	4224
893	150.0	0.41692	0.43387936733353266	2494
894	127.0	0.37838	0.46573238643414944	2366
895	110.0	0.38203999999999994	0.5794165818922452	13751
896	124.0	0.43262	0.9311830641061536	40989
897	138.0	0.53806	0.8936276856971183	52070
898	138.0	0.50574	0.854919586613049	47832
899	129.0	0.49966	0.8671667540006159	45600
900	147.0	0.47209999999999996	0.89768341347135	52726
901	150.0	0.47130000000000005	0.6931641797871525	41149
902	110.0	0.43335999999999997	0.38269323549524537	22639
903	170.0	0.41910000000000003	0.7267515127325967	45075
904	166.0	0.39052	0.8036411923438287	42540
905	151.0	0.42879999999999996	0.8832740712522708	51370
906	134.0	0.46112	0.8741674830541613	49417
907	145.0	0.4576	0.9077958191823994	57629
908	119.0	0.3784	0.8459292956025242	34464
909	108.0	0.38046	0.7830695217678457	28506
910	137.0	0.39336000000000004	0.6235857031317834	32516
911	202.0	0.4575	0.41708252442513055	38410
912	168.0	0.43211999999999995	0.420669667881129	30622
913	129.0	0.3932999999999999	0.6708342965601236	32467
914	162.0	0.44227999999999995	0.8256579407811743	48832
915	130.0	0.5224	0.9192549816420753	49882
916	142.0	0.46598	0.8588127507009814	44464
917	144.0	0.50324	0.8913132896734063	48772
918	164.0	0.52896	0.9183317468807702	65136
919	158.0	0.49419999999999986	0.8488081915496367	60063
920	145.0	0.50802	0.8630432421892025	59783
921	158.0	0.49606	0.8430255367186298	60183
922	131.0	0.5059	0.8734105777959033	49645
923	175.0	0.4695	0.7174954752853779	50835
924	140.0	0.441	0.8508643909702793	50720
925	112.0	0.408	0.9087086809840951	43087
926	113.0	0.37939999999999996	0.9313193773258278	43426
927	138.0	0.37138	0.9477913659463062	41579
928	120.0	0.36757999999999996	0.8979042780003219	39188
929	123.0	0.39221999999999996	0.8766395515509752	40952
930	134.0	0.43921999999999994	0.8968551393981641	51822
931	175.0	0.45716000000000007	0.8478048951857032	61696
932	123.0	0.50578	0.9464816645249393	49444
933	114.0	0.5329999999999999	0.9927388715998632	46724
934	138.0	0.4844199999999999	0.8832696763867971	50692
935	174.0	0.44165999999999994	0.8673479534937883	53330
936	153.0	0.4915800000000001	0.9128647251586007	51337
937	140.0	0.4671600000000001	0.8120661483340759	49422
938	161.0	0.44870000000000004	0.7601349363952645	47432
939	177.0	0.4741	0.7614644394439457	53251
940	193.0	0.49091999999999997	0.7196869957406354	54956
941	136.0	0.46054	0.8441636878384331	45124
942	165.0	0.46878	0.8443229489777305	48099
943	170.0	0.44276	0.831437994335813	52029
944	170.0	0.45948	0.7268485881625798	46032
945	165.0	0.48310000000000003	0.7846083164420926	53638
946	168.0	0.50714	0.7611290376799752	52806
947	172.0	0.4308600000000001	0.7993771960437338	49512
948	179.0	0.43018000000000006	0.8000047557274335	49211
949	153.0	0.47816	0.8088799098972593	54285
950	126.0	0.5055799999999999	0.8973910713394837	47865
951	131.0	0.54184	0.9463319613883747	50640
952	146.0	0.49532000000000004	0.8439561829753133	51100
953	161.0	0.47102000000000005	0.9188753440861004	56252
954	144.0	0.39949999999999997	0.8161805827205717	42746
955	163.0	0.47412000000000004	0.8632149172082714	58774
956	160.0	0.46147999999999995	0.8489892863811689	60301
957	157.0	0.43401999999999996	0.845728101743249	50906
958	135.0	0.50566	0.8851919713310548	53003
959	130.0	0.5410999999999999	0.9230728662022155	51121
960	142.0	0.54154	0.9033073560988044	49545
961	141.0	0.49414	0.8849818283136713	46876
962	133.0	0.51688	0.9162182554169809	48301
963	113.0	0.5379799999999999	0.9307298021869428	46635
964	115.0	0.5570799999999999	0.9435662138183144	49284
965	117.0	0.5446599999999999	0.9542379414592923	51386
966	132.0	0.46896	0.8508829241539826	43338
967	144.0	0.48588000000000003	0.8703949632934647	54046
968	125.0	0.50576	0.9076181406702276	49694
969	160.0	0.46159999999999995	0.7295761919265987	53440
970	165.0	0.49904000000000004	0.8807477459029203	56197
971	143.0	0.48780000000000007	0.877114107260829	55639
972	132.0	0.5700600000000001	0.9647970446718164	51795
973	129.0	0.56696	0.9830464939598464	52899
974	138.0	0.5246400000000001	0.8870548648313573	54598
975	129.0	0.4831999999999999	0.8677253831859373	49524
976	149.0	0.41635999999999995	0.8594398594199292	45718
977	152.0	0.49268	0.8298492644417506	53864
978	137.0	0.48597999999999997	0.9015494679463324	50786
979	147.0	0.48056	0.8653934847563144	53284
980	146.0	0.49245999999999995	0.8867190579217756	57857
981	130.0	0.38534	0.8939524142251046	38336
982	121.0	0.38122	0.8685620884663776	36087
983	180.0	0.4380200000000001	0.7513949751459391	46613
984	200.0	0.47162	0.7307776288144141	56879
985	139.0	0.3990600000000001	0.8456838590626599	40815
986	141.0	0.40698	0.8630543655742963	42744
987	143.0	0.40148000000000006	0.7224128526009261	36432
988	138.0	0.45254000000000005	0.799044069050867	39755
989	130.0	0.4429199999999999	0.9205186821676435	37034
990	129.0	0.43048000000000003	0.8289477917291397	33906
991	126.0	0.40874000000000005	0.8891158370189403	28660
992	125.0	0.41889999999999994	0.8906303772516088	29333
993	124.0	0.4132399999999999	0.8648353491172416	25338
994	135.0	0.4327	0.8960138031631156	26880
995	124.0	0.41922000000000004	0.9178005268566892	24458
996	132.0	0.41538	0.9642590885269351	23820
997	134.0	0.41300000000000003	0.9487082812741783	25116
998	122.0	0.4084999999999999	0.9733417556693151	22093
999	102.0	0.39165999999999995	0.9535793680787192	17897
1000	108.0	0.37514000000000003	0.987288486890995	17724
1001	123.0	0.3551	0.9265521428345349	18167
1002	118.0	0.38384	0.9414719068404795	18873
1003	109.0	0.38939999999999997	0.9412872734552368	18075
1004	119.0	0.39153999999999994	0.9697665075917545	19121
1005	109.0	0.3738	0.9375874425690328	16763
1006	113.0	0.37257999999999997	0.9711206367861865	17788
1007	114.0	0.37228	0.9195429467026893	16884
1008	123.0	0.3668	0.7718172008468576	16543
1009	106.0	0.38938	0.8075434001192132	14586
1010	111.0	0.37294	0.8481924218033324	16927
1011	117.0	0.3693399999999999	0.9514229248655633	16798
1012	118.0	0.36372	0.9313666864051241	17505
1013	110.0	0.38550000000000006	0.8222886007692697	16515
1014	102.0	0.36232	0.9053393727172636	14231
1015	97.0	0.3696999999999999	0.9697355284019636	14398
1016	103.0	0.36858	0.9325081668133212	15868
1017	109.0	0.35403999999999997	0.8995951138230907	15313
1018	107.0	0.36385999999999996	0.934103342747173	14931
1019	97.0	0.36469999999999997	0.9278656324405571	15725
1020	118.0	0.3586399999999999	0.890179100472999	17341
1021	102.0	0.3642399999999999	0.9297399522212227	15148
1022	103.0	0.3518400000000001	0.9413652603726117	15117
1023	106.0	0.3515	0.9258652905788921	15753
1024	92.0	0.34319999999999995	0.9597405355779035	14132
1025	128.0	0.35478000000000004	0.8918128760999918	17192
1026	114.0	0.34874000000000005	0.9244336377357519	16215
1027	93.0	0.34395999999999993	0.9344070150408282	13664
1028	115.0	0.361	0.8669467255494812	16775
1029	106.0	0.34678000000000003	0.9109183403175112	16791
1030	125.0	0.37515999999999994	0.9206164901084233	19771
1031	101.0	0.35028000000000004	0.93260054387826	16749
1032	98.0	0.3441	0.9071294189784745	15995
1033	104.0	0.34922000000000003	0.915411317029824	19483
1034	108.0	0.35748	0.9416115662880692	21337
1035	108.0	0.36693999999999993	0.9247188110653731	21263
1036	101.0	0.37328000000000006	0.833063514335465	20276
1037	115.0	0.37482000000000004	0.8282722713805188	20374
1038	110.0	0.36648	0.859020698191956	20786
1039	114.0	0.35538000000000003	0.8329161510429948	18572
1040	103.0	0.35396	0.9312444555605442	15619
1041	100.0	0.37036	0.9519904620550594	16282
1042	124.0	0.36260000000000003	0.870085041832828	18386
1043	128.0	0.3705399999999999	0.862571133499507	19808
1044	131.0	0.3572800000000001	0.7563494844043179	17788
1045	120.0	0.3686	0.9182368392400218	18769
1046	99.0	0.3670999999999999	0.9299500966446472	15729
1047	123.0	0.38452000000000003	0.8010557129854746	19239
1048	96.0	0.37276000000000004	0.8691949261582845	16474
1049	97.0	0.37861999999999996	0.864875171693768	15729
1050	125.0	0.37255999999999995	0.8040250546527855	19133
1051	101.0	0.36745999999999995	0.9045524604223002	16929
1052	125.0	0.37300000000000005	0.9111191804599138	19169
1053	104.0	0.37181999999999993	0.855054562831189	16911
1054	119.0	0.3745200000000001	0.8045713836180565	19658
1055	116.0	0.36614	0.8143861159468175	18918
1056	128.0	0.37484000000000006	0.9115478671910211	24670
1057	138.0	0.37524	0.8819175929669669	29173
1058	125.0	0.39188	0.8888909192680674	33291
1059	115.0	0.40952000000000005	0.8883219674957777	32639
1060	136.0	0.40676	0.8966622509941624	37302
1061	123.0	0.36780000000000007	0.8591342679391838	32699
1062	84.0	0.3411600000000001	0.9497416439855257	23837
1063	112.0	0.36302000000000006	0.8430153369646417	30917
1064	120.0	0.37311999999999995	0.9645335871508938	31609
1065	118.0	0.39901999999999993	0.9608867806120561	31834
1066	127.0	0.4358400000000001	0.9240363488018329	38985
1067	147.0	0.42949999999999994	0.9598003089465412	43669
1068	135.0	0.42290000000000005	0.9178209404184254	44263
1069	141.0	0.4225999999999999	0.8935908539929331	39185
1070	169.0	0.4324	0.8207254157869064	50550
1071	135.0	0.41162000000000004	0.7602471649662471	35400
1072	142.0	0.40374000000000004	0.8232457206116683	37449
1073	121.0	0.37799999999999995	0.9390131148372016	32669
1074	138.0	0.40668000000000004	0.9650633831206263	39014
1075	118.0	0.40293999999999996	0.9359079626707208	37407
1076	118.0	0.39708	0.9549964551406376	42348
1077	133.0	0.39230000000000004	0.844119217800011	39991
1078	125.0	0.39155999999999996	0.9569429168407098	32339
1079	116.0	0.4029	0.8825020781698906	25010
1080	116.0	0.3933	0.8160127987349698	24762
1081	123.0	0.3982	0.8136181742292313	25163
1082	131.0	0.4073799999999999	0.8368257819697454	25363
1083	118.0	0.40943999999999986	0.9615259224696721	26031
1084	115.0	0.4167	0.9519611109671919	24956
1085	153.0	0.40438	0.8486183254684534	25842
1086	113.0	0.38272000000000006	0.9418703070549375	23533
1087	124.0	0.38962	0.8969842717669203	24247
1088	118.0	0.379	0.8467300904129269	23788
1089	118.0	0.38648000000000005	0.7252404713271513	20796
1090	132.0	0.39632	0.944679279313043	27742
1091	127.0	0.40172	0.9832689672963391	29996
1092	139.0	0.42426	0.9514928654717059	35293
1093	130.0	0.46066	0.9428512504474679	34293
1094	136.0	0.4476	0.9298557305138901	37967
1095	142.0	0.45316	0.917959134925776	41401
1096	114.0	0.46718	0.9164121968744862	40823
1097	112.0	0.44378	0.9494981874596559	40169
1098	135.0	0.40354000000000007	0.9099742589315892	41349
1099	149.0	0.4613999999999999	0.8822494011806409	52357
1100	162.0	0.42082	0.7603625036765177	48546
1101	156.0	0.45230000000000004	0.8646486675834653	52737
1102	171.0	0.4402	0.8239015763974401	51480
1103	155.0	0.4842000000000001	0.9306889638634517	58050
1104	143.0	0.46399999999999997	0.8478599884916181	48114
1105	164.0	0.42662	0.8800358345466991	50793
1106	139.0	0.42644	0.9068400810992429	45523
1107	128.0	0.46765999999999996	0.9290809830072347	50371
1108	128.0	0.44994	0.9419156491903833	52344
1109	133.0	0.46276000000000006	0.9186576018764679	50079
1110	135.0	0.48396	0.9216890008397981	50617
1111	114.0	0.47373999999999994	0.9334783094009736	44909
1112	116.0	0.48234	0.9678131729786066	50219
1113	116.0	0.48246	0.9374831425646595	42679
1114	124.0	0.5094	0.9665682227571513	51397
1115	101.0	0.43646	0.9508357770342339	38613
1116	139.0	0.47100000000000003	0.9323725364099116	49076
1117	152.0	0.44348000000000004	0.8813904744135329	46440
1118	150.0	0.48617999999999995	0.8673254249886048	54478
1119	132.0	0.51324	0.8945748529853293	49674
1120	157.0	0.49501999999999996	0.8474320352841042	50225
1121	131.0	0.41590000000000005	0.872536236673322	44606
1122	154.0	0.44855999999999996	0.8795612039283797	47396
1123	129.0	0.44112000000000007	0.8974467034302188	42514
1124	119.0	0.4120600000000001	0.8551814777422865	36284
1125	131.0	0.48597999999999997	0.9111346005977163	53186
1126	137.0	0.45622000000000007	0.9284176807562906	47464
1127	129.0	0.50246	0.9175328894762993	47101
1128	117.0	0.52352	0.9339013460531106	53498
1129	132.0	0.39708000000000004	0.9357757968613911	49693
1130	146.0	0.3965000000000001	0.8295323624300459	41924
1131	154.0	0.46596	0.8632324740779119	50204
1132	144.0	0.4678600000000001	0.8909788871761003	49188
1133	180.0	0.45443999999999996	0.8078999141752274	52546
1134	187.0	0.46172	0.7310162439983013	53056
1135	189.0	0.43990000000000007	0.7086943390036514	48786
1136	141.0	0.40702	0.7851066491120886	39633
1137	175.0	0.38227999999999995	0.810361241766295	43576
1138	173.0	0.40226	0.7319634233166116	41474
1139	146.0	0.38766	0.8164565893705109	35829
1140	155.0	0.40490000000000004	0.7817422081420252	35379
1141	132.0	0.4036999999999999	0.8499482952066548	37034
1142	145.0	0.39765999999999996	0.8209174301081621	36013
1143	167.0	0.3978	0.809951201816333	43657
1144	144.0	0.41751999999999995	0.7934525716030775	39469
1145	168.0	0.45405999999999996	0.7108755621433152	45351
1146	167.0	0.40718	0.7358857884941167	38368
1147	188.0	0.43698	0.7013371175769313	50705
1148	128.0	0.46832	0.8949441694399475	46936
1149	142.0	0.45659999999999995	0.8281179979204843	48223
1150	191.0	0.45197999999999994	0.8102411945797321	54801
1151	166.0	0.43129999999999996	0.8024809760468843	47839
1152	163.0	0.41286	0.8100789062300863	43909
1153	141.0	0.39826	0.645889688436022	27150
1154	136.0	0.38636000000000004	0.8764194653390287	40007
1155	140.0	0.39516000000000007	0.9078283024400443	44552
1156	163.0	0.3882000000000001	0.8308143510837211	44079
1157	168.0	0.39470000000000005	0.7751026978512556	44041
1158	184.0	0.43752	0.7676287675613346	54454
1159	197.0	0.44582	0.7057921169791894	49912
1160	136.0	0.39662	0.6240406871500633	36643
1161	139.0	0.46212	0.3641559890324192	18854
1162	109.0	0.44447999999999993	0.8154012081262878	28790
1163	133.0	0.45112	0.7299109233720241	35511
1164	128.0	0.52876	0.8349776855982521	42092
1165	138.0	0.40114000000000005	0.48133834019251953	33692
1166	151.0	0.38092	0.8608464251437904	40338
1167	124.0	0.38608000000000003	0.8738764319428864	38455
1168	139.0	0.41484000000000004	0.7722601771767267	40412
1169	158.0	0.43072000000000005	0.7475695803891951	48524
1170	146.0	0.41751999999999995	0.8308462016339114	40027
1171	135.0	0.40318000000000004	0.7394466352959213	38166
1172	168.0	0.44595999999999997	0.780309704210319	47440
1173	171.0	0.43104	0.804146231094164	46688
1174	164.0	0.40878	0.7863101063366777	42016
1175	162.0	0.4313	0.7643110729822935	42910
1176	153.0	0.39318	0.7357510656233436	35936
1177	143.0	0.39146000000000003	0.808603416197591	36249
1178	116.0	0.36268	0.8788744675348177	29346
1179	122.0	0.37148000000000003	0.783917552713297	25551
1180	131.0	0.36212000000000005	0.8698980899085829	30277
1181	118.0	0.36492	0.8497470779031933	28357
1182	140.0	0.3617	0.912482143106254	32169
1183	141.0	0.37958000000000003	0.7821725580681477	29826
1184	129.0	0.38726	0.9188810429810814	35464
1185	142.0	0.39449999999999996	0.8832880219662478	36179
1186	144.0	0.41556	0.8474200094449806	35294
1187	142.0	0.4396799999999999	0.8840039249059358	36416
1188	139.0	0.4763399999999999	0.8912062418832202	42093
1189	110.0	0.56964	0.9633160580592794	36702
1190	125.0	0.48078	0.9414692055434367	38655
1191	121.0	0.4542000000000001	0.910906519736237	36134
1192	143.0	0.3855800000000001	0.8512238043529425	33725
1193	164.0	0.38016	0.9024808738045869	39244
1194	136.0	0.361	0.8541481818489551	32850
1195	137.0	0.3692000000000001	0.802339409414251	30773
1196	126.0	0.35862	0.9335870790092845	33809
1197	122.0	0.3498200000000001	0.8780758753835781	31229
1198	136.0	0.36642	0.8861916762143917	35935
1199	145.0	0.39848000000000006	0.8026497719363346	35890
1200	165.0	0.40528	0.7900169904623056	39580
1201	158.0	0.38982	0.8085514860250312	37091
1202	131.0	0.39630000000000004	0.8595666200666281	37945
1203	154.0	0.43699999999999994	0.7987457533480582	45540
1204	161.0	0.45160000000000006	0.733744083258421	47847
1205	174.0	0.43433999999999995	0.6787003584649683	47711
1206	161.0	0.4482000000000001	0.2999044943672498	30475
1207	132.0	0.39727999999999997	0.6095826460086858	26277
1208	136.0	0.39630000000000004	0.6435870522394834	32397
1209	151.0	0.40718000000000004	0.7360693253564776	39163
1210	183.0	0.46692000000000006	0.4691790660942387	44947
1211	172.0	0.44048000000000004	0.4859995297955959	37106
1212	145.0	0.39226	0.5849096520514088	35282
1213	137.0	0.4264	0.8457984011196102	37817
1214	161.0	0.51064	0.8389184451334564	53070
1215	141.0	0.52744	0.8876841668505462	51199
1216	156.0	0.4466800000000001	0.8557437203551627	47786
1217	155.0	0.4504000000000001	0.8225182689292664	40777
1218	144.0	0.43056	0.8357113095420299	39562
1219	133.0	0.42284000000000005	0.8884826125044566	39618
1220	137.0	0.41386	0.8738561653808521	40150
1221	102.0	0.37058	0.927570028722634	31478
1222	121.0	0.36117999999999995	0.944119048787456	32164
1223	113.0	0.35590000000000005	0.9189109349929201	30236
1224	126.0	0.36485999999999996	0.9359279057980603	33616
1225	114.0	0.37276	0.890985433178245	31606
1226	120.0	0.37479999999999997	0.8796290602569462	36806
1227	109.0	0.37585999999999997	0.8761042857520154	33411
1228	138.0	0.38693999999999995	0.9217657330074298	39853
1229	140.0	0.4174999999999999	0.938105414600432	49479
1230	142.0	0.5259999999999999	0.826336599082294	52136
1231	139.0	0.5428000000000001	0.9135737600066539	56363
1232	154.0	0.49976	0.8891080573337785	58878
1233	158.0	0.46248000000000006	0.8313889014670607	54440
1234	151.0	0.4349	0.8566064226733602	49052
1235	130.0	0.5036	0.9027743233693003	48685
1236	141.0	0.42184	0.7914586788241609	40911
1237	160.0	0.42704000000000003	0.8653401939168568	44222
1238	159.0	0.4983000000000001	0.8034339228409751	53253
1239	159.0	0.4994199999999999	0.513310006765415	44077
1240	147.0	0.55256	0.8933917549765018	54659
1241	136.0	0.51154	0.8902676321908316	50890
1242	147.0	0.47069999999999995	0.9155058278230349	47929
1243	137.0	0.43692	0.8924943362381055	50212
1244	130.0	0.44839999999999997	0.8789126258418603	45796
1245	124.0	0.43122	0.9006772021583271	43035
1246	140.0	0.4430200000000001	0.9111899699401973	47675
1247	176.0	0.4722	0.7728798061342014	52191
1248	28.0	0.10442	0.18833466219275452	11166
1249	112.0	0.33043999999999996	0.6650152611117839	31628
1250	119.0	0.40937999999999997	0.9018515008835445	36138
1251	141.0	0.38336000000000015	0.8044184754416129	37668
1252	143.0	0.4027800000000001	0.8043681570331769	40625
1253	163.0	0.44012	0.7003866559682491	43239
1254	167.0	0.46358000000000005	0.6294811445528253	46290
1255	111.0	0.51054	0.6814673650574762	33898
1256	128.0	0.48186	0.4257488043843325	29614
1257	142.0	0.42588000000000004	0.22737980337649658	17304
1258	136.0	0.43001999999999996	0.5227394713709146	36451
1259	158.0	0.44465999999999994	0.6680086066866081	48378
1260	141.0	0.39914	0.873117446601998	42571
1261	174.0	0.46574000000000004	0.8392318760290592	50057
1262	155.0	0.45702	0.8618882414635161	52836
1263	139.0	0.47287999999999997	0.896147286535612	50924
1264	132.0	0.46234000000000003	0.9008932427593651	43185
1265	161.0	0.44192	0.8860487592401747	40833
1266	128.0	0.42182	0.9019874298300989	32186
1267	120.0	0.44162	0.9370487628498891	32013
1268	127.0	0.43634	0.8864898415143697	31944
1269	147.0	0.47397999999999996	0.8863120908906255	36363
1270	148.0	0.4758	0.9076212592825477	39599
1271	164.0	0.5039199999999999	0.8624558785289299	41826
1272	161.0	0.44268	0.828790541371405	35454
1273	146.0	0.40816	0.9152248819271513	32175
1274	127.0	0.39368	0.9180887722364708	27360
1275	148.0	0.37182000000000004	0.924408144494444	29162
1276	109.0	0.37246	0.8883416503871685	20449
1277	114.0	0.37558	0.9382979575498009	23109
1278	111.0	0.38106	0.86878402282265	21681
1279	107.0	0.37172	0.9045164993513559	20529
1280	123.0	0.36912	0.9193840073281306	25041
1281	112.0	0.36728	0.8595607666675035	25561
1282	124.0	0.3667	0.8926627149826118	26916
1283	144.0	0.39398000000000005	0.7652972456571445	36051
1284	177.0	0.4295000000000001	0.8053507631983173	46818
1285	170.0	0.45874000000000004	0.7741651497215565	48902
1286	137.0	0.40708	0.8908036931193903	45516
1287	130.0	0.42416	0.897976177133828	33622
1288	151.0	0.44365999999999994	0.9085409697481398	36443
1289	123.0	0.42682000000000003	0.9032678855739119	35715
1290	131.0	0.4358399999999999	0.919233441694736	43528
1291	151.0	0.43743999999999994	0.7909704809531618	42844
1292	138.0	0.42303999999999997	0.9268756668393039	39391
1293	137.0	0.43954	0.9313810448057359	44718
1294	137.0	0.46970000000000006	0.8998931884098005	41227
1295	137.0	0.46818	0.8754272400263011	43138
1296	112.0	0.48241999999999996	0.9307565048560156	33668
1297	124.0	0.46788	0.891104875359854	37721
1298	154.0	0.4824	0.9094559120138668	46996
1299	137.0	0.52068	0.9046571175530078	42339
1300	135.0	0.51634	0.913117296107149	46218
1301	132.0	0.40714	0.8875277484559239	38393
1302	122.0	0.37278	0.9284294374237434	34870
1303	117.0	0.37046	0.9057684913218774	34390
1304	165.0	0.42471999999999993	0.8249944444071249	42191
1305	191.0	0.47009999999999996	0.6939472148619296	48231
1306	161.0	0.43784	0.7330403169617042	41661
1307	171.0	0.4514600000000001	0.8093823066068098	49434
1308	168.0	0.44689999999999996	0.7923797720973832	44682
1309	152.0	0.4420200000000001	0.8327563704513481	40894
1310	156.0	0.4382400000000001	0.8591816010884026	43067
1311	150.0	0.4396	0.861533251710234	41956
1312	157.0	0.46502000000000004	0.8373570679441323	44355
1313	152.0	0.43372000000000005	0.8076600675615757	41889
1314	165.0	0.42558	0.8039989066827609	44536
1315	211.0	0.47039999999999993	0.6888313426154059	56724
1316	150.0	0.43335999999999997	0.713664622564444	42953
1317	139.0	0.39726	0.8097372093409703	37247
1318	146.0	0.40996000000000005	0.7976207349022504	37158
1319	174.0	0.44636	0.6722809671247167	41837
1320	168.0	0.4612	0.7087185967640969	47829
1321	163.0	0.45614	0.6243718776530849	44412
1322	172.0	0.43123999999999996	0.6524934577400157	44983
1323	120.0	0.46409999999999996	0.7454872336283778	37924
1324	135.0	0.45368	0.6800681818441859	39755
1325	161.0	0.4476	0.7547437791899995	45527
1326	150.0	0.4718	0.8083701315912041	43120
1327	163.0	0.47436	0.8442972280418195	45564
1328	153.0	0.44388	0.7177047324845752	40716
1329	135.0	0.43184	0.8510428961143397	41668
1330	136.0	0.42248	0.9057673080383722	38743
1331	137.0	0.44467999999999996	0.908035064576514	38821
1332	131.0	0.39238000000000006	0.8947410272886083	31523
1333	115.0	0.42202000000000006	0.8918608625817224	30265
1334	139.0	0.40656	0.9150481091765624	33653
1335	126.0	0.41226	0.8411569466666515	37725
1336	141.0	0.39980000000000004	0.8872906698478548	35528
1337	121.0	0.37272000000000005	0.9300782788065156	29517
1338	112.0	0.36502	0.8830778067286322	28350
1339	129.0	0.38858000000000004	0.7628206217038996	33635
1340	125.0	0.36678	0.8674384542822193	35516
1341	110.0	0.37392	0.9008874824461256	34967
1342	105.0	0.35668000000000005	0.9091940948555199	29116
1343	104.0	0.35728000000000004	0.9186193379533928	29567
1344	109.0	0.35772	0.9311212965699218	30220
1345	130.0	0.34312	0.8737104615386909	27219
1346	120.0	0.3766399999999999	0.913562986396519	28089
1347	176.0	0.40886	0.7971351627805738	34488
1348	127.0	0.41148	0.8951001014466677	26998
1349	126.0	0.4163	0.8835222965090231	26688
1350	128.0	0.39787999999999996	0.9165458696963069	24844
1351	133.0	0.39942000000000005	0.8928238965552097	24099
1352	137.0	0.39338	0.7650067190427923	20937
1353	113.0	0.37910000000000005	0.8711239050023036	19285
1354	118.0	0.38516	0.8604441458401241	21292
1355	121.0	0.3863	0.9431915519657734	23828
1356	115.0	0.37408	0.9366607061625633	22725
1357	129.0	0.39239999999999997	0.9056314703457501	26481
1358	127.0	0.38270000000000004	0.8820430499518773	24094
1359	137.0	0.36898	0.9520550265487017	26286
1360	134.0	0.377	0.9392401549637489	26228
1361	125.0	0.37370000000000003	0.9386433730906105	24460
1362	121.0	0.3926800000000001	0.9500795526056275	25556
1363	120.0	0.38311999999999996	0.9436546237667554	19544
1364	118.0	0.3697	0.9313827980183965	19910
1365	123.0	0.36751999999999996	0.9318396408355154	19105
1366	117.0	0.38720000000000004	0.9341855256895734	19834
1367	117.0	0.36974	0.9306611765859009	17638
1368	100.0	0.36404	0.924894165760769	17187
1369	116.0	0.36763999999999997	0.8492601781163439	15065
1370	125.0	0.37745999999999996	0.8264687405489969	16619
1371	112.0	0.36023999999999995	0.9197631998613458	16500
1372	116.0	0.35833999999999994	0.956160198010949	17333
1373	112.0	0.37748000000000004	0.944033370352549	17945
1374	104.0	0.36314	0.9185851739051362	15091
1375	92.0	0.36738	0.9611923236866688	15105
1376	113.0	0.36961999999999995	0.8250335849121953	16264
1377	108.0	0.3673200000000001	0.9389251623957247	15973
1378	124.0	0.3781600000000001	0.8873116881191497	17804
1379	114.0	0.37172	0.9180465618161441	16317
1380	118.0	0.3832800000000001	0.930309229224215	15824
1381	103.0	0.36628	0.9295292683224268	15102
1382	107.0	0.38102	0.9030182181390983	15760
1383	97.0	0.36489999999999995	0.9535078776036917	14401
1384	108.0	0.36211999999999994	0.9204612267381936	14727
1385	115.0	0.37678000000000006	0.9339142301137133	16521
1386	121.0	0.39062	0.8624080838913898	17721
1387	119.0	0.39082000000000006	0.8506837947921788	16181
1388	112.0	0.3681399999999999	0.9460973875217759	16163
1389	123.0	0.37666000000000005	0.940618733844216	16916
1390	127.0	0.38642000000000004	0.9356502995555902	18638
1391	111.0	0.3703	0.9540058545862269	15307
1392	110.0	0.3603	0.8486731720058223	16227
1393	119.0	0.36973999999999996	0.9292378039505527	16234
1394	121.0	0.37611999999999995	0.943674110508108	16690
1395	131.0	0.38748	0.9243434762384849	18726
1396	117.0	0.39226	0.946147082560801	18270
1397	134.0	0.39808	0.8860442705856821	18682
1398	146.0	0.40124000000000004	0.896056606876418	21755
1399	132.0	0.4209399999999999	0.90714472524707	20828
1400	103.0	0.41068	0.925337012408274	17849
1401	117.0	0.42032	0.9388273021882432	20458
1402	125.0	0.4629000000000001	0.9466193999658045	23399
1403	145.0	0.44861999999999996	0.8915573734889611	27844
1404	145.0	0.44005999999999995	0.9055703390879708	26331
1405	136.0	0.4416999999999999	0.9291218010821842	26033
1406	136.0	0.4637800000000001	0.9470919848131084	29175
1407	131.0	0.48008	0.905965331696613	31061
1408	133.0	0.47446	0.9430225243857789	31338
1409	156.0	0.46054	0.8943144552181149	34301
1410	143.0	0.46740000000000004	0.8344573126419436	32048
1411	132.0	0.4921	0.9037376594597302	39766
1412	169.0	0.4750400000000001	0.8994356049964708	42738
1413	158.0	0.47722000000000003	0.8989303369496744	43702
1414	162.0	0.4710399999999999	0.8796895502306623	46998
1415	125.0	0.4685	0.855986172190496	41250
1416	142.0	0.44378	0.893054945360146	39990
1417	139.0	0.43994	0.8720538009758052	39264
1418	145.0	0.46509999999999996	0.8778506783251028	43308
1419	128.0	0.4483	0.8563546474672434	41111
1420	146.0	0.46021999999999996	0.8435636482863129	46202
1421	173.0	0.4579999999999999	0.8078203571619499	51047
1422	155.0	0.45912	0.8151840800211612	41857
1423	153.0	0.48619999999999997	0.8649552087084383	50618
1424	165.0	0.44376	0.8566883741450908	50548
1425	168.0	0.51688	0.8009731427514631	54159
1426	154.0	0.5217999999999999	0.859223421724646	52935
1427	132.0	0.54674	0.8747726104215815	45645
1428	136.0	0.5015	0.8681786908072618	41100
1429	129.0	0.50522	0.9236572203070227	40954
1430	111.0	0.53714	0.9743924239084085	38322
1431	127.0	0.52498	0.9280804404657429	39895
1432	110.0	0.51694	0.9454479505308946	32236
1433	141.0	0.43774	0.9136267026464702	34877
1434	135.0	0.50686	0.9382534784390144	38590
1435	132.0	0.49854	0.9534564920334173	38521
1436	123.0	0.48084000000000005	0.8699839538725662	33671
1437	147.0	0.49951999999999996	0.9361628140508801	41610
1438	125.0	0.4493	0.942573370357443	32932
1439	129.0	0.48274	0.9259624307420072	38990
1440	150.0	0.5046200000000001	0.9009514667458514	42822
1441	127.0	0.48755999999999994	0.966168484835449	39360
1442	136.0	0.48707999999999996	0.9123896988580324	39998
1443	138.0	0.49933999999999995	0.8907612273805288	48112
1444	134.0	0.54328	0.9112543365365996	51099
1445	138.0	0.5006	0.8087877747651496	50069
1446	138.0	0.5507	0.8861290159781856	49591
1447	152.0	0.52982	0.8622085859768199	54222
1448	152.0	0.52776	0.8541543630297906	53149
1449	150.0	0.50284	0.815535363598651	50844
1450	148.0	0.48184000000000005	0.8751988668177564	46760
1451	133.0	0.47813999999999995	0.8847556374976311	45165
1452	144.0	0.48494	0.9031400226628977	46895
1453	156.0	0.46396	0.8524517456639791	46863
1454	165.0	0.5115400000000001	0.8565225683785895	57675
1455	119.0	0.5370400000000001	0.9029665951122477	51278
1456	116.0	0.56998	0.9603817331217108	46079
1457	143.0	0.55192	0.9033723368820237	57977
1458	126.0	0.54828	0.7993586507497572	51885
1459	159.0	0.5354800000000001	0.8202760294235696	56667
1460	162.0	0.49044	0.7607691070354842	55062
1461	176.0	0.52524	0.7619236669368845	58355
1462	172.0	0.50262	0.7994636965734245	58016
1463	193.0	0.47503999999999996	0.6504145165101807	53668
1464	181.0	0.49964	0.795317727570494	56402
1465	166.0	0.5062000000000001	0.7254042890391518	51817
1466	178.0	0.47224000000000005	0.7789970085348259	52736
1467	177.0	0.42616	0.8309358848489987	49007
1468	190.0	0.4787600000000001	0.6889830238543547	55219
1469	148.0	0.53684	0.8640866318889296	50374
1470	164.0	0.56192	0.8744840342248362	55317
1471	174.0	0.5619	0.8279171406268351	57528
1472	110.0	0.57662	0.9163442129432788	45452
1473	160.0	0.47406	0.8654485530418712	55664
1474	153.0	0.55036	0.8229816262248352	50963
1475	144.0	0.5014599999999999	0.8059423780273833	47304
1476	129.0	0.57064	0.8684640978713302	45752
1477	157.0	0.5474600000000001	0.8016658289261404	51809
1478	152.0	0.51216	0.8334533103368665	54720
1479	201.0	0.47548	0.7107574611051978	53277
1480	162.0	0.54398	0.8241633515230108	53630
1481	134.0	0.5173000000000001	0.8544204743099952	42692
1482	152.0	0.52968	0.8161578331130043	49252
1483	165.0	0.45116	0.8751572968270683	52103
1484	160.0	0.44612	0.8154340316822326	48943
1485	174.0	0.53428	0.8052749865609683	53200
1486	171.0	0.46702000000000005	0.7541736182991613	48910
1487	152.0	0.5378599999999999	0.8251351788937085	54086
1488	140.0	0.48454	0.8921172526768144	50107
1489	140.0	0.5611799999999999	0.8489241886762147	52901
1490	150.0	0.5415800000000001	0.8429492908802746	56409
1491	167.0	0.49858	0.8103364606347723	55134
1492	143.0	0.47046	0.7098923408757475	44850
1493	144.0	0.49994000000000005	0.8455260401273972	55067
1494	136.0	0.47851999999999995	0.8387774504599066	48565
1495	188.0	0.4458	0.7173668487476463	52195
1496	175.0	0.50274	0.7587062387967709	55271
1497	158.0	0.5344199999999999	0.8871311837550796	51131
1498	131.0	0.53554	0.9367365141186675	47423
1499	146.0	0.51068	0.8497149872390878	48380
1500	164.0	0.47897999999999996	0.8249895951601738	49616
1501	157.0	0.49206000000000005	0.7588907089862388	54477
1502	150.0	0.47654	0.812781426578086	52852
1503	134.0	0.44501999999999997	0.8682252345074982	45846
1504	144.0	0.50942	0.8385518298046125	48071
1505	150.0	0.5223800000000001	0.810056193421381	51375
1506	134.0	0.5116200000000001	0.8683466384030445	52688
1507	129.0	0.56098	0.9180430630690574	50888
1508	121.0	0.55826	0.913700616426709	53879
1509	107.0	0.56474	0.9210564758922702	43207
1510	155.0	0.4881999999999999	0.8588121418608488	47982
1511	174.0	0.49713999999999997	0.8602363664309927	47370
1512	146.0	0.47629999999999995	0.8810788174347101	45772
1513	134.0	0.48658	0.914401702696152	42695
1514	139.0	0.47012	0.9503137811474924	45574
1515	126.0	0.53154	0.8561047109329853	43880
1516	125.0	0.49746	0.9116586582450513	48439
1517	121.0	0.5253	0.9297074192224984	50778
1518	128.0	0.48398	0.8126096189678242	42671
1519	135.0	0.4194199999999999	0.9111999986626729	45562
1520	125.0	0.41584	0.9221483750240037	48557
1521	130.0	0.43892000000000003	0.8763680559284507	46140
1522	116.0	0.58018	0.9113694383301393	46448
1523	157.0	0.53142	0.765644404960304	52334
1524	155.0	0.5381800000000001	0.8083981865337369	49297
1525	158.0	0.54256	0.8006585892429916	61750
1526	167.0	0.53594	0.8546324248689174	59140
1527	132.0	0.52544	0.8370540585330603	50457
1528	137.0	0.53762	0.8961188434415249	59895
1529	155.0	0.54326	0.8517284428497174	57689
1530	165.0	0.49628	0.8379040767915511	53721
1531	140.0	0.502	0.8864148293173435	52441
1532	142.0	0.48968000000000006	0.858829296294116	53050
1533	129.0	0.48066000000000003	0.8982564976849979	46908
1534	123.0	0.44604000000000005	0.8879614404998044	45412
1535	146.0	0.4819	0.8279704553561815	48358
1536	162.0	0.48212000000000005	0.8657742114433341	50596
1537	155.0	0.5266000000000001	0.8553396998126205	57162
1538	176.0	0.53248	0.8306042057753256	57153
1539	132.0	0.5450800000000001	0.8640317640612086	49976
1540	131.0	0.51094	0.908847786067126	47090
1541	107.0	0.54266	0.8858458437108244	37381
1542	98.0	0.5954400000000001	0.9771332205304833	39730
1543	105.0	0.57182	0.9498385479192998	33528
1544	101.0	0.53928	0.932320466780577	31595
1545	111.0	0.5393	0.9424619487758906	35909
1546	128.0	0.51642	0.9307162989687048	37072
1547	111.0	0.54752	0.9570083672967411	38540
1548	92.0	0.5498200000000001	0.9618615447578522	29787
1549	96.0	0.5382	0.9158892062334887	6941
1550	109.0	0.50954	0.5981188922462666	13710
1551	5.0	0.03396	0.03233487941499793	184
1552	110.0	0.53864	0.6341607969488119	12569
1553	125.0	0.5564399999999999	0.8333764128274759	41337
1554	165.0	0.51916	0.8263746073458109	53576
1555	117.0	0.58294	0.971156821550975	46992
1556	121.0	0.55744	0.8988199490599644	45371
1557	131.0	0.5128199999999999	0.8817552839427542	48226
1558	126.0	0.5288	0.9150110128374402	45536
1559	123.0	0.5348400000000001	0.8975575142270338	40776
1560	157.0	0.50274	0.8405299214696514	49394
1561	131.0	0.54784	0.8931375402416436	48048
1562	143.0	0.46624000000000004	0.8380165485537052	45493
1563	119.0	0.5623999999999999	0.8953588105714056	43680
1564	150.0	0.5263	0.8134284988234906	50309
1565	133.0	0.5012200000000001	0.7981020506290756	38384
1566	149.0	0.49201999999999996	0.9009350015452858	47599
1567	142.0	0.496	0.7558631239042002	51043
1568	120.0	0.57412	0.9587309198693519	48842
1569	110.0	0.55254	0.8540800504018317	41742
1570	172.0	0.47058	0.7870516804807115	54208
1571	148.0	0.46056	0.8824519023978581	48708
1572	123.0	0.46566	0.9161344649564419	44102
1573	108.0	0.47452000000000005	0.9092867710147206	41514
1574	118.0	0.47013999999999995	0.8853569421584089	41673
1575	156.0	0.48089999999999994	0.9451848021231586	54846
1576	106.0	0.5200400000000001	0.9370752079216513	43086
1577	97.0	0.55182	0.9237533453465853	39971
1578	110.0	0.5432	0.9137544476769381	39064
1579	141.0	0.5491600000000001	0.8409358914705494	50622
1580	105.0	0.59256	0.9463582571698239	44447
1581	94.0	0.6312399999999999	0.9808551546116112	42247
1582	100.0	0.5878800000000001	0.9056364749177148	38952
1583	130.0	0.59156	0.8891003986662772	36812
1584	98.0	0.5776	0.9334445798580528	35836
1585	124.0	0.5761000000000001	0.9016080327257054	47033
1586	142.0	0.5683	0.8299719255963726	50631
1587	87.0	0.60892	0.9618138302679188	35880
1588	87.0	0.6283	0.9650747103098082	34046
1589	134.0	0.57404	0.8362575700044056	39264
1590	129.0	0.56244	0.9045708014825915	42523
1591	179.0	0.47798	0.7544889054195253	47968
1592	166.0	0.54904	0.7619287619187824	50710
1593	129.0	0.5857	0.8774800375423638	39762
1594	23.0	0.10864000000000001	0.15256369682688242	9624
1595	103.0	0.49550000000000005	0.6973649398772174	33557
1596	170.0	0.5525	0.830694466913936	48853
1597	120.0	0.60346	0.9264900371547	43847
1598	154.0	0.5652200000000001	0.7993331337396001	48434
1599	92.0	0.62558	0.9294405391221006	35602
1600	95.0	0.6043	0.9015620852651409	27278
1601	141.0	0.5496599999999999	0.8511771991842917	42179
1602	137.0	0.5171800000000001	0.815955029942205	43963
1603	122.0	0.58448	0.8883489860426601	45075
1604	118.0	0.53708	0.8732114016164477	44554
1605	104.0	0.58838	0.8952699175695074	41812
1606	108.0	0.5640999999999999	0.832119355454473	43135
1607	134.0	0.54284	0.8253920838046678	40751
1608	150.0	0.5286799999999999	0.8050321642121164	47951
1609	192.0	0.49589999999999995	0.7251506638964418	52379
1610	159.0	0.49698	0.8045005789942244	42823
1611	144.0	0.50418	0.830283399425	40374
1612	152.0	0.5293000000000001	0.8229325681251618	44189
1613	139.0	0.55076	0.8074026837617637	42130
1614	159.0	0.51494	0.768441971050881	44860
1615	119.0	0.51684	0.9216819761720523	37188
1616	112.0	0.5379200000000001	0.92552663391761	38038
1617	96.0	0.5448799999999999	0.9301818002401999	34513
1618	104.0	0.5164799999999999	0.8248915099773422	32904
1619	123.0	0.50148	0.7984899899970698	34796
1620	101.0	0.5795399999999999	0.9197989645304897	39117
1621	118.0	0.55488	0.9276810623178091	33197
1622	82.0	0.5262	0.9294448464379746	8241
1623	124.0	0.4720755652173912	0.1639922510265846	4371
