380	48.0	0.21257999999999996	0.11157070920699151	1525
381	97.0	0.3863600000000001	0.16042653758759332	3748
382	102.0	0.3674	0.2393536659370028	2786
383	115.0	0.41556	0.28483004097813447	6013
384	115.0	0.42274	0.3214711925319223	9107
385	143.0	0.40552	0.40089256546288726	15447
386	126.0	0.46108000000000005	0.33934643816552706	15742
387	102.0	0.44138000000000005	0.2922709637424022	15022
388	122.0	0.37738	0.3041944218363594	16549
389	124.0	0.39061999999999997	0.5929720430597039	17582
390	99.0	0.45155999999999996	0.9088380516508523	19508
391	125.0	0.43246	0.800671337107507	18913
392	105.0	0.45228	0.8409555452135375	18463
393	125.0	0.4261000000000001	0.7616635129221451	16873
394	148.0	0.47274	0.8510746172821994	21552
395	159.0	0.42902000000000007	0.5604328026490367	17547
396	114.0	0.38915999999999995	0.7653887330880849	14919
397	119.0	0.3748	0.7969007873506324	13613
398	149.0	0.40802000000000005	0.7014438176628341	17898
399	118.0	0.4184800000000001	0.4980749470149304	14089
400	120.0	0.38112	0.37633925450064226	12460
401	111.0	0.38561999999999996	0.3892132275211926	12231
402	141.0	0.41182	0.5812616419417022	18693
403	165.0	0.43614	0.6454325085083908	25765
404	141.0	0.43244000000000005	0.7840799448604412	25168
405	128.0	0.36479999999999996	0.8371876895701144	21511
406	169.0	0.41795999999999994	0.7341420223976315	25005
407	203.0	0.47002000000000005	0.6556165416082474	31576
408	170.0	0.4346399999999999	0.7693037007536941	28322
409	174.0	0.43144000000000005	0.7286078316621746	35519
410	142.0	0.40512	0.8261309468792774	22260
411	150.0	0.38266	0.8585743689853214	24345
412	139.0	0.37004	0.8854911354258789	23292
413	127.0	0.4214399999999999	0.9023606023739786	24269
414	100.0	0.46928000000000003	0.9239158484177197	20918
415	115.0	0.4359200000000001	0.9390377100258994	23227
416	151.0	0.45602000000000004	0.8580852319525217	22119
417	115.0	0.4307000000000001	0.9272552422822237	20428
418	133.0	0.44659999999999994	0.8777633397946674	23345
419	122.0	0.47198	0.9000705776233784	24284
420	106.0	0.43938000000000005	0.9002272429887099	21666
421	151.0	0.4441000000000001	0.8505353514375317	26718
422	159.0	0.43216	0.8086502625489066	27434
423	138.0	0.37989999999999996	0.8761914359213618	21700
424	137.0	0.3861	0.8946066901880998	23714
425	136.0	0.46325999999999995	0.8622989847687151	27183
426	127.0	0.41826	0.8364722170594561	24745
427	114.0	0.38102000000000014	0.9194306495880883	23781
428	126.0	0.3715	0.9156562650078893	22899
429	162.0	0.43274	0.7526346929970977	27477
430	182.0	0.44854	0.7305752825329714	28856
431	121.0	0.46232	0.869167874841733	24544
432	141.0	0.44884	0.8621003816742407	27909
433	151.0	0.4489999999999999	0.8050482191489696	27195
434	126.0	0.41612000000000005	0.8072345316559911	24789
435	157.0	0.44086000000000003	0.6656429707183747	25109
436	136.0	0.42025999999999997	0.7122758893373313	22033
437	120.0	0.41147999999999996	0.7900160843508924	21912
438	122.0	0.47274	0.7910404912652302	26060
439	146.0	0.38778000000000007	0.7994774997539598	21908
440	142.0	0.4219200000000001	0.8126577576175784	23871
441	135.0	0.39452	0.8735249612658684	21973
442	144.0	0.3786	0.844737091713869	24972
443	135.0	0.40337999999999996	0.8235754549788903	24827
444	116.0	0.42654000000000003	0.91273324804994	20706
445	124.0	0.40480000000000005	0.9461732719867528	33480
446	134.0	0.4217600000000001	0.9626017582414738	20707
447	133.0	0.42356	0.9150064580395183	19669
448	125.0	0.40742000000000006	0.7708210215868041	16945
449	109.0	0.4590400000000001	0.9357970263756334	18322
450	133.0	0.44420000000000004	0.8816206715273568	20693
451	111.0	0.3995	0.9412257157710862	18466
452	129.0	0.41226000000000007	0.96125547961771	19187
453	121.0	0.42857999999999996	0.9701391266316468	18906
454	121.0	0.3807999999999999	0.9805354311638124	17017
455	120.0	0.42341999999999996	0.9279797746452754	17822
456	99.0	0.40496000000000004	0.963379220444666	15297
457	115.0	0.38439999999999996	0.8924534801916908	15174
458	109.0	0.37166000000000005	0.7769343041649224	12432
459	102.0	0.36832	0.9256423554641975	13154
460	117.0	0.3829599999999999	0.9335900875478197	15109
461	116.0	0.3742999999999999	0.8611760697393429	14322
462	109.0	0.36266000000000004	0.8018582991720719	13906
463	133.0	0.3734200000000001	0.7926359081092154	15632
464	113.0	0.38915999999999995	0.8727151565595352	15773
465	130.0	0.38814	0.9044218618580517	17210
466	116.0	0.38114000000000003	0.9152021817169692	17232
467	128.0	0.38588	0.8719754233852379	20380
468	129.0	0.3949	0.7939589190817538	18674
469	130.0	0.39366	0.6997883789104478	18919
470	95.0	0.5013200000000001	0.7181379386152715	19055
471	119.0	0.40893999999999997	0.8427260273253954	18620
472	140.0	0.37915999999999994	0.8780170517495496	18104
473	128.0	0.40663999999999995	0.8721683353402824	18981
474	129.0	0.41052	0.8629485482272327	19672
475	136.0	0.3902399999999999	0.9212368825444841	18701
476	138.0	0.38508000000000003	0.8094710253775224	20168
477	133.0	0.39874000000000004	0.8145328290540012	20637
478	139.0	0.39622	0.9281581380099484	21909
479	117.0	0.42556000000000005	0.8196688738046591	19155
480	120.0	0.4273800000000001	0.8918264438193223	21888
481	145.0	0.41485999999999995	0.8570130029402787	21158
482	142.0	0.41296	0.8215850315348977	19949
483	119.0	0.4059200000000001	0.8695230676878581	18029
484	107.0	0.40218000000000004	0.9359111355700517	18054
485	122.0	0.4515600000000001	0.8851849755957071	19627
486	122.0	0.41316	0.935679200444171	22421
487	118.0	0.39455999999999997	0.8303916550761344	18194
488	101.0	0.38704	0.9517898622923036	18222
489	112.0	0.40374000000000004	0.8433493407969774	18916
490	110.0	0.42784	0.8449188844501576	17358
491	141.0	0.44545999999999997	0.937651411377052	23753
492	118.0	0.4291	0.9249442346006522	20060
493	136.0	0.44301999999999997	0.9281179235502908	22104
494	121.0	0.45494	0.9468585271526865	21832
495	105.0	0.42118	0.9224013435294072	18488
496	111.0	0.43579999999999997	0.9413553504889636	20126
497	131.0	0.4643999999999999	0.8568146181250144	21574
498	104.0	0.4569	0.6155332561874365	16302
499	116.0	0.42613999999999996	0.5949259174848618	17632
500	129.0	0.42604	0.7179228502341239	22808
501	145.0	0.424	0.7855302095602419	25549
502	127.0	0.39946000000000004	0.6626654606702217	21199
503	124.0	0.43802	0.6002624002383122	21915
504	129.0	0.44620000000000004	0.875932695089184	24961
505	145.0	0.48468000000000006	0.9042138945000127	26840
506	145.0	0.43976	0.8696109367902816	24940
507	143.0	0.3729	0.8203463480230752	21170
508	130.0	0.38306000000000007	0.8427358725914387	24309
509	124.0	0.41088	0.9318864763148421	26015
510	112.0	0.41598	0.44618765948861044	19998
511	118.0	0.43282	0.6602703725433422	21858
512	129.0	0.4243200000000001	0.8188180714709267	22299
513	140.0	0.40448	0.8815982677522157	25888
514	134.0	0.42844	0.9007013862803666	23826
515	123.0	0.45833999999999997	0.9286552010044141	25533
516	121.0	0.38977999999999996	0.8997691330419507	24094
517	135.0	0.3941200000000001	0.9110738395304762	27855
518	129.0	0.39826	0.8461973069365472	25084
519	149.0	0.4270199999999999	0.9035197420257645	31710
520	132.0	0.43090000000000006	0.8839438767467823	24466
521	118.0	0.42485999999999996	0.8587430239950388	20739
522	129.0	0.40412	0.8959434595031807	21074
523	102.0	0.38852	0.9192477449276586	16504
524	130.0	0.4018	0.820619481245519	19359
525	111.0	0.40820000000000006	0.972034563357302	18154
526	116.0	0.42232	0.9499476482475064	18969
527	135.0	0.39056	0.9239990028180521	20170
528	119.0	0.4217	0.9212890566736477	18115
529	123.0	0.42768	0.8350522090944541	17060
530	118.0	0.45246000000000003	0.882371671902242	19688
531	115.0	0.42012	0.9373082834099825	18450
532	137.0	0.43770000000000003	0.8640884596769492	21888
533	152.0	0.40687999999999996	0.8362589744202327	34056
534	146.0	0.39318000000000003	0.8734731687302165	23166
535	148.0	0.41119999999999995	0.9119310276158138	28900
536	146.0	0.40465999999999996	0.9102952648389518	27814
537	145.0	0.37686	0.8792942040205715	24033
538	122.0	0.36068	0.908412938775599	20671
539	116.0	0.38834	0.9228454138860172	22129
540	136.0	0.41595999999999994	0.9190662383845106	23525
541	135.0	0.46418000000000004	0.895826842811809	24613
542	132.0	0.4129	0.9395555075817539	21463
543	120.0	0.38726	0.9342562722600493	18054
544	119.0	0.39756	0.8503136195292598	19402
545	111.0	0.45287999999999995	0.9048851706886418	20048
546	106.0	0.43690000000000007	0.929350885741941	19564
547	114.0	0.4459	0.917713180173254	20769
548	118.0	0.43579999999999997	0.9194924361190194	22398
549	123.0	0.45984	0.9189187300503491	25226
550	136.0	0.47646	0.947421986003937	33171
551	132.0	0.4714000000000001	0.9145251943771255	33259
552	123.0	0.43144	0.8786611148536649	28383
553	129.0	0.38498	0.8969857933879427	24651
554	123.0	0.40192	0.9143040866853953	28858
555	144.0	0.43311999999999995	0.7499668233509261	30672
556	127.0	0.42179999999999995	0.8925208323269599	29065
557	127.0	0.4432400000000001	0.861960770712001	28202
558	126.0	0.46334000000000003	0.877770083052158	29960
559	151.0	0.4551399999999999	0.9110798341559876	34342
560	130.0	0.4342000000000001	0.9013384469918438	28320
561	130.0	0.43746	0.8947248259022678	27546
562	105.0	0.39576	0.9609138957373923	21711
563	107.0	0.39754	0.9423618183459903	22872
564	138.0	0.38477999999999996	0.9563339429239098	25594
565	156.0	0.39736	0.9108188025830648	25307
566	148.0	0.4415199999999999	0.8438847831761469	24469
567	125.0	0.4822400000000001	0.9510834697796389	23603
568	134.0	0.42708000000000007	0.8890970397388472	23601
569	128.0	0.4297800000000001	0.9229276276794417	21960
570	128.0	0.46736	0.8860047653179716	22906
571	135.0	0.45742	0.8480478820682676	26309
572	161.0	0.43008	0.8471954887061237	28244
573	175.0	0.43526000000000004	0.7423933398188566	27994
574	133.0	0.41873999999999995	0.8371883848514476	25692
575	120.0	0.36484	0.9233715406214882	21258
576	102.0	0.35580000000000006	0.9274155357666647	19123
577	134.0	0.4211599999999999	0.9019143241804414	28164
578	123.0	0.42326	0.8872714130089	28291
579	140.0	0.4011	0.9305011135702503	29105
580	133.0	0.40058	0.941596984927521	27351
581	123.0	0.4197199999999999	0.9324126344939164	27129
582	151.0	0.45326	0.9291186567103387	33756
583	133.0	0.43746	0.9056717816859955	30993
584	124.0	0.39899999999999997	0.9197860131237804	28459
585	128.0	0.39986000000000005	0.8033914907359633	25651
586	117.0	0.42318000000000006	0.8264092209146006	25534
587	151.0	0.43942	0.7886464547449432	26039
588	126.0	0.39604	0.9426543729527996	19630
589	123.0	0.39531999999999995	0.7481408401829298	17433
590	101.0	0.38955999999999996	0.9392709637950162	16057
591	123.0	0.4119	0.8590668241600503	17909
592	129.0	0.40909999999999996	0.8668874121735742	18729
593	112.0	0.39061999999999997	0.9528386185907152	16208
594	110.0	0.38914000000000015	0.9359315106920875	16058
595	130.0	0.40246000000000004	0.7685822169052335	17308
596	115.0	0.40635999999999994	0.908452510941513	17389
597	117.0	0.40384	0.9056159123366188	17628
598	126.0	0.4181999999999999	0.7639054808906568	19043
599	129.0	0.40796	0.8798435860080209	22289
600	107.0	0.42597999999999997	0.9460241321538219	24138
601	98.0	0.4928	0.9804821172480614	23399
602	101.0	0.45888000000000007	0.93694614564746	20925
603	146.0	0.43939999999999996	0.9211308196839212	27427
604	145.0	0.39309999999999995	0.5622364040444523	19745
605	129.0	0.43770000000000003	0.9483824738805213	24547
606	130.0	0.40722	0.8993403867067654	21870
607	120.0	0.36135999999999996	0.9032605361019675	18540
608	106.0	0.4013800000000001	0.8643517792174069	18360
609	118.0	0.42477999999999994	0.9475845710999696	21561
610	135.0	0.44006	0.920692652001516	21998
611	121.0	0.43854	0.9326144622855835	21343
612	128.0	0.42590000000000006	0.9250585084169716	22742
613	125.0	0.45483999999999997	0.9289870443255153	24613
614	124.0	0.47904	0.9241323733462699	27101
615	118.0	0.40498000000000006	0.8803334203547546	22877
616	135.0	0.38787999999999995	0.7448143901815675	22001
617	115.0	0.39414	0.9161848621624952	23480
618	128.0	0.44158000000000003	0.919094254086212	28404
619	139.0	0.45012	0.8759335632091257	29205
620	135.0	0.43216	0.8169738352796297	25360
621	148.0	0.43076000000000003	0.8422558375788541	28348
622	128.0	0.41932	0.8785026182974071	26178
623	141.0	0.39977999999999997	0.908686317110301	28426
624	115.0	0.40380000000000005	0.8953986019610666	23809
625	144.0	0.43851999999999997	0.8952488099977961	28785
626	116.0	0.45572	0.9257484935344019	24808
627	130.0	0.45342	0.9225515577162817	24724
628	109.0	0.48486000000000007	0.9095766026471478	22240
629	119.0	0.43646	0.9394342263276448	19886
630	133.0	0.40718000000000004	0.8999830755124136	20252
631	124.0	0.4354399999999999	0.9261768084623695	21571
632	132.0	0.46348	0.9738674841782199	24008
633	136.0	0.45230000000000004	0.9415336372944456	23406
634	116.0	0.40073999999999993	0.9485340866420487	22812
635	109.0	0.44658000000000003	0.8885074433568938	20266
636	120.0	0.403	0.8557224184923606	18543
637	116.0	0.4052	0.7482227137350995	16053
638	99.0	0.4322	0.8028826686545033	15175
639	123.0	0.39962000000000003	0.8577412651079714	17411
640	119.0	0.38988	0.9309522757060898	16127
641	101.0	0.38105999999999995	0.9158503472072378	11810
642	131.0	0.38549999999999995	0.9078324202023208	14970
643	131.0	0.39977999999999997	0.746084675864115	15882
644	124.0	0.38203999999999994	0.8014337530509099	13808
645	112.0	0.38908000000000004	0.8404908258426326	14189
646	116.0	0.38417999999999997	0.949406403643218	16871
647	135.0	0.39065999999999995	0.9401200332403057	18235
648	135.0	0.40259999999999996	0.904873292702234	19364
649	120.0	0.39208000000000004	0.9467326436098653	18533
650	98.0	0.38866	0.9474239306950927	15657
651	109.0	0.41251999999999994	0.8706810040744476	16866
652	111.0	0.3901	0.9080865407714965	19097
653	115.0	0.3829199999999999	0.9088642905599901	20169
654	94.0	0.37712	0.9565276457159173	17730
655	126.0	0.39112	0.9235765571545118	20040
656	126.0	0.40358000000000005	0.9193797984207907	21254
657	144.0	0.40264000000000005	0.912950843248331	25377
658	134.0	0.37878	0.854985130682345	21487
659	131.0	0.39805999999999997	0.8921924501648736	25218
660	132.0	0.41568000000000005	0.8632449302740244	22309
661	144.0	0.3840799999999999	0.8777047106530748	24553
662	151.0	0.39374000000000003	0.8538346047051503	26459
663	124.0	0.4018199999999999	0.7787360924212013	21336
664	91.0	0.36190000000000005	0.9195414715169277	16455
665	105.0	0.37078000000000005	0.8582625421708882	15874
666	96.0	0.34330000000000005	0.9203115253545661	17836
667	129.0	0.39288000000000006	0.94019945889127	22977
668	124.0	0.42772	0.9093240320135249	20495
669	114.0	0.42024	0.9757667880951507	20652
670	129.0	0.41418000000000005	0.896176677817318	19609
671	119.0	0.41997999999999996	0.965631492050606	18525
672	122.0	0.39568000000000003	0.9477770146120287	18645
673	134.0	0.41625999999999996	0.9446253351308914	19168
674	110.0	0.41253999999999996	0.9415861979075045	17248
675	110.0	0.40306000000000003	0.937631505117938	16466
676	117.0	0.41154	0.9469068645381494	17284
677	113.0	0.39187999999999995	0.935921173080343	16592
678	112.0	0.41192	0.902959472182741	16911
679	117.0	0.40043999999999996	0.8368153538523403	16204
680	119.0	0.37855999999999995	0.8919476477483672	14832
681	120.0	0.3734400000000001	0.8928998228960113	15517
682	124.0	0.36178000000000005	0.944894585571729	17786
683	153.0	0.38911999999999997	0.8584385241358579	17911
684	145.0	0.3988999999999999	0.9111259703869075	19644
685	134.0	0.39464	0.9238008015048377	18284
686	113.0	0.40556000000000003	0.9042405798555752	16151
687	118.0	0.37544000000000005	0.94570428146977	18587
688	114.0	0.38114	0.9642092605431231	18482
689	116.0	0.37361999999999995	0.9218402379495895	15165
690	123.0	0.38327999999999995	0.9321844278304207	14211
691	123.0	0.3795199999999999	0.8614726050325566	12252
692	130.0	0.3927600000000001	0.8845600032616421	13215
693	105.0	0.38661999999999996	0.9501556387915445	11590
694	118.0	0.38480000000000003	0.9746432244166756	11699
695	116.0	0.37263999999999997	0.9314036848231444	10762
696	136.0	0.38636000000000004	0.8747112569126245	11374
697	108.0	0.37091999999999997	0.9407610393126626	10384
698	116.0	0.41102000000000005	0.9066371816476056	11429
699	115.0	0.39002000000000003	0.9220199722742065	11296
700	115.0	0.38733999999999996	0.9568646852776603	11476
701	121.0	0.39114	0.7600514428896887	12501
702	119.0	0.40776	0.8511217652083497	11446
703	131.0	0.40352	0.9522614206753769	12522
704	127.0	0.3942	0.9405330539628423	11587
705	110.0	0.37842	0.9269700746949534	10314
706	147.0	0.38032000000000005	0.8969540967295951	13066
707	118.0	0.39708000000000004	0.8739083256091342	11589
708	119.0	0.38699999999999996	0.9467082987859623	11187
709	122.0	0.3869	0.8956228028477554	11173
710	100.0	0.36414	0.9221723402655977	10077
711	126.0	0.36706000000000005	0.8123057706389047	10414
712	102.0	0.32909999999999995	0.7660713669739282	8650
713	100.0	0.33068	0.7531444318098622	8152
714	107.0	0.34378	0.9277718684240205	10694
715	97.0	0.32777999999999996	0.9669656831180268	8801
716	115.0	0.35898	0.8775479882949622	9655
717	99.0	0.33956000000000003	0.8522962559350765	8866
718	106.0	0.34082	0.9538919822961944	9152
719	105.0	0.34894	0.7953724337531101	8230
720	119.0	0.35942	0.8971639679039827	10053
721	99.0	0.3559800000000001	0.9784829824876036	9206
722	111.0	0.35866	0.9552937735669528	10232
723	114.0	0.36032000000000003	0.9486702714816635	9956
724	104.0	0.37784	0.9459445003526067	11598
725	130.0	0.46033999999999997	0.9343778325102807	17925
726	106.0	0.41679999999999995	0.9072874671151654	13430
727	110.0	0.39931999999999995	0.9551812327906747	15494
728	116.0	0.40446	0.943711821345525	14853
729	127.0	0.41411999999999993	0.9426439035270568	16750
730	119.0	0.4193	0.9036456057774519	16696
731	150.0	0.4015600000000001	0.8181476860613066	17479
732	117.0	0.38138	0.9140185542371073	15957
733	123.0	0.38564	0.9392618005409417	24108
734	127.0	0.39727999999999997	0.9679269247257636	17841
735	111.0	0.37727999999999995	0.9540755466456007	17284
736	154.0	0.38386000000000003	0.9196787686337301	21894
737	95.0	0.38838	0.831485919779908	16207
738	140.0	0.39205999999999996	0.9316283241699141	22099
739	126.0	0.38246	0.8438214358426475	18963
740	144.0	0.40558000000000005	0.8190738323047096	18471
741	131.0	0.3747	0.8775383200734878	15984
742	121.0	0.3953	0.966157774504003	16969
743	123.0	0.3822	0.932692747324971	15057
744	123.0	0.40086	0.9144880863990665	16562
745	118.0	0.4002800000000001	0.9194104837558373	18063
746	124.0	0.39586000000000005	0.9276323450994876	19850
747	126.0	0.41084	0.916562937879433	23815
748	140.0	0.4111	0.8935311698707709	23214
749	110.0	0.40576	0.9326962301384196	19288
750	153.0	0.38617999999999997	0.8598625704715547	22487
751	119.0	0.38078	0.9261085844941876	19596
752	135.0	0.38344	0.8651309009945979	21552
753	111.0	0.38854	0.9129137645949574	18060
754	114.0	0.3841199999999999	0.8274832103661725	13603
755	97.0	0.36856	0.884810180447582	11166
756	127.0	0.37456	0.8521899137799894	11489
757	127.0	0.37944	0.9007936854081758	11795
758	105.0	0.3548799999999999	0.9662106994340233	10661
759	123.0	0.39388	0.931740814351658	12497
760	112.0	0.3643	0.9292494667828365	10998
761	111.0	0.36026	0.9142529070288605	10753
762	133.0	0.3594	0.9094652016913853	12398
763	101.0	0.35100000000000003	0.911560475874646	11699
764	103.0	0.36036	0.960012476644744	13328
765	106.0	0.35204	0.9631771438119696	13379
766	92.0	0.34262	0.9564052183058683	12116
767	113.0	0.34197999999999995	0.8772435381072918	13065
768	120.0	0.36363999999999996	0.8975570563711492	14854
769	106.0	0.35700000000000004	0.927991330843888	18833
770	108.0	0.36700000000000005	0.8536092422225365	17706
771	91.0	0.3377400000000001	0.9380603679326074	13596
772	132.0	0.36514	0.7767145410448607	16041
773	131.0	0.37014	0.8352661780121855	14008
774	106.0	0.3568200000000001	0.8479783833023818	12725
775	110.0	0.361	0.945263333343628	13392
776	125.0	0.36518	0.8420734201067365	15598
777	131.0	0.35788	0.8010722111086048	15449
778	113.0	0.34534	0.9284970874709843	16548
779	109.0	0.35619999999999996	0.9425487560802748	14582
780	100.0	0.35806	0.9117418231544306	12434
781	123.0	0.35940000000000005	0.9594700373183237	12945
782	120.0	0.35892	0.9389568347799209	13221
783	101.0	0.3661	0.9496898787227707	13510
784	99.0	0.36529999999999996	0.9496947980600758	12759
785	115.0	0.39379999999999993	0.9406429712959575	15473
786	127.0	0.3742399999999999	0.9423713803949121	14970
787	105.0	0.36734	0.9487136466732115	13008
788	111.0	0.37294	0.8731744043581072	14238
789	116.0	0.39024000000000003	0.9350842032335946	17180
790	127.0	0.38948	0.9433077075400149	20245
791	98.0	0.38158000000000003	0.8147912989512636	17663
792	104.0	0.37836000000000003	0.9509019112299502	17956
793	128.0	0.38242	0.897378065758809	18553
794	137.0	0.38868	0.9095963300836939	18492
795	133.0	0.37904000000000004	0.8667948661795722	16825
796	125.0	0.38797999999999994	0.9290627538217213	17375
797	124.0	0.38268	0.935456807848442	15966
798	139.0	0.39542	0.869577379551783	17695
799	128.0	0.39187999999999995	0.942924993948919	17302
800	116.0	0.38837999999999995	0.9316488206487843	14782
801	137.0	0.39432	0.9545408057321244	18320
802	115.0	0.39004000000000005	0.9485188923163322	15937
803	119.0	0.40147999999999995	0.8611816272258414	17961
804	118.0	0.3648799999999999	0.9117429434131957	17844
805	93.0	0.33507999999999993	0.966452242360835	14772
806	120.0	0.36448	0.868728371990753	16601
807	98.0	0.38924	0.9301600372745823	19499
808	124.0	0.3945600000000001	0.8559790063533881	17399
809	112.0	0.38094	0.9647869933689378	16028
810	115.0	0.3948	0.9146207936465867	16312
811	138.0	0.39577999999999997	0.8389597707990533	18247
812	115.0	0.40444	0.9385584419511707	18686
813	124.0	0.42316	0.9645323647750674	20968
814	89.0	0.44028000000000006	0.9649469323728715	17386
815	119.0	0.43166000000000004	0.9661141370728056	20205
816	143.0	0.41792	0.9761363599678311	21547
817	130.0	0.4111	0.9029414276888666	18633
818	118.0	0.4401599999999999	0.8194993681929915	18495
819	127.0	0.42506	0.8805090842005401	22420
820	128.0	0.44201999999999997	0.9333774366886732	23242
821	124.0	0.44197999999999993	0.9300246355987799	22920
822	137.0	0.42469999999999997	0.8956775983077854	22790
823	118.0	0.40592000000000006	0.9562220584532648	21362
824	129.0	0.43398000000000003	0.8745242410529035	25400
825	182.0	0.43260000000000004	0.6347345413120192	28472
826	143.0	0.3984	0.6772398539688822	23337
827	150.0	0.447	0.7893062689438205	31670
828	128.0	0.38488000000000006	0.48060891984196263	15654
829	158.0	0.41818000000000005	0.5909341210802228	24400
830	128.0	0.39842	0.8506049135275799	23579
831	118.0	0.36364	0.9291917301790206	26893
832	137.0	0.40534	0.7996922715146959	28430
833	175.0	0.41812000000000005	0.7766085587185582	30181
834	156.0	0.39873999999999993	0.8624752968517768	27517
835	127.0	0.39879999999999993	0.8472922364600551	25480
836	161.0	0.3987199999999999	0.8547383568355615	29246
837	166.0	0.4144	0.8391805162003808	30594
838	111.0	0.36479999999999996	0.9174761887808688	21454
839	151.0	0.39952	0.8088770272752172	30041
840	95.0	0.43962	0.6017519948867442	22010
841	130.0	0.43862	0.8228439899590895	27058
842	98.0	0.44258	0.8200527230850153	21827
843	115.0	0.39436	0.8765379312340438	22211
844	121.0	0.37886000000000003	0.8976362614977677	23618
845	115.0	0.35556	0.9751308796716168	22590
846	122.0	0.35982	0.8715871437459205	22931
847	124.0	0.3574400000000001	0.9164477038112274	22701
848	121.0	0.36739999999999995	0.8107608641333145	22293
849	122.0	0.37851999999999997	0.8513650669485276	23661
850	117.0	0.38545999999999997	0.9069435657266384	24296
851	130.0	0.40286	0.9283796217776986	28916
852	132.0	0.4129999999999999	0.8709631615884728	27212
853	95.0	0.3824	0.943946504343875	21245
854	124.0	0.38354000000000005	0.8583460380833411	24630
855	121.0	0.36496	0.9342266792337457	21910
856	122.0	0.3864	0.9241574451109106	25941
857	117.0	0.3596599999999999	0.9638606706102847	25527
858	129.0	0.4034799999999999	0.9455620082948697	24830
859	108.0	0.41624	0.9135865294286722	21602
860	121.0	0.38689999999999997	0.7184449599000535	17390
861	121.0	0.40642	0.7515670233001152	20024
862	114.0	0.41522	0.8818428098921386	18842
863	126.0	0.41739999999999994	0.9623139890216479	21355
864	118.0	0.40494	0.9353557061781321	18782
865	121.0	0.38628	0.9028945884081017	17944
866	116.0	0.39482	0.8845695997918283	16824
867	115.0	0.3983	0.9170959026186286	18029
868	106.0	0.39642000000000005	0.8074624443580779	14430
869	103.0	0.3856400000000001	0.9388837746769539	14781
870	139.0	0.40878	0.883731188935764	18294
871	134.0	0.41490000000000005	0.8718893654764351	19565
872	140.0	0.39036000000000004	0.84665958710101	18804
873	138.0	0.37945999999999996	0.9369303723110586	18756
874	132.0	0.42922	0.8734055729137291	19498
875	111.0	0.40403999999999995	0.9604642852146763	17119
876	115.0	0.40201999999999993	0.9559612142189775	16806
877	113.0	0.40582	0.9676807132851887	17183
878	108.0	0.41528	0.9576930953824729	15708
879	102.0	0.39283999999999997	0.9293471808955301	14459
880	117.0	0.37711999999999996	0.9546165114841882	16267
881	117.0	0.37166	0.9378205746700072	15681
882	106.0	0.38046	0.9521120647005782	15124
883	110.0	0.3795	0.8580700582692133	13657
884	115.0	0.38525999999999994	0.9639705598691626	15239
885	127.0	0.37746	0.8583470299475816	15070
886	122.0	0.39000000000000007	0.9429546591417594	16621
887	99.0	0.4060599999999999	0.8904358152746001	13580
888	107.0	0.35714000000000007	0.8908601935336226	14628
889	119.0	0.3763	0.9391430033123329	17562
890	123.0	0.40652	0.8052051913899941	14818
891	120.0	0.40920000000000006	0.9563541243143909	20208
892	111.0	0.39271999999999996	0.9111178716685132	18125
893	124.0	0.38939999999999997	0.913876507827953	19556
894	119.0	0.4322599999999999	0.9449443820705768	24140
895	121.0	0.41989999999999994	0.9282308821808525	24226
896	111.0	0.44221999999999995	0.9703332174150447	27566
897	127.0	0.43012	0.9731801386854528	29717
898	129.0	0.43135999999999997	0.9207996122292058	29455
899	141.0	0.46563999999999994	0.91350428858009	35085
900	120.0	0.39643999999999996	0.9590227150677888	25488
901	145.0	0.37571999999999994	0.898988265723289	22600
902	139.0	0.36698000000000003	0.9180421022013723	24218
903	144.0	0.42680000000000007	0.8179921131369128	24401
904	151.0	0.4324799999999999	0.8544039187159366	24401
905	146.0	0.42726	0.8103361867696719	23019
906	140.0	0.43218	0.8512103122894464	23409
907	140.0	0.43878	0.8875461103837154	26431
908	135.0	0.43894000000000005	0.871848165619391	27156
909	146.0	0.45309999999999995	0.9131602477033381	30262
910	137.0	0.38936	0.866334162118498	25003
911	138.0	0.39796	0.8701652194827524	26967
912	165.0	0.4274	0.8249946450036171	31294
913	169.0	0.43617999999999996	0.81024069924148	31779
914	138.0	0.39916	0.8730178629524987	26846
915	124.0	0.37724	0.9068309326894974	25201
916	130.0	0.38813999999999993	0.8260063551214273	23846
917	172.0	0.45160000000000006	0.7927530082950048	32025
918	170.0	0.46821999999999997	0.7860063513399476	36200
919	148.0	0.44542000000000004	0.7445026536424725	27152
920	145.0	0.43438000000000004	0.8121392918418009	30134
921	144.0	0.38636000000000004	0.8707041673625315	24640
922	138.0	0.43558	0.8961053829932555	28083
923	134.0	0.44601999999999997	0.8892835113126425	27394
924	124.0	0.41076	0.6075578709077667	19616
925	129.0	0.42544000000000004	0.9500303853303609	24885
926	151.0	0.43732	0.8794342890232835	28340
927	125.0	0.44308	0.9551972550162049	24611
928	124.0	0.43029999999999996	0.9426406821763716	23506
929	140.0	0.4415400000000001	0.9341393137923616	26767
930	115.0	0.39502000000000004	0.9573280560114268	23054
931	116.0	0.34964	0.94884321384775	21486
932	123.0	0.35884	0.9368061786174627	22310
933	148.0	0.3962199999999999	0.9415494624196487	29257
934	129.0	0.4060999999999999	0.9111706890123203	27223
935	116.0	0.39762000000000003	0.8595239017682245	25172
936	123.0	0.35938000000000003	0.9247756523345458	22452
937	141.0	0.39651999999999993	0.9020257795585903	28008
938	130.0	0.43158	0.897910206077576	26403
939	138.0	0.4007	0.7141485287959187	21405
940	121.0	0.38828	0.5026383618739904	17210
941	143.0	0.41844000000000003	0.8503448074057384	24755
942	127.0	0.42241999999999996	0.9207312637612277	25264
943	125.0	0.40540000000000004	0.9319442967889427	25262
944	126.0	0.40054	0.9212159079467052	24069
945	131.0	0.38410000000000005	0.9580478082145909	23490
946	98.0	0.39726	0.9212055173130448	19595
947	105.0	0.3687	0.9545517275538516	19838
948	116.0	0.38454	0.9663572788456244	19362
949	133.0	0.39033999999999996	0.9424697596335193	19184
950	127.0	0.39248000000000005	0.8640568830304177	16546
951	110.0	0.3796999999999999	0.9091399320413939	16502
952	108.0	0.36138000000000003	0.9539318356509271	15174
953	131.0	0.3864399999999999	0.9021186139864151	20708
954	113.0	0.37766	0.9233429788295562	19717
955	102.0	0.37978	0.8945963429321415	15095
956	127.0	0.38402000000000003	0.9479718121605902	15663
957	118.0	0.37314	0.8877761013198902	14241
958	135.0	0.3567	0.8695501267401928	13595
959	114.0	0.38132	0.8408438766446701	11895
960	97.0	0.37929999999999997	0.8261470177401832	11432
961	111.0	0.3785	0.9585247142846157	11666
962	129.0	0.39427999999999996	0.8043423619614705	12657
963	126.0	0.3875	0.8955053718318257	13681
964	136.0	0.38258	0.8533475526609836	14409
965	135.0	0.41166	0.804856111952177	15114
966	138.0	0.3941800000000001	0.6691788794393433	18971
967	110.0	0.40332	0.7982636781474166	14349
968	124.0	0.4113200000000001	0.8820372122954929	18274
969	136.0	0.4132	0.7656886487800487	20034
970	130.0	0.3815199999999999	0.8867383052667915	19638
971	134.0	0.3991199999999999	0.7276166878328156	21066
972	122.0	0.4157	0.7863841365086515	21827
973	129.0	0.40291999999999994	0.8702037746933163	23423
974	149.0	0.41406	0.8628841904470508	26197
975	135.0	0.40652	0.7562446627009102	24116
976	113.0	0.38001999999999997	0.924271820326926	21419
977	109.0	0.40974000000000005	0.9223174225525556	21355
978	110.0	0.34218	0.8541343055768893	16645
979	117.0	0.36644	0.7895292969673975	19263
980	116.0	0.37834	0.787578051733419	15786
981	112.0	0.39286	0.9571769287735895	22768
982	129.0	0.40196	0.9404864626691326	25001
983	101.0	0.42314	0.8903518355421673	23108
984	118.0	0.41172000000000003	0.8485620509659573	22752
985	119.0	0.38364000000000004	0.819800733825746	19450
986	111.0	0.41336	0.9340436531042581	22279
987	125.0	0.40381999999999996	0.9265340019663822	22096
988	111.0	0.40752000000000005	0.8482360535058809	19761
989	116.0	0.40486	0.9399386642137199	23635
990	125.0	0.3885	0.9026331791210883	25764
991	114.0	0.36442	0.819236098545265	19846
992	113.0	0.37154	0.8689820104780863	21796
993	124.0	0.37483999999999995	0.8617352296731728	25029
994	120.0	0.37766	0.7342867386045407	19037
995	115.0	0.40281999999999996	0.9286754714300947	22329
996	118.0	0.39844000000000007	0.8991974273915351	24128
997	127.0	0.43052000000000007	0.9141258292873156	27923
998	128.0	0.38130000000000003	0.8970711660330961	24911
999	111.0	0.37618	0.8765063948495835	20437
1000	120.0	0.37555999999999995	0.9195924614079178	25048
1001	133.0	0.40676000000000007	0.8816548372114221	22776
1002	148.0	0.41955999999999993	0.8373819454334571	25515
1003	147.0	0.4494400000000001	0.7845179199109327	29799
1004	172.0	0.4548	0.8538409558503075	34425
1005	143.0	0.4074999999999999	0.8538401844715658	26408
1006	146.0	0.38800000000000007	0.8554290252324604	27328
1007	124.0	0.42922000000000005	0.8753247107647795	26147
1008	158.0	0.44144	0.8314133287520327	31901
1009	152.0	0.41268	0.6775046351280746	26475
1010	158.0	0.41142	0.799306198208346	27331
1011	147.0	0.41834000000000005	0.8444720277182519	29587
1012	106.0	0.35324	0.8851234741173326	21331
1013	128.0	0.39198	0.9065544430104744	25031
1014	131.0	0.41446	0.8873366677242894	26434
1015	129.0	0.39836000000000005	0.8423465082378337	28017
1016	108.0	0.4058	0.8809329190448525	25693
1017	110.0	0.37958000000000003	0.8607132912116379	24903
1018	91.0	0.40546	0.9461326645611357	24027
1019	94.0	0.41286	0.9641285518296057	22794
1020	108.0	0.37968	0.9102608350206975	22553
1021	116.0	0.38470000000000004	0.8437565937726126	21444
1022	98.0	0.37656	0.9092332997579063	19851
1023	112.0	0.40461999999999987	0.9596474398650765	26345
1024	106.0	0.40299999999999997	0.9444228745436034	22673
1025	120.0	0.40434	0.9766859977120839	27548
1026	121.0	0.40458000000000005	0.7743662801827292	22495
1027	113.0	0.39204000000000006	0.9678521989165619	23281
1028	127.0	0.39120000000000005	0.8556499535715612	23506
1029	111.0	0.3915800000000001	0.9385037364474081	23468
1030	113.0	0.3774	0.9556657797729997	22326
1031	109.0	0.42789999999999995	0.8618710158319106	23418
1032	138.0	0.43028	0.9184750092859246	27968
1033	134.0	0.43306000000000006	0.8618850836657284	26948
1034	107.0	0.4358800000000001	0.7715501273207968	22600
1035	111.0	0.4129	0.92069872167792	21842
1036	130.0	0.43408	0.9913063753646875	25837
1037	141.0	0.45019999999999993	0.9185531911352162	28958
1038	111.0	0.39996000000000004	0.9683364647401993	24251
1039	113.0	0.34948	0.9325697472479276	20399
1040	113.0	0.38726	0.9146697819922793	22467
1041	147.0	0.39783999999999997	0.7634618882883899	26518
1042	131.0	0.39976000000000006	0.7122637272380623	24064
1043	108.0	0.40434000000000003	0.93814934481507	25435
1044	138.0	0.3961	0.8240994394030218	24477
1045	130.0	0.3837	0.7835740763049193	21798
1046	125.0	0.4259200000000001	0.9366804493712306	27716
1047	115.0	0.46936000000000005	0.9585956711657552	32976
1048	126.0	0.441	0.9621838811955241	29341
1049	112.0	0.44888	0.9143470092302903	28769
1050	105.0	0.46279999999999993	0.9494239445289715	26145
1051	126.0	0.42346000000000006	0.8211211789192134	30476
1052	135.0	0.41100000000000003	0.733478989702431	22403
1053	146.0	0.40882000000000007	0.8185460736788389	28367
1054	124.0	0.4046	0.8494639826671402	26080
1055	156.0	0.42204	0.5544062756355306	25852
1056	114.0	0.39408	0.3258508264657503	9633
1057	131.0	0.3966400000000001	0.5054854856973869	15070
1058	139.0	0.4078	0.6849928385407033	19458
1059	134.0	0.42566000000000004	0.8387604115468095	22798
1060	163.0	0.39962000000000003	0.8424394072089958	25823
1061	130.0	0.39404000000000006	0.481832756632101	11181
1062	127.0	0.38739999999999997	0.3796316914307078	4542
1063	143.0	0.42968000000000006	0.5573848314977077	20965
1064	120.0	0.3814000000000001	0.8160026784376917	21073
1065	127.0	0.3925	0.8345523564517883	22361
1066	128.0	0.43528000000000006	0.8786657552725086	22401
1067	129.0	0.44561999999999996	0.8771781910550431	22358
1068	119.0	0.45874000000000004	0.946991367968828	19153
1069	134.0	0.43468	0.9350592962802531	20754
1070	118.0	0.44606	0.9150821313180169	20312
1071	123.0	0.4147800000000001	0.9573402157159446	18955
1072	112.0	0.42050000000000004	0.9727744514167045	18014
1073	124.0	0.39105999999999996	0.8629115483709356	15540
1074	117.0	0.4073	0.9299194842834548	16713
1075	108.0	0.39486000000000004	0.9571102704849962	13081
1076	141.0	0.41052	0.9582072549852876	15139
1077	118.0	0.39802000000000004	0.9220357349640771	12242
1078	97.0	0.38162000000000007	0.9714861857014694	10135
1079	111.0	0.38050000000000006	0.9347570508366446	10849
1080	103.0	0.4022	0.8810972988179805	10397
1081	134.0	0.36642	0.9580943012923417	11484
1082	98.0	0.35936	0.9438582275073213	8702
1083	118.0	0.36144000000000004	0.827309773871922	9651
1084	122.0	0.34066	0.950695004735852	9562
1085	106.0	0.35198000000000007	0.9690802046464746	9693
1086	117.0	0.36482	0.9441972124743313	9990
1087	92.0	0.3533	0.9773169945525393	8296
1088	94.0	0.35298	0.9801082107695764	8422
1089	92.0	0.34008000000000005	0.9105688928058623	8074
1090	108.0	0.35874	0.9333826300146839	9024
1091	100.0	0.35423999999999994	0.9282267625955972	9036
1092	84.0	0.3557600000000001	0.8260272131272695	7354
1093	114.0	0.35944	0.9589606061093661	9524
1094	101.0	0.36674	0.8668195815296237	8579
1095	105.0	0.35794	0.872934641943524	8862
1096	90.0	0.33944	0.9172285566207373	7618
1097	106.0	0.3779999999999999	0.8215033117671751	9599
1098	104.0	0.34884	0.9493425599915807	8588
1099	115.0	0.36645999999999995	0.922247678512997	9792
1100	106.0	0.3509399999999999	0.9407230673549744	8914
1101	85.0	0.34987999999999997	0.9246990751959344	7874
1102	116.0	0.34315999999999997	0.9367145648847327	9090
1103	100.0	0.34818	0.9258211036926081	8987
1104	111.0	0.35804	0.9496881375921195	9467
1105	108.0	0.39783999999999997	0.8140055406937835	10460
1106	110.0	0.3483	0.9067616452441108	8886
1107	95.0	0.36688000000000004	0.8793922436523087	7658
1108	111.0	0.35015999999999997	0.8829536804130929	9112
1109	127.0	0.36541999999999997	0.8537924046600467	11043
1110	107.0	0.3593800000000001	0.928781487430831	8977
1111	83.0	0.36202	0.9249028592350972	7271
1112	113.0	0.3584399999999999	0.8341188593316333	9552
1113	105.0	0.331	0.9466076312002528	8261
1114	109.0	0.35702	0.889647109403494	8890
1115	85.0	0.33006	0.9587317462749737	7659
1116	111.0	0.34046	0.9146918436224741	8385
1117	103.0	0.3436199999999999	0.8943708551556889	7855
1118	109.0	0.32854000000000005	0.9314277339359381	8029
1119	98.0	0.32836	0.9418682822668705	7789
1120	96.0	0.35275999999999996	0.920436714956824	8066
1121	106.0	0.33454	0.9062973969214996	7921
1122	110.0	0.32856	0.9583105189183049	8128
1123	115.0	0.37152	0.8184190029828431	8990
1124	96.0	0.3613000000000001	0.8267550480779398	7868
1125	96.0	0.33504	0.9429787174500132	7847
1126	93.0	0.32733999999999996	0.9225587968035261	7388
1127	108.0	0.33157999999999993	0.9109350752952307	8370
1128	107.0	0.3583199999999999	0.9399447025670326	9320
1129	87.0	0.3411600000000001	0.9574851778871106	7208
1130	110.0	0.33892000000000005	0.9041991163417595	8632
1131	98.0	0.33714000000000005	0.9452306955343552	8276
1132	91.0	0.34247999999999995	0.8572191674043955	7310
1133	107.0	0.35733999999999994	0.8502974458120057	7350
1134	108.0	0.33608000000000005	0.9534855965521883	8651
1135	123.0	0.34162	0.9186307013798901	9188
1136	89.0	0.33394000000000007	0.9521358963522301	7709
1137	94.0	0.32528000000000007	0.9644834754407305	7799
1138	110.0	0.34758	0.9425466472608414	8938
1139	128.0	0.35216000000000003	0.9079345881825265	9866
1140	100.0	0.33370000000000005	0.9295665021401147	8405
1141	105.0	0.3545400000000001	0.9397901637804584	8692
1142	104.0	0.31646	0.9573277942500025	7587
1143	123.0	0.3367600000000001	0.8852509828989116	8722
1144	111.0	0.35062	0.785043067836176	8264
1145	128.0	0.31720000000000004	0.9853600575568544	9450
1146	101.0	0.35664	0.8674729947383769	8290
1147	102.0	0.3346800000000001	0.9139054528988192	8146
1148	80.0	0.33012	0.9489544568394777	6941
1149	93.0	0.3537600000000001	0.9441875621069343	7985
1150	92.0	0.33580000000000004	0.935856784920946	7748
1151	112.0	0.34294	0.8084281364945464	8843
1152	88.0	0.32466	0.9238405867825445	7154
1153	82.0	0.3305800000000001	0.893313454269879	6881
1154	109.0	0.45537999999999995	0.4276859471425649	3642
1155	98.0	0.35452	0.9363954456850275	8257
1156	113.0	0.33663999999999994	0.9034719338915056	8636
1157	86.0	0.33314000000000005	0.9382762268377067	7010
1158	94.0	0.3289	0.8913840026366194	6995
1159	100.0	0.33692	0.9222083763369858	7309
1160	119.0	0.34352000000000005	0.9076381689003046	9189
1161	107.0	0.34228000000000003	0.8569436235581693	8166
1162	124.0	0.35231999999999997	0.963784878738961	9950
1163	103.0	0.33974	0.9218295834392634	8754
1164	110.0	0.3514600000000001	0.9758155473485276	8867
1165	101.0	0.32386000000000004	0.9870806869606966	7987
1166	95.0	0.34314	0.9599054531614877	8640
1167	128.0	0.34812	0.9285837881399219	10249
1168	115.0	0.35875999999999997	0.9417523867980664	10105
1169	115.0	0.34278	0.9118083636696387	9509
1170	97.0	0.34678	0.9106538008365499	8599
1171	107.0	0.33096000000000003	0.9160060725557558	8251
1172	118.0	0.34370000000000006	0.9480918690054584	9017
1173	131.0	0.33089999999999997	0.9640480790114627	9899
1174	111.0	0.35192	0.9005089803307446	9758
1175	85.0	0.34932	0.8998039849838091	7183
1176	130.0	0.3460599999999999	0.931581772906494	10300
1177	97.0	0.36012	0.92778558587292	8685
1178	106.0	0.35774	0.8672579993708733	8853
1179	105.0	0.32998000000000005	0.9841005191256864	8526
1180	135.0	0.35054	0.9315644198893254	10414
1181	97.0	0.3670800000000001	0.7974985882069232	8242
1182	92.0	0.35056000000000004	0.880155632966038	8225
1183	109.0	0.36211999999999994	0.957194718853901	9281
1184	112.0	0.34431999999999996	0.8967775162011294	8444
1185	110.0	0.3741400000000001	0.8563041869528366	9001
1186	106.0	0.34478000000000003	0.9548297730435379	9296
1187	122.0	0.35502	0.9023787272307574	9761
1188	111.0	0.3708199999999999	0.8991026432101974	10125
1189	93.0	0.3451199999999999	0.9745007131924878	8794
1190	101.0	0.36225999999999997	0.9277003850626718	9335
1191	103.0	0.3661	0.887824700277631	9772
1192	122.0	0.3684400000000001	0.8474472725155153	9771
1193	107.0	0.37058	0.9471928964310667	10599
1194	116.0	0.36516	0.9519186014750547	11756
1195	111.0	0.37940000000000007	0.9592378687380304	12656
1196	110.0	0.3835	0.9681717925209392	12544
1197	148.0	0.3904200000000001	0.8556091177325679	17409
1198	127.0	0.38908000000000004	0.9420867265946298	18169
1199	160.0	0.39380000000000004	0.8516838488909385	20909
1200	115.0	0.39624000000000004	0.8962999887945645	21184
1201	131.0	0.40234000000000003	0.9139104411188653	22066
1202	108.0	0.3864	0.8843802984107096	18101
1203	125.0	0.38915999999999995	0.8416626565224672	17861
1204	135.0	0.40991999999999995	0.9393956923251926	21338
1205	100.0	0.36235999999999996	0.9561791138092091	17436
1206	123.0	0.3654	0.9452905590663241	20119
1207	109.0	0.35178	0.9387808369073218	17450
1208	114.0	0.35263999999999995	0.884591293188601	17797
1209	132.0	0.34525999999999996	0.9593107682593937	20392
1210	97.0	0.35796	0.9466033714869165	18799
1211	101.0	0.35272	0.8966156796639461	17052
1212	129.0	0.36249999999999993	0.9201888084569659	21106
1213	110.0	0.3596000000000001	0.969575393518283	19649
1214	112.0	0.38378	0.950390845811669	25009
1215	122.0	0.37837999999999994	0.9257448649083504	25108
1216	116.0	0.39331999999999995	0.78860240693599	23672
1217	131.0	0.40378000000000003	0.8697569567711549	23315
1218	131.0	0.37914000000000003	0.9314088628630519	21903
1219	128.0	0.38437999999999994	0.885523705179938	21474
1220	119.0	0.34786000000000006	0.933753045612317	18589
1221	123.0	0.37706	0.8149092146233602	18430
1222	120.0	0.3556	0.915633494847124	18554
1223	146.0	0.41481999999999997	0.8986213414577913	22629
1224	151.0	0.39482	0.892543349203503	17735
1225	121.0	0.37943999999999994	0.8544396417372581	11715
1226	105.0	0.37776	0.8522548890641592	10856
1227	143.0	0.37144	0.8261537128320872	11574
1228	121.0	0.37827999999999995	0.8222952825319936	10206
1229	125.0	0.36798000000000003	0.8931408451131174	11191
1230	114.0	0.35477999999999993	0.922902281694557	9863
1231	107.0	0.36945999999999996	0.8952987702918463	9586
1232	98.0	0.34926	0.9705425194941723	8999
1233	111.0	0.38356	0.8232738277526603	9993
1234	97.0	0.35035999999999995	0.9628303761631701	8718
1235	93.0	0.3678	0.8793629013276545	8393
1236	76.0	0.35631999999999997	0.8909923146869907	7308
1237	101.0	0.36394	0.8910906331320527	9190
1238	116.0	0.36444000000000004	0.7900416093853848	9244
1239	113.0	0.3541	0.9712482965480211	9714
1240	97.0	0.32595999999999997	0.9518913053602639	8053
1241	86.0	0.34814	0.9443625368644463	7690
1242	98.0	0.3502	0.9201581111680259	8930
1243	92.0	0.34008000000000005	0.908968114736137	8133
1244	110.0	0.3575	0.8687973410457474	9938
1245	109.0	0.36406	0.9217003881865176	10021
1246	102.0	0.33918000000000004	0.9335394903082667	8393
1247	86.0	0.3451000000000001	0.9054538517152704	6869
1248	120.0	0.33612000000000003	0.9200719791566137	9512
1249	100.0	0.3548200000000001	0.9372974234257296	8516
1250	81.0	0.33052	0.9482983089061923	7393
1251	98.0	0.33037999999999995	0.9627799706997621	8139
1252	110.0	0.34314	0.9236402236264315	9066
1253	97.0	0.34212000000000004	0.9616425121171587	8186
1254	123.0	0.38738	0.8436170679801626	10747
1255	119.0	0.34042	0.9212075687948961	9366
1256	122.0	0.34802000000000005	0.9192588526479495	9546
1257	92.0	0.3385	0.9405058466917892	8006
1258	91.0	0.33990000000000004	0.9560800127120129	8067
1259	107.0	0.35672000000000004	0.9175671182031966	8517
1260	101.0	0.33827999999999997	0.9445167207038971	7937
1261	103.0	0.33598	0.9707633923564322	8855
1262	109.0	0.32752	0.9730420885112339	8240
1263	99.0	0.33937999999999996	0.8723340924501536	7824
1264	98.0	0.34318000000000004	0.961670439860352	8379
1265	92.0	0.32582	0.9604200978256558	7722
1266	106.0	0.32502000000000003	0.8923701235782793	8173
1267	98.0	0.3411200000000001	0.9756984922912346	8446
1268	101.0	0.32853999999999994	0.9653288241484445	8055
1269	87.0	0.3395000000000001	0.9494595720494707	6896
1270	98.0	0.3377200000000001	0.7962562837785379	7957
1271	102.0	0.34482	0.9261781429817059	8421
1272	102.0	0.32177999999999995	0.8653547485484696	16545
1273	92.0	0.33374000000000004	0.964180257677862	7822
1274	99.0	0.33118000000000003	0.9675394413700799	8156
1275	109.0	0.35470000000000007	0.7910604550251598	8730
1276	107.0	0.35414	0.9085126320532624	9250
1277	97.0	0.3411399999999999	0.941240454249413	8158
1278	90.0	0.34216	0.9092438732271191	7561
1279	101.0	0.33992	0.9207117064162085	8406
1280	109.0	0.35248000000000007	0.8975998801091132	9177
1281	96.0	0.3410000000000001	0.9276574726162916	8669
1282	120.0	0.35747999999999996	0.9231755059165822	9820
1283	98.0	0.35368	0.9318958307617454	8676
1284	100.0	0.33012	0.9578220834390413	7915
1285	83.0	0.34232000000000007	0.8360284486705318	6398
1286	101.0	0.36866	0.5911597831750212	5722
1287	125.0	0.3532	0.47935703400958757	7821
1288	108.0	0.39478	0.7474012911243858	9449
1289	86.0	0.32386000000000004	0.9748172942897573	8248
1290	98.0	0.33006	0.9393347464975502	10587
1291	114.0	0.3391200000000001	0.9650549755219092	13435
1292	91.0	0.33942000000000005	0.9673473545216885	13686
1293	102.0	0.3529	0.8163442986691979	12797
1294	89.0	0.33559999999999995	0.940365702778682	9247
1295	111.0	0.35041999999999995	0.8401083325540422	12177
1296	110.0	0.34314000000000006	0.9183078411247348	12593
1297	104.0	0.33168	0.9528673028017398	11818
1298	97.0	0.34884	0.9262055708958967	11235
1299	106.0	0.3317	0.9663812516020183	10709
1300	91.0	0.32526000000000005	0.9650743299897002	8689
1301	83.0	0.33786	0.931980326183531	8531
1302	106.0	0.33882000000000007	0.952050145424535	9683
1303	117.0	0.3355	0.9247030686755008	9661
1304	103.0	0.35440000000000005	0.9464462068444475	9114
1305	93.0	0.34466	0.8840945844440133	8370
1306	102.0	0.35084	0.9034493957425	8735
1307	89.0	0.33398000000000005	0.9653142168898587	7995
1308	103.0	0.35173999999999994	0.8731569747075428	9113
1309	102.0	0.33636000000000005	0.9636142618627762	8503
1310	116.0	0.34912	0.9207442033258803	10158
1311	94.0	0.33478	0.8775360677705544	8177
1312	100.0	0.3390000000000001	0.9285727405032758	8141
1313	119.0	0.35024	0.8831393475177708	9787
1314	96.0	0.33184	0.9503358823240596	8931
1315	104.0	0.35928	0.8261000980515126	9524
1316	105.0	0.34078	0.9254554024475344	8780
1317	100.0	0.3468	0.9652856483559116	8679
1318	119.0	0.35391999999999996	0.935596732985102	9991
1319	100.0	0.34124000000000004	0.9328618319032917	8997
1320	109.0	0.34992000000000006	0.8096393320362424	9685
1321	93.0	0.32153999999999994	0.9366963764038574	7683
1322	105.0	0.34380000000000005	0.907080683069299	9645
1323	111.0	0.34379999999999994	0.8577025555697148	10049
1324	109.0	0.34732	0.9070257952900312	10608
1325	93.0	0.33104	0.9101087995722267	8337
1326	110.0	0.34521999999999997	0.9457409945638792	9654
1327	89.0	0.34166	0.9478535725932293	9327
1328	101.0	0.3549	0.9691614510942957	10149
1329	97.0	0.34432	0.9651568534438727	10525
1330	96.0	0.34175999999999995	0.9490013951839041	10811
1331	102.0	0.3586600000000001	0.8500728348748192	10678
1332	106.0	0.34668	0.9256830526787811	11926
1333	96.0	0.33268000000000003	0.9720095824263554	10624
1334	109.0	0.36035999999999996	0.8697851511515862	12299
1335	124.0	0.36516	0.9187683918710927	12600
1336	115.0	0.39006	0.7316517558118175	12265
1337	109.0	0.35559999999999997	0.924439992659255	12225
1338	99.0	0.35268	0.9726244969287766	11460
1339	109.0	0.35274	0.872567304739116	11861
1340	96.0	0.33064000000000004	0.9732146410151594	10257
1341	92.0	0.35352000000000006	0.9415180500440059	11841
1342	102.0	0.3546	0.9345683473229167	12782
1343	88.0	0.33909999999999996	0.9276841389388254	11387
1344	102.0	0.35150000000000003	0.9471968212287022	12624
1345	106.0	0.34478000000000003	0.9469597684092189	11899
1346	110.0	0.35314	0.8345571278454696	11649
1347	77.0	0.3435399999999999	0.9123622729594844	9217
1348	92.0	0.3501000000000001	0.9380669150811636	11689
1349	93.0	0.33016	0.9754144996359738	12184
1350	118.0	0.34624000000000005	0.9551381526478017	15199
1351	101.0	0.34108	0.9418256133400916	12995
1352	118.0	0.35285999999999995	0.9226477891598901	14632
1353	102.0	0.34784000000000004	0.9655374928932046	15008
1354	107.0	0.35885999999999996	0.9594403374273954	16013
1355	107.0	0.32696	0.9767186517385785	14980
1356	104.0	0.36394	0.957469453466622	13773
1357	107.0	0.35318000000000005	0.962758069240832	11384
1358	116.0	0.3556199999999999	0.9112989107848376	13341
1359	109.0	0.36326	0.8568668054975616	12840
1360	113.0	0.34862000000000004	0.8601409494152129	11089
1361	117.0	0.3435399999999999	0.9351516773731714	12825
1362	90.0	0.33510000000000006	0.9164439488173495	10099
1363	98.0	0.3449999999999999	0.8559458672971635	10487
1364	99.0	0.34541999999999995	0.9751554404073445	9506
1365	106.0	0.35216000000000003	0.7955142859276014	9472
1366	109.0	0.35984	0.9529159321068519	11298
1367	94.0	0.33446000000000004	0.9417560622872051	9710
1368	115.0	0.3464	0.8810256594168808	10983
1369	114.0	0.38484000000000007	0.6838599262032498	11097
1370	92.0	0.3289399999999999	0.9836632163464766	8595
1371	99.0	0.33638000000000007	0.9149693604252475	8103
1372	95.0	0.34794	0.9679285847831267	9056
1373	99.0	0.35804	0.9510834585014837	9298
1374	97.0	0.34068	0.9568707180594124	9011
1375	121.0	0.35496	0.9419860162521131	10175
1376	90.0	0.3495	0.9440505895320119	8938
1377	109.0	0.34742000000000006	0.9565577750452793	10400
1378	100.0	0.34494	0.8546172027207078	8741
1379	101.0	0.33784	0.9338586983738082	9142
1380	101.0	0.33268000000000003	0.948326213767516	9490
1381	103.0	0.34398	0.9371658292196448	10186
1382	114.0	0.3520400000000001	0.9338201772980997	12344
1383	112.0	0.33198	0.8790672992406086	12164
1384	94.0	0.32242	0.9702091760352552	10146
1385	95.0	0.32986	0.9553564936581921	11357
1386	105.0	0.31801999999999997	0.9620079952094555	11519
1387	105.0	0.3375	0.8811911526637722	11123
1388	93.0	0.34367999999999993	0.9383991636221416	10047
1389	90.0	0.34368000000000004	0.8894352498337303	9185
1390	104.0	0.32304	0.9701207254893633	9603
1391	110.0	0.33980000000000005	0.9369366205322217	10982
1392	118.0	0.33318	0.8907793534469644	10418
1393	94.0	0.32402000000000003	0.9737335098901363	9072
1394	98.0	0.32903999999999994	0.9420418230278583	9894
1395	106.0	0.34176	0.9094053865332414	11842
1396	83.0	0.3410999999999999	0.9661989056333067	11350
1397	110.0	0.3251	0.9760991185634807	11719
1398	109.0	0.33274000000000004	0.9242764976090981	11435
1399	125.0	0.35182	0.8998563971302589	12879
1400	94.0	0.33994	0.878957760216992	10447
1401	118.0	0.36397999999999997	0.793429767929918	12360
1402	109.0	0.34544000000000014	0.9317354093042411	12196
1403	121.0	0.36356	0.9324602691609457	15196
1404	117.0	0.3557	0.8186869984278733	13714
1405	88.0	0.32852	0.936881874668611	11931
1406	99.0	0.34090000000000004	0.951111168187288	11079
1407	124.0	0.35922	0.7811829150457136	11030
1408	113.0	0.33027999999999996	0.9392174727208082	11449
1409	97.0	0.35353999999999997	0.9197167915338135	9080
1410	98.0	0.31892	0.9756122538365428	8168
1411	112.0	0.33624000000000004	0.9545538605476784	9255
1412	113.0	0.34532	0.9033992187345371	8972
1413	99.0	0.34131999999999996	0.9653262652354657	7935
1414	98.0	0.34628	0.8995232120172042	7821
1415	99.0	0.3386799999999999	0.8166340528580013	7679
1416	97.0	0.34315999999999997	0.9659226447496768	8663
1417	128.0	0.36175999999999997	0.9272084878082382	10197
1418	97.0	0.34230000000000005	0.9445496052690874	8375
1419	88.0	0.34054	0.946457306759533	7986
1420	107.0	0.34984000000000004	0.8803117527047559	9484
1421	101.0	0.35164	0.8946987641935897	8421
1422	121.0	0.34346000000000004	0.9359614175928714	10353
1423	110.0	0.3293	0.9535422790807316	9282
1424	104.0	0.33722	0.9657951253464174	8597
1425	83.0	0.33914	0.94573410525984	7363
1426	111.0	0.33152000000000004	0.9658707414379847	8795
1427	87.0	0.33904	0.9523130163252849	7439
1428	98.0	0.35152000000000005	0.9560533208535407	8255
1429	95.0	0.3385000000000001	0.9470731787243336	8106
1430	92.0	0.33456	0.9643924490954158	7876
1431	106.0	0.33988	0.9461541790588428	9033
1432	103.0	0.37038000000000004	0.9225435771993726	9304
1433	110.0	0.3435999999999999	0.9611134342743245	9061
1434	112.0	0.34478000000000003	0.893130205641814	9218
1435	110.0	0.35772000000000004	0.9038316861925997	9399
1436	102.0	0.33332	0.9620296065928774	8081
1437	108.0	0.35884	0.928485175768552	10156
1438	93.0	0.34344	0.9425957764148044	8203
1439	110.0	0.35014	0.8470366759817157	8631
1440	103.0	0.34251999999999994	0.9542173950173368	8869
1441	99.0	0.33516000000000007	0.9525202927653285	7685
1442	91.0	0.31722	0.9669067619726398	7360
1443	89.0	0.3265600000000001	0.9800875484600231	7906
1444	103.0	0.34693999999999997	0.9439759372180991	8792
1445	111.0	0.3425	0.9521874431549422	8878
1446	98.0	0.34571999999999997	0.9305005690170249	8158
1447	114.0	0.3465	0.9525280669186814	9845
1448	105.0	0.36088000000000003	0.9782495243814293	10352
1449	104.0	0.3589	0.9453349391453763	10591
1450	116.0	0.35263999999999995	0.9254020996906783	10373
1451	117.0	0.37576	0.933854756451985	11100
1452	123.0	0.36306000000000005	0.896501420908569	11075
1453	120.0	0.36449999999999994	0.8797727838950815	10142
1454	134.0	0.36236	0.9733504573425737	11539
1455	90.0	0.37064	0.9525320930072022	9257
1456	108.0	0.3649	0.8033437545605099	8160
1457	93.0	0.35507999999999995	0.9510880144505169	8631
1458	109.0	0.36266	0.9316972748857557	9629
1459	107.0	0.35878	0.9703364342947968	9553
1460	120.0	0.37028	0.964672355042644	10094
1461	125.0	0.36686	0.9700338327054461	11882
1462	98.0	0.3867000000000001	0.926505199713051	10247
1463	121.0	0.37238	0.824753416924077	11148
1464	134.0	0.37634	0.8940730225029795	15362
1465	119.0	0.38614000000000004	0.8727919046187329	16966
1466	109.0	0.3686200000000001	0.9496669702960058	18719
1467	130.0	0.3707600000000001	0.9222954621955972	20652
1468	113.0	0.364	0.838285991693092	17083
1469	115.0	0.3547199999999999	0.8725081253163451	17515
1470	107.0	0.37252	0.8743938325330114	18084
1471	148.0	0.3966799999999999	0.8292342318672501	22013
1472	141.0	0.41056	0.8483493612748995	22361
1473	168.0	0.41397999999999996	0.7853495951368258	23240
1474	145.0	0.41738	0.8453629655029542	24648
1475	148.0	0.40257999999999994	0.8694175657363207	19896
1476	133.0	0.40326	0.9312749751840571	19672
1477	122.0	0.37418	0.943700287779111	16250
1478	116.0	0.38016	0.9540243684630861	15818
1479	152.0	0.3924	0.9170108784912676	19022
1480	112.0	0.39754	0.7990571678281013	15046
1481	133.0	0.38832	0.9385498847769189	17094
1482	133.0	0.39436	0.9186215777361093	16676
1483	137.0	0.38550000000000006	0.9332627734907554	16595
1484	132.0	0.41208000000000006	0.7856189607305076	15411
1485	104.0	0.38293999999999995	0.9584399436699491	14626
1486	99.0	0.3861	0.9512866941111088	13636
1487	127.0	0.38417999999999997	0.9259960370249138	13952
1488	95.0	0.36176	0.9485211415830161	9963
1489	106.0	0.3716	0.9667014188287669	10150
1490	134.0	0.37317999999999996	0.9499289549643181	11788
1491	105.0	0.37156000000000006	0.9747947231578001	10180
1492	112.0	0.3761	0.9510424781028182	10242
1493	139.0	0.36512	0.9349448233871904	12735
1494	114.0	0.40202	0.9484138828043244	11718
1495	130.0	0.37524	0.9493025247098463	11619
1496	128.0	0.38372000000000006	0.8366208076298349	10800
1497	113.0	0.37656	0.9660057542965466	10908
1498	121.0	0.37236	0.9045724057496524	10792
1499	103.0	0.3716	0.8796872864960998	9255
1500	116.0	0.37345999999999996	0.850418705135364	8280
1501	113.0	0.37215999999999994	0.8740928817338058	10369
1502	117.0	0.36902000000000007	0.8624803759939711	10703
1503	117.0	0.37134	0.9332800136010564	11919
1504	108.0	0.37162000000000006	0.9472662681067016	11233
1505	101.0	0.38004000000000004	0.9053303899360652	11807
1506	125.0	0.39427999999999996	0.9567351395865141	15018
1507	124.0	0.37416	0.8189261086225147	15849
1508	118.0	0.36892	0.8976469637421218	16041
1509	108.0	0.36478	0.9667360394641065	16258
1510	133.0	0.36343999999999993	0.8014674035833749	18037
1511	106.0	0.37636000000000003	0.9135394847557148	15230
1512	111.0	0.36918	0.8749284974238464	14097
1513	116.0	0.36696000000000006	0.8662491189198336	13103
1514	120.0	0.38321999999999995	0.949009096982219	14936
1515	116.0	0.39614	0.9364861182097385	14957
1516	126.0	0.40484000000000003	0.7368094797012281	17275
1517	104.0	0.3663600000000001	0.8996354822720688	15426
1518	132.0	0.38549999999999995	0.9346572286421633	21740
1519	123.0	0.38204	0.9265907683199522	19582
1520	129.0	0.38258	0.9032652742427019	19934
1521	132.0	0.41656000000000004	0.9092083604811981	23574
1522	129.0	0.38502	0.9147620102979384	22429
1523	129.0	0.35802	0.9217892279368769	20138
1524	112.0	0.40199999999999997	0.9108618048508966	19680
1525	115.0	0.38827999999999996	0.8392286789450562	17769
1526	123.0	0.38094000000000006	0.826579744626704	15895
1527	107.0	0.38384	0.9222208742447426	16949
1528	114.0	0.38538000000000006	0.9653110412378004	17507
1529	115.0	0.37878000000000006	0.9597108607305002	18424
1530	117.0	0.36936	0.8711554614544614	17506
1531	121.0	0.35878	0.967634015051185	19671
1532	123.0	0.3534999999999999	0.9331766683260814	15687
1533	106.0	0.35524	0.8969947910823344	11796
1534	105.0	0.36622000000000005	0.9606697229667676	12503
1535	110.0	0.3726	0.9286429977393493	12519
1536	126.0	0.37129999999999996	0.8021314918176687	12534
1537	102.0	0.35664	0.9306975202973954	10728
1538	111.0	0.36601999999999996	0.845429279233176	9626
1539	112.0	0.36354	0.9294521647608539	10684
1540	125.0	0.36036	0.9386378543357587	13223
1541	106.0	0.3671999999999999	0.9383341018412524	11825
1542	111.0	0.3669800000000001	0.8566003416190321	10507
1543	113.0	0.38300000000000006	0.7451694608063401	9672
1544	112.0	0.38303999999999994	0.928174755462958	12570
1545	108.0	0.39342000000000005	0.9521885206088082	13450
1546	119.0	0.39862	0.9194222251699088	14842
1547	130.0	0.39734	0.9358767221834035	16417
1548	114.0	0.38595999999999997	0.9474135972392613	15233
1549	123.0	0.41434	0.8947434019576849	21858
1550	138.0	0.4188199999999999	0.8687700915839887	23251
1551	126.0	0.39826000000000006	0.9119245269270634	25098
1552	127.0	0.39092	0.937145602988882	20450
1553	103.0	0.34421999999999997	0.9634913602309393	17045
1554	119.0	0.35359999999999997	0.9483673444250881	18251
1555	121.0	0.35882	0.8505822548330028	17713
1556	104.0	0.34214000000000006	0.9217334807751629	17287
1557	122.0	0.37298000000000003	0.9263506611674784	21386
1558	132.0	0.3977800000000001	0.933021611542179	21005
1559	99.0	0.37099999999999994	0.9386997089211196	15307
1560	141.0	0.38366	0.8274661343791332	20381
1561	115.0	0.38831999999999994	0.9167116258229244	17291
1562	138.0	0.39138000000000006	0.9273761045310525	17150
1563	132.0	0.38018	0.95898846410117	15047
1564	128.0	0.38355999999999996	0.8390972183213812	11863
1565	116.0	0.3729999999999999	0.7676504690971256	10965
1566	118.0	0.37116	0.9633973515732023	12705
1567	139.0	0.38327999999999995	0.9485434349636863	12223
1568	129.0	0.36628	0.9366474549534968	11034
1569	104.0	0.37206000000000006	0.9584409365632905	10043
1570	105.0	0.3838000000000001	0.701053594035896	9642
1571	115.0	0.36744000000000004	0.8657323433996771	10110
1572	114.0	0.37954	0.8602768131964019	10684
1573	125.0	0.36204000000000003	0.8962873773764298	11539
1574	119.0	0.36334000000000005	0.919255108087606	11362
1575	106.0	0.35424000000000005	0.9689649303939897	9461
1576	107.0	0.34507999999999994	0.9851297887786209	8923
1577	116.0	0.36060000000000003	0.9382640308366443	10421
1578	106.0	0.36288	0.9625879563299652	9828
1579	106.0	0.38	0.9533249783818425	9651
1580	106.0	0.37314	0.9368458747883683	11224
1581	105.0	0.3744800000000001	0.8308020608839627	10793
1582	138.0	0.37674	0.8559965437036224	15919
1583	114.0	0.417	0.9795100823985472	18259
1584	121.0	0.39504	0.8911553071396084	21193
1585	125.0	0.3703	0.9203900358961689	15939
1586	125.0	0.38504	0.9636180274773618	15779
1587	115.0	0.35688000000000003	0.9546552335045663	13336
1588	126.0	0.3865800000000001	0.8422921866055393	13503
1589	120.0	0.37632	0.9132928347103438	13109
1590	127.0	0.38105999999999995	0.8825118080511943	12970
1591	124.0	0.37254	0.9220467001187467	13021
1592	120.0	0.3754799999999999	0.9546649022781339	12883
1593	105.0	0.37703999999999993	0.8116792872381915	11145
1594	111.0	0.36166000000000004	0.902376333491768	11498
1595	134.0	0.3820199999999999	0.9388638055728697	16017
1596	146.0	0.39818000000000003	0.8771817207921909	18403
1597	107.0	0.3705399999999999	0.8053521352993915	17062
1598	96.0	0.3380599999999999	0.9498058507540258	16493
1599	114.0	0.37168	0.9410794569278298	21086
1600	130.0	0.37528	0.889972955031695	23708
1601	127.0	0.3685	0.9540654351913079	23865
1602	137.0	0.36101999999999995	0.9140331541904516	22012
1603	115.0	0.3989400000000001	0.7966372936697839	16542
1604	132.0	0.37722	0.9450532081959236	15565
1605	116.0	0.36277999999999994	0.9635190662199273	12146
1606	106.0	0.3737599999999999	0.9086483754880595	10635
1607	107.0	0.39408	0.8508503209832383	9335
1608	102.0	0.3925600000000001	0.7944823818251677	9183
1609	121.0	0.38811999999999997	0.8315731767430704	12194
1610	126.0	0.38365999999999995	0.7626166571816326	11440
1611	118.0	0.3722	0.8797366729540105	11605
1612	121.0	0.3948	0.9114720214336803	13319
1613	122.0	0.3680999999999999	0.9049847873993309	11902
1614	119.0	0.39246000000000003	0.8356049219697995	11662
1615	121.0	0.40122	0.7749022487900339	13493
1616	130.0	0.38317999999999997	0.8517131751698043	13657
1617	141.0	0.40112000000000003	0.8259118537676862	16593
1618	140.0	0.41772	0.8440843689233489	19723
1619	131.0	0.38402000000000003	0.8874522484021526	14098
1620	120.0	0.3772999999999999	0.9179655711757931	12621
1621	118.0	0.37324000000000007	0.8505576557415016	27463
1622	108.0	0.36322000000000004	0.8845293130360014	66440
1623	111.0	0.3617600000000001	0.9051388693029397	80587
1624	111.0	0.35364000000000007	0.907379768828122	73529
1625	119.0	0.3845	0.7879439794058775	74733
1626	100.0	0.35108000000000006	0.9333811865869733	64642
1627	100.0	0.33953999999999995	0.9326661300538078	65229
1628	112.0	0.35724000000000006	0.928864175225614	71085
1629	84.0	0.34812	0.8975802388077996	26458
1630	94.0	0.32789999999999997	0.9473780722254458	7780
1631	134.0	0.3770200000000001	0.8366977853610148	11723
1632	133.0	0.35628	0.8251860873114981	9850
1633	103.0	0.3433	0.9129655462552047	8001
1634	105.0	0.35035999999999995	0.9336709031240397	9366
1635	102.0	0.36008	0.9270704833923978	9381
1636	117.0	0.3341199999999999	0.9284556865018672	10616
1637	112.0	0.36388000000000004	0.9551416323881841	11155
1638	100.0	0.36541999999999997	0.8544950695883164	11039
1639	97.0	0.33684	0.9534991991623443	9753
1640	109.0	0.35104	0.8582692946550684	9543
1641	110.0	0.34362000000000004	0.9171771807326301	9340
1642	97.0	0.3554399999999999	0.8759445741240891	8266
1643	94.0	0.33326	0.9644877525348461	7753
1644	96.0	0.3422	0.9036363191027675	8787
1645	104.0	0.33888000000000007	0.945640995786208	8242
1646	98.0	0.3606	0.8069705686088067	7922
1647	88.0	0.33308	0.9326601687576189	7204
1648	88.0	0.35807999999999995	0.8104331142394869	7696
1649	125.0	0.34782	0.9412787949530238	10225
1650	84.0	0.33298	0.9420389224513096	7886
1651	93.0	0.33537999999999996	0.9539314000592769	8359
1652	115.0	0.35578000000000004	0.8140356401953159	8698
1653	130.0	0.34104	0.8608576572092246	9963
1654	97.0	0.34023999999999993	0.9433606870314981	8935
1655	109.0	0.33862000000000003	0.9620157160484257	9940
1656	109.0	0.35932000000000003	0.8292377338534691	9402
1657	108.0	0.3561599999999999	0.9293317260912188	10083
1658	97.0	0.33677999999999997	0.9666814088283372	9248
1659	89.0	0.35031999999999996	0.8898406677480525	8915
1660	87.0	0.33252000000000004	0.9149027600405375	8126
1661	96.0	0.33072	0.9322609709968527	9254
1662	90.0	0.3293	0.9211075551751571	8285
1663	105.0	0.32748000000000005	0.9364852879242678	9380
1664	94.0	0.33268000000000003	0.9558092964171578	8803
1665	92.0	0.33496000000000004	0.9336845244082861	8753
1666	102.0	0.34546	0.9435815429231631	9869
1667	112.0	0.3603	0.9113588104606318	11441
1668	93.0	0.33732	0.9466324594122055	9409
1669	99.0	0.34730000000000005	0.9540901055146954	11165
1670	119.0	0.35967999999999994	0.8604681408789335	14366
1671	113.0	0.3438399999999999	0.9579299490451625	13705
1672	99.0	0.3265	0.9720633218065875	13215
1673	112.0	0.33891999999999994	0.9449806190386324	15143
1674	117.0	0.33714	0.8802451454993094	12035
1675	90.0	0.34232	0.9575279777495226	10344
1676	98.0	0.3454	0.9155481183209243	9577
1677	91.0	0.33655999999999997	0.9352427359928434	9100
1678	120.0	0.35202000000000006	0.8927735828212162	10451
1679	108.0	0.33960000000000007	0.9098935866172593	9759
1680	109.0	0.34878	0.9183976550772626	9456
1681	104.0	0.34024	0.9245245195359116	8957
1682	98.0	0.34198	0.9566057810744217	9025
1683	98.0	0.35769999999999996	0.8932838386873827	8252
1684	143.0	0.36562000000000006	0.9265648681171508	11912
1685	127.0	0.34592	0.9501530725525542	10549
1686	108.0	0.3523799999999999	0.8841755958956555	9073
1687	90.0	0.34314	0.9720310360244859	7997
1688	87.0	0.33043999999999996	0.9514610816513969	7864
1689	107.0	0.3720200000000001	0.8561243079501478	9167
1690	106.0	0.35477999999999993	0.8451082433764674	7735
1691	97.0	0.34753999999999996	0.9497113328673926	8615
1692	99.0	0.33532000000000006	0.9471247091191939	8697
1693	98.0	0.342	0.9261553406260133	8583
1694	116.0	0.36741999999999997	0.903061451201695	9843
1695	119.0	0.34398	0.9413099351577499	9392
1696	84.0	0.33880000000000005	0.958560093054681	7107
1697	90.0	0.33424	0.9545620075432331	8402
1698	114.0	0.34342	0.9264485436197684	8541
1699	97.0	0.36022	0.9212934030440668	8407
1700	116.0	0.35082	0.8797623802531397	9183
1701	95.0	0.34590000000000004	0.9072660483307632	8127
1702	99.0	0.3447800000000001	0.9534417743549257	7991
1703	108.0	0.34922	0.9408812653682784	8307
1704	105.0	0.34129999999999994	0.9686478711421324	8535
1705	104.0	0.34036	0.9225463476949156	8897
1706	101.0	0.3338000000000001	0.9288276101537494	8083
1707	100.0	0.35546	0.9392635636106345	8954
1708	99.0	0.34712000000000004	0.8880492679069157	8168
1709	137.0	0.36219999999999997	0.8902088307719962	10774
1710	124.0	0.34662	0.9457499678880887	9646
1711	83.0	0.33263999999999994	0.963991789661681	6558
1712	114.0	0.34232	0.9363946676302847	8881
1713	130.0	0.35978	0.8464044411237654	9358
1714	105.0	0.35448	0.8696831045368192	8495
1715	99.0	0.37108000000000013	0.8839386807101008	8644
1716	125.0	0.34468000000000004	0.9154710077082724	9679
1717	102.0	0.32970000000000005	0.9442730447922589	7807
1718	114.0	0.3579	0.9167479969281664	9086
1719	129.0	0.35147999999999996	0.9206040381683998	9974
1720	105.0	0.3536599999999999	0.9482066751463184	8817
1721	112.0	0.3570400000000001	0.9379770643194787	9116
1722	122.0	0.35438	0.9001214867113843	9233
1723	114.0	0.36053999999999997	0.9180839076974197	9197
1724	93.0	0.34730000000000005	0.9765176205278289	7753
1725	102.0	0.34680000000000005	0.9249580635491035	7993
1726	113.0	0.33773999999999993	0.9409562431708554	8806
1727	97.0	0.33299999999999996	0.9665883966517964	8115
1728	107.0	0.34914	0.8940171924572726	8697
1729	113.0	0.34792	0.8382189984135744	7812
1730	85.0	0.34898	0.9044530186805005	6815
1731	90.0	0.32305999999999996	0.931917783043207	7130
1732	109.0	0.35109999999999997	0.909869796066244	8780
1733	111.0	0.33836	0.9335052226469575	8249
1734	97.0	0.32156	0.8991085006085255	7243
1735	18.0	0.07832	0.19915340407138202	1825
1738	84.0	0.26954	0.697744242687258	6298
1739	116.0	0.33806	0.9096776255291702	8989
1740	107.0	0.36312	0.8276948850445204	8272
1741	92.0	0.33992000000000006	0.9249573603599072	7953
1742	97.0	0.33446	0.9651840190382165	7480
1743	98.0	0.33110000000000006	0.8934028782814031	7793
1744	80.0	0.34440000000000004	0.9373713791997915	6859
1745	85.0	0.33734	0.9124090091128955	6786
1746	112.0	0.35282	0.8238942191990173	8436
1747	94.0	0.34021999999999997	0.9263763686447888	7988
1748	98.0	0.36812000000000006	0.9205254276527978	9198
1749	106.0	0.36382	0.9358389871575659	10106
1750	114.0	0.3524799999999999	0.896744856701354	10869
1751	115.0	0.34257999999999994	0.913654318477726	11125
1752	80.0	0.32586	0.9146366931518907	7954
1753	111.0	0.3494	0.8963043940928505	10365
1754	110.0	0.33218	0.9514945710407511	9311
1755	98.0	0.33331999999999995	0.9515101813131461	9201
1756	110.0	0.34846	0.8192344956423777	9477
1757	82.0	0.33298	0.9340509916331279	8007
1758	107.0	0.33501999999999993	0.9485937488236071	9494
1759	101.0	0.3568	0.8680609024887815	8686
1760	119.0	0.35751999999999995	0.8510780385787458	9311
1761	115.0	0.3385600000000001	0.8502737046602392	8068
1762	108.0	0.32238	0.9709866922473539	8511
1763	106.0	0.34944000000000003	0.9422501675993693	8616
1764	106.0	0.34881999999999996	0.9110944533194305	8335
1765	97.0	0.3272	0.9216595272486711	7533
1766	91.0	0.34797999999999996	0.9675648638661344	7160
1767	83.0	0.34040000000000004	0.9365643303247384	6685
1768	120.0	0.3455	0.931372142001749	9391
1769	93.0	0.33941999999999994	0.970464793870397	7405
1770	113.0	0.35663999999999996	0.9299312710455706	8843
1771	103.0	0.33501999999999993	0.9294388991708118	8246
1772	103.0	0.34034	0.9371225820641844	7950
1773	91.0	0.34652	0.9239160528571856	8100
1774	86.0	0.34284	0.9700851706386965	7350
1775	117.0	0.3603	0.9524890054280379	9214
1776	103.0	0.3691799999999999	0.9222080596982024	8801
1777	108.0	0.33878	0.9284518909164712	7948
1778	100.0	0.35596000000000005	0.9169609465977849	8000
1779	78.0	0.34519999999999995	0.9532588587620682	6830
1780	86.0	0.33734000000000003	0.949712150221216	7149
1781	103.0	0.35406	0.9061819097738963	8564
1782	97.0	0.34647999999999995	0.9606019667880735	7983
1783	99.0	0.36984	0.8283166128478529	7487
1784	81.0	0.34367999999999993	0.9390662297733459	7034
1785	95.0	0.33942000000000005	0.9258509231462877	7594
1786	95.0	0.34652	0.9077746245875491	7820
1787	112.0	0.3478	0.9437752491225555	9773
1788	106.0	0.32580000000000003	0.9574557934321504	8259
1789	102.0	0.33158	0.8815583610614388	7668
1790	99.0	0.34432	0.9510675800313738	7790
1791	92.0	0.33071999999999996	0.9656146498716301	7600
1792	114.0	0.3280200000000001	0.9568969510417528	8266
1793	98.0	0.33838	0.9030797807409132	8070
1794	113.0	0.34854000000000007	0.8466406275417001	7927
1795	89.0	0.34026	0.9484548408651342	7635
1796	98.0	0.34913999999999995	0.8807265580385217	7768
1797	90.0	0.33246000000000003	0.9409423253415546	7441
1798	95.0	0.34363999999999995	0.9333693643037465	7338
1799	98.0	0.33963999999999994	0.9567431257670495	7957
1800	122.0	0.34552	0.948458082154531	9420
1801	119.0	0.3456	0.9513504399226974	9292
1802	104.0	0.35306	0.9077539736558564	8964
1803	88.0	0.35304	0.9263298129565478	7162
1804	104.0	0.34578000000000003	0.9155828959956016	8416
1805	99.0	0.34336	0.9437521323235938	8489
1806	121.0	0.37264	0.9208843384740146	10102
1807	114.0	0.33786	0.9344389878678412	8166
1808	88.0	0.33718	0.959015485722882	16672
1809	111.0	0.33392000000000005	0.934858393399626	64419
1810	101.0	0.36142	0.935112808925151	66456
1811	96.0	0.3507399999999999	0.9496755410558736	61159
1812	93.0	0.33672	0.9548192426879196	58649
1813	89.0	0.35514	0.92595568220514	59382
1814	101.0	0.33324000000000004	0.9597501490235861	57151
1815	111.0	0.34672	0.9094031430528441	66925
1816	106.0	0.34582	0.9250077204602142	63482
1817	115.0	0.35728000000000004	0.9059850847120053	65593
1818	118.0	0.37342	0.9078300552573648	71766
1819	110.0	0.35036	0.9254284249889072	62342
1820	117.0	0.35526000000000013	0.8921905584498931	69248
1821	110.0	0.36874	0.9541914744025594	73227
1822	111.0	0.36166000000000004	0.8602866730016041	69185
1823	93.0	0.34942	0.9320024250649208	63352
1824	125.0	0.34816	0.9546291965967436	75193
1825	99.0	0.37082	0.9390221051199847	66782
1826	129.0	0.37160000000000004	0.7990077338568848	68403
1827	116.0	0.3649000000000001	0.8907575322276093	71426
1828	116.0	0.35278	0.9489941522266149	65598
1829	119.0	0.37378	0.7976539450427345	74455
1830	111.0	0.37154000000000004	0.8659481303529886	74187
1831	105.0	0.35928000000000004	0.9438457861241012	67445
1832	109.0	0.36222	0.9424159749479847	74362
1833	128.0	0.36644	0.926774854068347	81174
1834	123.0	0.37424	0.9355282660842165	83977
1835	87.0	0.35666000000000003	0.9679102310154732	66207
1836	121.0	0.38236000000000003	0.9578279867326959	87031
1837	127.0	0.3732000000000001	0.9473634412938248	90033
1838	130.0	0.36676000000000003	0.9410851364488775	90212
1839	91.0	0.35971999999999993	0.9485319844512906	78824
1840	97.0	0.37778	0.9762630320502369	93109
1841	125.0	0.39566	0.8254744206672177	90425
1842	107.0	0.3610400000000001	0.9366355777950472	77699
1843	117.0	0.36144000000000004	0.8994552359011295	78370
1844	126.0	0.36814	0.9372734194154839	84870
1845	121.0	0.36416	0.888124388246437	70203
1846	121.0	0.35946000000000006	0.9381116883168467	83203
1847	113.0	0.36384	0.9246329829750759	77059
1848	111.0	0.3668199999999999	0.9167930621761383	73745
1849	109.0	0.34908	0.7714900279194297	37272
1850	102.0	0.35348	0.8814114327030005	8608
1851	113.0	0.35008	0.8343202229890878	9208
1852	116.0	0.36176	0.8163538033566867	8993
1853	116.0	0.35247999999999996	0.9550178852501902	9247
1854	113.0	0.35338	0.8227067934695633	9481
1855	102.0	0.35338	0.9006944400101631	8991
1856	113.0	0.35392	0.9291018054413211	9680
1857	111.0	0.35810000000000003	0.9282171786253879	9778
1858	103.0	0.3644	0.7771101018373326	14602
1859	106.0	0.35200000000000004	0.9562123656380299	83596
1860	110.0	0.35546	0.9105891246057037	79272
1861	107.0	0.35216000000000003	0.9500376978823755	72156
1862	97.0	0.35834000000000005	0.880850157806466	60247
1863	115.0	0.3510999999999999	0.8243943493653608	68718
1864	112.0	0.36091999999999996	0.8714259825520954	76158
1865	91.0	0.34824	0.8421767733721013	58205
1866	110.0	0.36676000000000003	0.698073146003917	60323
1867	106.0	0.34562	0.8895362739122465	8756
1868	112.0	0.36912	0.772867451297128	8922
1869	103.0	0.3472799999999999	0.9626815899492529	9114
1870	107.0	0.35672000000000004	0.9274852562458848	8639
1871	107.0	0.34607999999999994	0.9320285408194631	8539
1872	132.0	0.38248000000000004	0.9320964456230648	11049
1873	134.0	0.36766000000000004	0.9027053807352907	10887
1874	122.0	0.3804800000000001	0.8752929217676579	9275
1875	118.0	0.35818000000000005	0.9320256923297148	9853
1876	94.0	0.36826000000000003	0.9232477819974401	8883
1877	132.0	0.37876000000000004	0.943814779912413	101554
1878	121.0	0.37142	0.9504619630954365	105066
1879	110.0	0.36628	0.9376292750866789	99505
1880	110.0	0.36869999999999997	0.9455169920639157	52905
1881	111.0	0.36690000000000006	0.9267073487595782	9665
1882	133.0	0.3780599999999999	0.7818022370537635	10003
1883	92.0	0.36488	0.9213143992204453	8800
1884	119.0	0.3536200000000001	0.9392335667107813	9660
1885	104.0	0.3629	0.9528717555666368	9416
1886	102.0	0.35208000000000006	0.9578651395590826	8927
1887	101.0	0.35816000000000003	0.9217030675542464	8810
1888	105.0	0.36916000000000004	0.9714648226339813	9262
1889	108.0	0.36097999999999997	0.915044941802552	9335
1890	98.0	0.35706000000000004	0.9351771902870227	8536
1891	103.0	0.3758800000000001	0.9389962985949714	9281
1892	123.0	0.3616	0.9616121689182392	10598
1893	123.0	0.36041999999999996	0.951374617312862	11039
1894	122.0	0.37488	0.935447935351983	11091
1895	123.0	0.36804000000000003	0.918708734362104	11555
1896	106.0	0.38214	0.9617669293847892	10317
1897	125.0	0.37894	0.9597167343794674	12527
1898	127.0	0.38532000000000005	0.9057552599146558	13409
1899	110.0	0.39852	0.9597308609274013	14561
1900	122.0	0.4101600000000001	0.8367654152851013	15754
1901	120.0	0.39204	0.9513050999955215	18745
1902	128.0	0.40247999999999995	0.9244313233777888	20059
1903	117.0	0.42341999999999996	0.8068888141708812	21124
1904	135.0	0.40531999999999996	0.8997070794878099	26024
1905	119.0	0.37811999999999996	0.8957268029319424	22990
1906	137.0	0.4056599999999999	0.918889797635386	27876
1907	131.0	0.43146000000000007	0.8700275300800563	21305
1908	133.0	0.3908	0.9284177308352057	22334
1909	117.0	0.3929999999999999	0.8963175754980851	19453
1910	128.0	0.40816	0.8237219256409898	19505
1911	142.0	0.38909999999999995	0.9371181123526103	21642
1912	124.0	0.39946	0.9404508012824924	21344
1913	129.0	0.40378000000000003	0.9176067505424901	22730
1914	131.0	0.40728000000000003	0.8574125606311791	26226
1915	148.0	0.41026	0.9102008480540044	27233
1916	135.0	0.42224000000000006	0.923965400497584	27194
1917	137.0	0.429	0.8668898828448917	30915
1918	163.0	0.4551	0.810740773700289	35741
1919	153.0	0.4603000000000001	0.7453359845003124	31682
1920	163.0	0.4460800000000001	0.7817327596281308	32333
1921	170.0	0.43194000000000005	0.7915208123654023	30234
1922	141.0	0.44404000000000005	0.8166639209885524	26540
1923	143.0	0.39968	0.8765807671677673	23991
1924	110.0	0.4005599999999999	0.902350971392976	19646
1925	124.0	0.4242999999999999	0.9250439176401883	22052
1926	121.0	0.40712000000000004	0.8613293073614513	22394
1927	125.0	0.3972400000000001	0.8065780326416828	20557
1928	129.0	0.38738	0.8864143426453451	22754
1929	121.0	0.37620000000000003	0.8663292186067937	20471
1930	105.0	0.35108000000000006	0.954837182212232	17894
1931	129.0	0.38099999999999995	0.7505169915453814	18876
1932	113.0	0.36174	0.8793698964624589	18103
1933	112.0	0.3784	0.8633477724531384	18987
1934	105.0	0.40287999999999996	0.8809821395665663	17187
1935	109.0	0.38132000000000005	0.8831074995341779	14489
1936	117.0	0.38528	0.9435971730561207	15309
1937	133.0	0.3899600000000001	0.9140111747557296	16316
1938	87.0	0.37454	0.9648842863114626	9828
1939	131.0	0.38417999999999997	0.8256624048281564	11533
1940	109.0	0.37628	0.9452333717265538	12013
1941	129.0	0.38380000000000003	0.939183385571158	13382
1942	113.0	0.37915999999999994	0.9489636371842276	12563
1943	136.0	0.38928000000000007	0.8824585205885941	14767
1944	134.0	0.3757600000000001	0.9152010496045652	12954
1945	102.0	0.36006	0.9659824607666128	10343
1946	114.0	0.3754800000000001	0.9259757062851746	12404
1947	118.0	0.37396000000000007	0.9273877509479114	12742
1948	124.0	0.36722	0.874046619631704	14026
1949	130.0	0.3962399999999999	0.9538475066423081	16201
1950	129.0	0.40735999999999994	0.9344185722129329	15851
1951	124.0	0.39849999999999997	0.874660696825985	17210
1952	138.0	0.39028000000000007	0.9467060363775793	22139
1953	104.0	0.38470000000000004	0.9199780811399138	17656
1954	121.0	0.3795	0.8449719603442629	19791
1955	111.0	0.4298	0.9183794934932843	26704
1956	135.0	0.40454000000000007	0.863594501723904	27371
1957	121.0	0.4061199999999999	0.9619417110436533	28399
1958	130.0	0.4002000000000001	0.9103203025595762	28565
1959	119.0	0.41206	0.9597805741008266	26126
1960	131.0	0.38492000000000004	0.9583868814266815	24810
1961	112.0	0.3865799999999999	0.965536012094698	22622
1962	122.0	0.37638	0.9513265461185834	22105
1963	145.0	0.41342	0.8999860689954298	22777
1964	125.0	0.40834	0.8546467132092773	21043
1965	122.0	0.41458	0.6689858773651425	18099
1966	133.0	0.42022	0.809833583845683	18471
1967	127.0	0.39446000000000003	0.8311823556939715	16276
1968	122.0	0.40506	0.8149493119221781	18402
1969	130.0	0.39124	0.8945691984952264	17948
1970	124.0	0.42963999999999997	0.8912044873293989	21842
1971	137.0	0.41316	0.8623846770585486	22134
1972	160.0	0.4151	0.8056741435679998	24306
1973	135.0	0.4202	0.8374327357819792	21117
1974	168.0	0.44465999999999994	0.8035226045720323	24596
1975	168.0	0.45468000000000003	0.8379370399120578	25169
1976	155.0	0.42829999999999996	0.8526791001664438	22859
1977	156.0	0.44620000000000004	0.8830655856505012	25014
1978	157.0	0.42876000000000003	0.8997448136837105	24894
1979	132.0	0.44022000000000006	0.9188792208887056	23412
1980	130.0	0.43751999999999996	0.9059209715153611	24213
1981	131.0	0.47866	0.9479611652699454	29286
1982	120.0	0.47720000000000007	0.9495771712585286	28451
1983	110.0	0.46366	0.9587799438008003	27491
1984	152.0	0.46304	0.8752167979241128	32391
1985	171.0	0.42346000000000006	0.7702495831500105	27284
1986	157.0	0.45879999999999993	0.8582719810331088	29412
1987	141.0	0.44044000000000005	0.8502790780316826	26471
1988	132.0	0.47142	0.8745218434015886	29001
1989	124.0	0.41187999999999997	0.9484914615573794	26160
1990	97.0	0.4173199999999999	0.9552890030925394	23831
1991	116.0	0.40671999999999997	0.9380089322754283	26392
1992	123.0	0.42614	0.9434544778060794	28959
1993	106.0	0.41403999999999996	0.9407499554628261	28488
1994	105.0	0.43865999999999994	0.9353380173704959	29368
1995	148.0	0.4251	0.8309038144215055	29559
1996	163.0	0.44094	0.7194564837029658	33883
1997	139.0	0.43209999999999993	0.8483477912767362	30551
1998	115.0	0.39574000000000004	0.9335826254100932	28512
1999	115.0	0.40814	0.9427714113619432	29155
2000	119.0	0.45826	0.9579548155809067	30446
2001	137.0	0.4839	0.8616221294796791	30996
2002	139.0	0.42178000000000004	0.816316021812548	30548
2003	136.0	0.40352000000000005	0.9079674998082075	29540
2004	135.0	0.42816000000000004	0.8734202417412229	27796
2005	131.0	0.44076	0.8690804908120106	27463
2006	114.0	0.42882000000000003	0.8845168741080864	23498
2007	136.0	0.43484	0.8389532251416512	24378
2008	167.0	0.4267600000000001	0.7587752278029443	24361
2009	141.0	0.43873999999999996	0.9319700474456974	27998
2010	112.0	0.42794000000000004	0.9382910050725253	22784
2011	143.0	0.46457999999999994	0.8644491096250968	27646
2012	106.0	0.5078199999999999	0.9842641184655252	21417
2013	179.0	0.42800000000000005	0.713873468229897	24992
2014	156.0	0.44355999999999995	0.6885971289404281	24948
2015	146.0	0.39199999999999996	0.8633391865844225	25116
2016	143.0	0.38441999999999993	0.8672518873655166	23347
2017	122.0	0.39549999999999996	0.8454504738035203	21327
2018	109.0	0.37676000000000004	0.8823767607510986	20109
2019	128.0	0.37920000000000004	0.8766860505692343	21312
2020	129.0	0.38648000000000005	0.8807699780354845	22607
2021	114.0	0.40474	0.8627156629320765	20188
2022	131.0	0.42966	0.899745605938831	24436
2023	119.0	0.45970000000000005	0.9445361891671208	22737
2024	125.0	0.44364000000000003	0.9069373924882954	25508
2025	136.0	0.43998000000000004	0.8743048936113101	34086
2026	131.0	0.4517199999999999	0.8847020547207954	26485
2027	116.0	0.4199400000000001	0.816742180426112	17651
2028	134.0	0.42544000000000004	0.8184138778921279	19314
2029	135.0	0.41908	0.9392969329578399	19723
2030	121.0	0.40776	0.9452297994050041	16528
2031	127.0	0.39968000000000004	0.9577855988550007	16893
2032	123.0	0.41156	0.8186235691484508	15106
2033	125.0	0.40519999999999995	0.8557274459160332	16501
2034	120.0	0.40658	0.9401917344241728	16462
2035	127.0	0.38168	0.9306028932302456	16230
2036	120.0	0.38986	0.9436220289521718	12771
2037	109.0	0.37616	0.8628575830613798	9880
2038	108.0	0.3762	0.932535296119857	10233
2039	99.0	0.37540000000000007	0.8841796692353527	8761
2040	107.0	0.35342000000000007	0.881184042013426	8524
2041	117.0	0.38712	0.9346783156429266	11106
2042	130.0	0.38336	0.9381552573049524	11329
2043	98.0	0.35975999999999997	0.8597353770382458	8662
2044	103.0	0.35762	0.9721153458745098	8467
2045	117.0	0.35868	0.8617032691211811	8806
2046	128.0	0.35778	0.9297555345758977	10758
2047	109.0	0.3638	0.955545640242628	9335
2048	115.0	0.3719800000000001	0.9517012482058083	10062
2049	108.0	0.36047999999999997	0.9694149668760449	9798
2050	105.0	0.35719999999999996	0.9764730536852131	9625
2051	109.0	0.38672000000000006	0.9242617507820486	10075
2052	112.0	0.37095999999999996	0.9330353572942336	10042
2053	127.0	0.3709	0.9666918890649118	10690
2054	100.0	0.36956000000000006	0.9193551569556243	9131
2055	127.0	0.3795	0.9502649681225264	10985
2056	125.0	0.37742	0.8591097349939564	10588
2057	106.0	0.37466	0.9696949287285307	10303
2058	112.0	0.37246	0.9583982152030053	10807
2059	128.0	0.38216	0.9896259031525071	11993
2060	110.0	0.37688000000000005	0.965659977643351	12204
2061	102.0	0.37792000000000003	0.9027599215777744	10918
2062	91.0	0.38706	0.8995247019230059	10923
2063	127.0	0.38712	0.7496484261230589	13341
2064	116.0	0.39531999999999995	0.9316894113019931	22084
2065	114.0	0.38071999999999995	0.9451917990347967	21705
2066	115.0	0.38212	0.9432258684585757	21065
2067	135.0	0.40429999999999994	0.9351470995775649	24643
2068	121.0	0.40510000000000007	0.8926354436797893	22200
2069	113.0	0.40693999999999986	0.9150913586305549	20673
2070	112.0	0.38486	0.9642520763893107	18601
2071	136.0	0.40244	0.9515159588110385	17711
2072	130.0	0.4047200000000001	0.9280211156838981	14100
2073	106.0	0.3811	0.9671763237380571	11454
2074	109.0	0.39055999999999996	0.9338777448838	11018
2075	115.0	0.39152000000000003	0.9066609246910349	10903
2076	104.0	0.39480000000000004	0.9671652541017468	11367
2077	112.0	0.38264000000000004	0.9593457711082851	11034
2078	116.0	0.38656000000000007	0.9402636716593219	11066
2079	103.0	0.35698	0.9803117805270423	8757
2080	104.0	0.38088	0.9274365944337047	9361
2081	98.0	0.38083999999999996	0.9084358067887166	8874
2082	127.0	0.34854000000000007	0.9029983334626271	9327
2083	116.0	0.36956000000000006	0.8679058601382078	10190
2084	90.0	0.35262	0.9325066034750716	8442
2085	102.0	0.36345999999999995	0.9475377111860043	9199
2086	98.0	0.3649	0.9451263532070558	8550
2087	103.0	0.3667	0.908415853053877	8816
2088	116.0	0.36080000000000007	0.930963793761121	9879
2089	105.0	0.36486	0.8831655678448753	9202
2090	92.0	0.3485999999999999	0.9622780936829177	7895
2091	95.0	0.33132	0.9499318900155739	7793
2092	121.0	0.36206000000000005	0.9354476539324209	9998
2093	113.0	0.34693999999999997	0.9592567615702939	9068
2094	109.0	0.35	0.9076460486845933	8622
2095	99.0	0.3608	0.9414033903992504	8527
2096	95.0	0.3596800000000001	0.9174061134931942	7993
2097	94.0	0.3538	0.8500172042904894	8078
2098	118.0	0.3525400000000001	0.9700512695071686	9495
2099	114.0	0.38192	0.8002093249571975	9166
2100	121.0	0.36642	0.9521636131000129	10294
2101	103.0	0.35230000000000006	0.9370111697528474	8841
2102	106.0	0.35594000000000003	0.9305659986727739	9355
2103	123.0	0.3511000000000001	0.9256133467170035	9944
2104	105.0	0.37410000000000004	0.9606288269675147	9117
2105	119.0	0.3612	0.9551521750247127	9524
2106	138.0	0.3668	0.9385992157054194	10855
2107	97.0	0.35767999999999994	0.9607013836803892	8333
2108	111.0	0.37156	0.9486598167184932	9763
2109	127.0	0.3634200000000001	0.9544257073228456	10076
2110	124.0	0.35673999999999995	0.9401027852665956	10558
2111	100.0	0.34631999999999996	0.8720530744013144	8211
2112	123.0	0.35302	0.8996152065634336	8727
2113	107.0	0.36278	0.9595459139418648	8909
2114	117.0	0.35719999999999996	0.9492027585103074	9041
2115	111.0	0.3561399999999999	0.9018046210759145	8756
2116	75.0	0.34146	0.9568112237211558	6802
2117	103.0	0.35306	0.9542732514729569	8648
2118	105.0	0.37528	0.9514304303194253	9034
2119	116.0	0.3649000000000001	0.9441313954826948	9808
2120	118.0	0.36251999999999995	0.8495783125701786	8587
2121	119.0	0.35135999999999995	0.942845268613244	10097
2122	106.0	0.35918	0.9581309824371591	9677
2123	115.0	0.36634	0.9568412856432096	9750
2124	121.0	0.37148000000000003	0.947092509505546	10427
2125	114.0	0.3601	0.9626800004336826	9721
2126	113.0	0.35106000000000004	0.9696592598803495	9098
2127	92.0	0.3646400000000001	0.9196446060479747	8193
2128	137.0	0.36372	0.9248920491484515	10754
2129	136.0	0.38573999999999997	0.9489377226351746	11962
2130	116.0	0.37799999999999995	0.8445792956384955	10487
2131	130.0	0.39205999999999996	0.9491793796044651	12432
2132	100.0	0.39988	0.9439200470463583	10752
2133	104.0	0.38300000000000006	0.8968725587737336	10362
2134	131.0	0.389	0.9398596251469513	12922
2135	111.0	0.39948	0.9540183106991645	12279
2136	108.0	0.38587999999999995	0.930910654227243	11405
2137	116.0	0.37865999999999994	0.8460423807370782	9774
2138	108.0	0.40066	0.9674269534552045	11964
2139	119.0	0.38614	0.9249488130652023	12299
2140	119.0	0.42282000000000003	0.9525193764104763	14999
2141	123.0	0.4034000000000001	0.9498871013054758	15574
2142	121.0	0.42744000000000004	0.9592292245331902	17826
2143	104.0	0.40454	0.9794767624272441	16544
2144	109.0	0.40574	0.9485342497396217	18328
2145	133.0	0.41442	0.9596833857182182	17773
2146	119.0	0.3999599999999999	0.9468556493377869	13918
2147	105.0	0.3841799999999999	0.9484264205976632	11664
2148	127.0	0.40700000000000003	0.8279746571824602	11587
2149	134.0	0.3938999999999999	0.9335897566026348	13939
2150	141.0	0.40495999999999993	0.9020393757007711	13939
2151	115.0	0.40815999999999997	0.8376880072926332	10879
2152	109.0	0.38295999999999997	0.9554543046771365	10770
2153	112.0	0.38301999999999997	0.889337703169657	10474
2154	118.0	0.39086	0.9390486114920775	11390
2155	117.0	0.37507999999999997	0.9726942446624317	10709
2156	126.0	0.36384	0.9182310324072537	11011
2157	94.0	0.39642000000000005	0.9670226639316871	10922
2158	109.0	0.38334	0.9266169482689418	10330
2159	129.0	0.36497999999999997	0.9072100202675891	10369
2160	136.0	0.38889999999999986	0.9648683456255516	12132
2161	109.0	0.36062	0.9468489181660292	9332
2162	103.0	0.37526000000000004	0.9323316358043324	9559
2163	105.0	0.36666000000000004	0.9187759291351527	9729
2164	102.0	0.36568	0.9574490111226264	8720
2165	107.0	0.36678000000000005	0.9670444592411018	8842
2166	97.0	0.37754000000000004	0.9361126145962345	9367
2167	114.0	0.38034	0.9205122823970233	10428
2168	134.0	0.37354	0.8726087749936732	11581
2169	96.0	0.36204000000000003	0.9853709745475863	9177
2170	126.0	0.4061	0.8737718312882088	138717
2171	114.0	0.37577999999999995	0.804817703537738	113544
2172	112.0	0.3486	0.9390960017309623	121312
2173	102.0	0.3735	0.9001726591825009	46993
2174	96.0	0.36616	0.9580189441750022	9089
2175	102.0	0.37126	0.9622212111375611	9745
2176	122.0	0.3960000000000001	0.9079382490856693	16948
2177	127.0	0.37115999999999993	0.9203449804101812	16535
2178	109.0	0.3504	0.8945236417200425	15196
2179	111.0	0.37559999999999993	0.9164563919138137	16331
2180	113.0	0.37448	0.9309630032318691	15403
2181	97.0	0.38472	0.9387254832042732	13797
2182	123.0	0.3890200000000001	0.9053897137272184	15121
2183	136.0	0.38360000000000005	0.8251565493673673	15309
2184	107.0	0.37972	0.9402576562687366	15911
2185	115.0	0.38902000000000003	0.9440198666805426	17252
2186	119.0	0.38531999999999994	0.9262973993076985	19078
2187	136.0	0.38032000000000005	0.8478680177626847	18701
2188	103.0	0.38502000000000003	0.9106645014456313	16956
2189	96.0	0.35966000000000004	0.9395922159803206	15128
2190	129.0	0.38376	0.8876410085268606	17544
2191	111.0	0.39449999999999996	0.9291696205149685	18738
2192	108.0	0.37622	0.9462081935603306	15721
2193	118.0	0.37187999999999993	0.8456884430678206	14948
2194	117.0	0.39067999999999997	0.9322232195612526	15594
2195	124.0	0.4052800000000001	0.9547884649766135	16772
2196	103.0	0.39704	0.9565305711370283	13867
2197	103.0	0.39558	0.9036029395284375	14789
2198	108.0	0.41115999999999997	0.825314039375741	14450
2199	122.0	0.4150200000000001	0.8824711897204528	15421
2200	110.0	0.42324000000000006	0.931040465734708	15345
2201	112.0	0.40512	0.8384555364323637	14287
2202	117.0	0.38473999999999997	0.9616703216978716	15555
2203	116.0	0.41616	0.8636970606065312	16879
2204	92.0	0.39043999999999995	0.9492731056250832	15630
2205	119.0	0.4191	0.9525843016270884	20298
2206	112.0	0.41595999999999994	0.9388177300888763	22279
2207	129.0	0.44608	0.9438173319475955	29524
2208	109.0	0.45191999999999993	0.9420532807603936	22625
2209	113.0	0.42468000000000006	0.8595256788707615	20070
2210	123.0	0.4128	0.9155639804120854	20845
2211	140.0	0.40076000000000006	0.9318015476288124	21951
2212	119.0	0.42822000000000005	0.916141285237961	18303
2213	112.0	0.4199	0.929105767492383	19109
2214	129.0	0.41253999999999996	0.7830704949258113	20323
2215	106.0	0.45338	0.9441669226052247	22021
2216	137.0	0.45805999999999997	0.9617129330280224	24735
2217	119.0	0.44089999999999996	0.9440283250331157	21575
2218	111.0	0.44544000000000006	0.9494588762282289	20868
2219	113.0	0.48040000000000005	0.9736369968518059	21366
2220	96.0	0.45198	0.9417301337631032	19831
2221	106.0	0.45208	0.9771709438258709	24224
2222	137.0	0.51036	0.9099724556963474	30677
2223	147.0	0.5066999999999999	0.9102989771107004	35773
2224	136.0	0.47142	0.8638570557179865	33311
2225	127.0	0.50074	0.8395007576274428	29394
2226	129.0	0.46932	0.7650082049174327	24616
2227	126.0	0.44876	0.8609836883213633	26731
2228	109.0	0.42827999999999994	0.9141749053356841	23165
2229	118.0	0.46240000000000003	0.9246736523009237	26496
2230	124.0	0.4321200000000001	0.9309044998011748	25809
2231	109.0	0.4427799999999999	0.9180352031295378	27083
2232	111.0	0.4375200000000001	0.8174366259626539	29820
2233	102.0	0.4322000000000001	0.8880098264394161	24096
2234	117.0	0.4501800000000001	0.8306504199241276	22905
2235	111.0	0.4391799999999999	0.8818977891995671	21627
2236	121.0	0.44802	0.85153090681861	24900
2237	99.0	0.43436	0.9359717169946253	22384
2238	100.0	0.44636	0.9731576825524564	21935
2239	119.0	0.49794	0.9029803698148752	22179
2240	100.0	0.45032000000000005	0.9387091846829551	19943
2241	108.0	0.49006	0.9617029289905851	20313
2242	103.0	0.48582000000000003	0.9154375859847471	19627
2243	135.0	0.49241999999999997	0.877818851262122	20341
2244	137.0	0.48198	0.9360143085447268	22395
2245	100.0	0.47261999999999993	0.9515853383772919	17988
2246	139.0	0.49046	0.9731748063069043	17256
2247	11.0	0.04156	0.07958	1694
2250	119.0	0.42345999999999995	0.8768255927638962	16679
2251	120.0	0.48960000000000004	0.914711043450237	19655
2252	103.0	0.47239999999999993	0.9488578745849379	17274
2253	111.0	0.4681800000000001	0.9445592274021595	17908
2254	99.0	0.48235999999999996	0.9745805662361614	14877
2255	112.0	0.48672	0.9615562859185	18478
2256	97.0	0.49851999999999996	0.907962770155393	18245
2257	105.0	0.48873999999999995	0.9262651780562475	19856
2258	85.0	0.47100000000000003	0.6087171174798223	13800
2259	76.0	0.4924	0.6237746184997163	13740
2260	116.0	0.44870000000000004	0.9017864459773509	20314
2261	124.0	0.4270999999999999	0.8487967579301237	20574
2262	105.0	0.47373999999999994	0.9053033889267142	20640
2263	121.0	0.41059999999999997	0.9257082632948145	22350
2264	120.0	0.43995999999999996	0.8904249893622007	23763
2265	104.0	0.45769999999999994	0.8931519963327065	26014
2266	136.0	0.48184000000000005	0.8547296886915654	30173
2267	119.0	0.50158	0.9231133429392141	29008
2268	91.0	0.5193	0.8352391299880503	21920
2269	105.0	0.48790000000000006	0.9375285948262652	22559
2270	107.0	0.5245799999999999	0.913950961435936	25859
2271	112.0	0.49908	0.9120542711355325	24035
2272	87.0	0.5360199999999999	0.9640881446479634	20386
2273	100.0	0.5673999999999999	0.9185370054126673	23016
2274	63.0	0.5671	0.8948849419089812	14973
2275	121.0	0.53352	0.887781035539193	23296
2276	88.0	0.48876	0.9213803932312541	22064
2277	113.0	0.46248000000000006	0.9292134556280486	25320
2278	181.0	0.45221999999999996	0.8542306554880306	31975
2279	148.0	0.5110399999999999	0.7975309619398405	27957
2280	150.0	0.51364	0.7210312792877125	26730
2281	119.0	0.55526	0.8368156687921909	25973
2282	128.0	0.4688400000000001	0.8961049066208909	27368
2283	129.0	0.47832	0.8804571609065397	19908
2284	123.0	0.4970800000000001	0.8930515324881709	24380
2285	103.0	0.51902	0.8958578827761164	22024
2286	45.0	0.27716	0.5123477171804187	11208
2288	62.0	0.28388	0.41002977531318613	12061
2289	95.0	0.5168	0.917575295004395	21796
2290	105.0	0.6013200000000001	0.9090031973896778	19478
2291	94.0	0.4848800000000001	0.926984302415456	22309
2292	84.0	0.39516000000000007	0.7259864713847289	16832
2294	18.0	0.11856000000000001	0.1894964809794005	4191
2295	83.0	0.5827600000000001	0.8734202006464434	19919
2296	82.0	0.56446	0.9027137467424232	18875
2297	104.0	0.56292	0.863079194580783	19131
2298	107.0	0.50158	0.8341691618618542	22186
2299	131.0	0.45359999999999995	0.8461991579341948	24534
2300	118.0	0.42174	0.8873064534361779	28318
2301	152.0	0.44683999999999996	0.8193046236461513	33486
2302	21.0	0.08272	0.11314377041469516	5897
2303	1.0	0.0	0.0	0
