	K562_combined
0	19934
1	22866
2	23434
3	19624
4	24303
5	26979
6	20303
7	21468
8	22085
9	23784
10	25127
11	27718
12	27842
13	30921
14	32591
15	29503
16	26530
17	27976
18	27139
19	19238
20	21935
21	23343
22	24516
23	19809
24	18672
25	22117
26	17241
27	21285
28	25062
29	27553
30	16353
31	25509
32	28025
33	25979
34	23372
35	30579
36	28358
37	28804
38	26901
39	24212
40	17750
41	20653
42	26109
43	22460
44	16864
45	21226
46	18570
47	16374
48	16804
49	20599
50	26169
51	26757
52	31689
53	29327
54	31133
55	29781
56	30329
57	23881
58	25288
59	22889
60	27012
61	31315
62	37487
63	36241
64	30024
65	27833
66	37089
67	37004
68	37051
69	42193
70	27381
71	16373
72	45366
73	39546
74	37029
75	33308
76	25406
77	24324
78	24083
79	25252
80	18278
81	17432
82	16485
83	15240
84	12962
85	14898
86	13170
87	13116
88	15593
89	15059
90	13973
91	13979
92	13309
93	13907
94	15052
95	11874
96	13393
97	14276
98	15781
99	17799
100	6603
101	0
102	9510
103	14932
104	14175
105	15010
106	14026
107	15226
108	13268
109	16471
110	17900
111	16399
112	16712
113	19944
114	16130
115	13037
116	16405
117	17756
118	18433
119	17628
120	17541
121	15835
122	17613
123	17036
124	16399
125	13256
126	15869
127	16762
128	16751
129	19264
130	17402
131	15122
132	18840
133	17207
134	13352
135	18820
136	19179
137	21899
138	33290
139	37112
140	42300
141	40489
142	44361
143	41469
144	33338
145	25688
146	23620
147	25242
148	26489
149	24264
150	26578
151	25024
152	17513
153	21025
154	22523
155	23497
156	25262
157	24582
158	22356
159	22388
160	23113
161	25819
162	30976
163	32189
164	30144
165	29229
166	26311
167	33370
168	43403
169	45062
170	34206
171	38349
172	41646
173	53093
174	45418
175	52050
176	46310
177	35678
178	36998
179	39125
180	37213
181	41364
182	34940
183	39031
184	46553
185	45798
186	50862
187	48829
188	47056
189	48748
190	49192
191	46939
192	41339
193	40837
194	48648
195	51871
196	54417
197	50485
198	50427
199	47073
200	37413
201	41728
202	48265
203	48039
204	52418
205	51754
206	42516
207	41759
208	50832
209	52331
210	53500
211	45830
212	45617
213	46661
214	39727
215	45797
216	42779
217	46933
218	43855
219	45192
220	39258
221	39408
222	32921
223	35766
224	36917
225	49109
226	36486
227	34436
228	37288
229	36833
230	51656
231	36282
232	44161
233	38773
234	41147
235	37655
236	43753
237	49578
238	46316
239	44273
240	48113
241	49826
242	42146
243	42330
244	40798
245	43808
246	44459
247	38739
248	43552
249	40109
250	34128
251	36192
252	32536
253	31304
254	37179
255	35073
256	34685
257	40267
258	31818
259	28451
260	26111
261	31811
262	31442
263	30324
264	15556
265	14810
266	15122
267	14423
268	15703
269	15415
270	13342
271	15351
272	12759
273	15118
274	13427
275	14342
276	13437
277	11887
278	13124
279	12866
280	13613
281	10862
282	12788
283	12950
284	13172
285	12744
286	11638
287	15597
288	15593
289	15883
290	15769
291	16492
292	15849
293	17898
294	18493
295	18761
296	17660
297	20675
298	17247
299	17245
300	22520
301	36596
302	19901
303	22700
304	28762
305	30932
306	33510
307	32472
308	32442
309	35642
310	30522
311	32184
312	33784
313	32815
314	41670
315	35522
316	38137
317	38265
318	41095
319	40221
320	29573
321	33021
322	35787
323	33106
324	34931
325	15820
326	13844
327	35474
328	30184
329	31852
330	33203
331	33607
332	30011
333	34151
334	28932
335	28580
336	52024
337	34665
338	42928
339	28767
340	21726
341	20700
342	20097
343	19481
344	21287
345	24814
346	27899
347	26183
348	22207
349	22934
350	21724
351	17375
352	20692
353	23176
354	24625
355	32398
356	35195
357	29196
358	26523
359	27004
360	29417
361	24341
362	19994
363	16529
364	18860
365	17367
366	20139
367	18203
368	16712
369	13665
370	15556
371	21205
372	23665
373	22494
374	24994
375	19785
376	17156
377	16222
378	14983
379	15627
380	15429
381	16160
382	15151
383	10847
384	8875
385	16478
386	16427
387	17216
388	19380
389	19529
390	25149
391	25168
392	16527
393	16166
394	19572
395	22729
396	24754
397	32473
398	29353
399	39950
400	35637
401	47620
402	32814
403	33854
404	39273
405	45745
406	44660
407	39766
408	43258
409	31567
410	34408
411	46165
412	44414
413	47440
414	54838
415	58879
416	48226
417	37952
418	29302
419	31842
420	29160
421	28648
422	34260
423	15134
424	31843
425	26176
426	20883
427	17095
428	19004
429	27886
430	26241
431	19808
432	19523
433	16625
434	14819
435	18135
436	14163
437	18964
438	16441
439	15105
440	16500
441	14614
442	14015
443	17463
444	15778
445	13256
446	13293
447	15750
448	15328
449	14714
450	14100
451	17241
452	13229
453	14742
454	16246
455	17019
456	15603
457	15814
458	15316
459	15640
460	14161
461	18183
462	18187
463	16422
464	19076
465	25717
466	22850
467	26302
468	27976
469	25706
470	34190
471	36210
472	36764
473	34046
474	42657
475	43938
476	39475
477	38325
478	39707
479	29726
480	27502
481	35643
482	38666
483	42777
484	46372
485	49820
486	43999
487	38590
488	39048
489	37952
490	31900
491	41938
492	41809
493	45859
494	35787
495	35547
496	35498
497	31995
498	34193
499	34621
500	47372
501	42350
502	49144
503	43107
504	44732
505	46047
506	47299
507	45836
508	48366
509	43747
510	47480
511	45184
512	37182
513	37365
514	38799
515	35959
516	34336
517	33260
518	44256
519	34885
520	43399
521	40941
522	50492
523	54379
524	57110
525	50697
526	46960
527	45436
528	51606
529	45382
530	43512
531	48456
532	41475
533	44962
534	50886
535	44343
536	43420
537	48464
538	59431
539	57397
540	47470
541	42579
542	47712
543	52028
544	47083
545	49487
546	55059
547	50771
548	52146
549	45328
550	58033
551	49683
552	49146
553	51903
554	53246
555	40824
556	40456
557	43071
558	39066
559	44430
560	38593
561	36204
562	39088
563	38475
564	34170
565	36697
566	34531
567	35970
568	36124
569	44603
570	43529
571	52776
572	48975
573	49212
574	43905
575	44378
576	55788
577	40573
578	51942
579	40686
580	39433
581	42706
582	38707
583	41093
584	46050
585	34423
586	35533
587	26025
588	36467
589	36984
590	32546
591	38147
592	37474
593	28844
594	32374
595	30812
596	32553
597	25985
598	30369
599	31848
600	31538
601	29725
602	29430
603	31039
604	29956
605	32847
606	39804
607	42385
608	43296
609	51682
610	43196
611	44114
612	46015
613	40797
614	32487
615	31218
616	35475
617	35999
618	40825
619	36345
620	41711
621	28688
622	29063
623	28989
624	34214
625	31355
626	35485
627	35111
628	32686
629	33090
630	32078
631	36178
632	28499
633	25103
634	25877
635	26845
636	25720
637	28416
638	31677
639	31656
640	35208
641	31124
642	34044
643	45012
644	42292
645	48671
646	36612
647	41166
648	37444
649	37570
650	36400
651	38371
652	35669
653	31159
654	32783
655	35778
656	37735
657	43384
658	35183
659	35445
660	32267
661	55984
662	58189
663	48319
664	43222
665	42849
666	40136
667	35614
668	38583
669	34131
670	37473
671	35907
672	41071
673	36920
674	36682
675	35861
676	31071
677	25769
678	22394
679	23763
680	22747
681	19998
682	20170
683	19316
684	20591
685	17104
686	17714
687	17332
688	16355
689	14531
690	14451
691	14974
692	11969
693	16622
694	15840
695	14733
696	13557
697	14667
698	15772
699	14261
700	13952
701	12372
702	14373
703	12922
704	12202
705	14090
706	12397
707	14614
708	11331
709	12323
710	11793
711	12869
712	12863
713	13944
714	16326
715	14718
716	12950
717	15436
718	12647
719	8308
720	14052
721	14079
722	15331
723	13574
724	13003
725	17232
726	14437
727	18422
728	18169
729	17041
730	19769
731	20590
732	21733
733	26585
734	32151
735	32139
736	32908
737	30199
738	28628
739	32972
740	43257
741	31746
742	33493
743	37037
744	37317
745	33052
746	32417
747	39913
748	36565
749	32426
750	33101
751	36593
752	39857
753	34206
754	28107
755	37288
756	35370
757	40555
758	33457
759	32016
760	34074
761	34776
762	36115
763	29160
764	29003
765	31172
766	31733
767	38365
768	34099
769	37254
770	42955
771	39218
772	42939
773	44340
774	49707
775	41938
776	43516
777	45645
778	49423
779	51022
780	44548
781	39990
782	42649
783	45024
784	33403
785	30134
786	39767
787	47071
788	40795
789	34360
790	31674
791	34460
792	39664
793	41848
794	40350
795	36441
796	37588
797	30982
798	34275
799	30746
800	29962
801	23178
802	22573
803	21166
804	16456
805	18134
806	17710
807	19054
808	19641
809	16985
810	17496
811	16192
812	13329
813	14395
814	14205
815	15036
816	11930
817	10756
818	15590
819	12403
820	13501
821	13466
822	12906
823	13211
824	14351
825	15671
826	13186
827	16230
828	14861
829	13741
830	13231
831	15752
832	15528
833	17388
834	17378
835	15627
836	15476
837	18169
838	21017
839	22352
840	24693
841	37543
842	37176
843	38707
844	34356
845	38614
846	44997
847	43883
848	40048
849	31352
850	31027
851	39039
852	36796
853	37762
854	40812
855	44206
856	36286
857	39027
858	35416
859	37789
860	43362
861	50036
862	52769
863	52459
864	42434
865	52010
866	49487
867	51851
868	54557
869	50329
870	49339
871	39378
872	35750
873	37908
874	39975
875	34521
876	39807
877	31437
878	35340
879	37601
880	40171
881	38149
882	35930
883	30245
884	41900
885	40622
886	46098
887	38182
888	37274
889	30916
890	36564
891	32106
892	28482
893	25960
894	29720
895	32510
896	27733
897	25762
898	27556
899	35000
900	32795
901	33350
902	32578
903	27183
904	36900
905	29213
906	27185
907	32287
908	32971
909	34037
910	33637
911	35585
912	33601
913	32258
914	33244
915	30196
916	37892
917	41936
918	39297
919	41505
920	46532
921	38195
922	34334
923	35472
924	45537
925	44245
926	41756
927	39502
928	42653
929	45387
930	47140
931	48428
932	42729
933	47812
934	44942
935	43418
936	35469
937	46478
938	39198
939	34124
940	39891
941	48589
942	50458
943	50267
944	50168
945	52952
946	50277
947	42632
948	50640
949	52536
950	54696
951	61165
952	50255
953	40768
954	39952
955	42783
956	38527
957	43144
958	39974
959	45882
960	41039
961	36004
962	35215
963	36799
964	34363
965	32305
966	42975
967	39511
968	41613
969	40910
970	35904
971	33785
972	37681
973	36598
974	37767
975	35972
976	37771
977	27412
978	27131
979	24063
980	23525
981	25662
982	23969
983	24805
984	21796
985	16362
986	16360
987	16852
988	16250
989	14650
990	13141
991	15788
992	15663
993	13108
994	13964
995	14018
996	16456
997	14713
998	14642
999	13674
1000	15502
1001	15686
1002	14480
1003	13187
1004	13867
1005	14991
1006	13258
1007	13037
1008	12095
1009	13998
1010	13996
1011	13800
1012	15333
1013	15384
1014	15188
1015	15625
1016	17228
1017	14297
1018	15924
1019	13539
1020	14984
1021	13860
1022	13559
1023	12904
1024	10937
1025	11543
1026	17496
1027	13199
1028	15290
1029	14950
1030	12641
1031	13867
1032	14112
1033	13692
1034	13087
1035	12222
1036	15797
1037	13479
1038	11490
1039	11239
1040	13469
1041	12851
1042	13632
1043	12641
1044	14451
1045	13882
1046	14201
1047	12064
1048	12518
1049	14297
1050	16003
1051	15577
1052	14099
1053	14330
1054	12464
1055	15949
1056	15074
1057	14919
1058	13408
1059	16292
1060	14521
1061	16041
1062	17415
1063	15485
1064	15361
1065	14322
1066	16956
1067	13937
1068	17949
1069	16050
1070	17646
1071	17292
1072	16145
1073	22120
1074	23887
1075	21434
1076	25943
1077	33767
1078	32607
1079	32510
1080	30988
1081	35814
1082	27552
1083	36937
1084	40566
1085	36113
1086	37570
1087	34095
1088	33266
1089	31559
1090	31733
1091	27761
1092	31868
1093	33339
1094	34696
1095	43369
1096	47864
1097	45047
1098	38172
1099	39224
1100	34874
1101	41029
1102	38977
1103	42946
1104	33244
1105	46736
1106	49283
1107	53593
1108	39402
1109	44536
1110	36720
1111	32402
1112	40501
1113	39469
1114	39511
1115	37764
1116	35283
1117	33821
1118	37560
1119	29545
1120	24843
1121	34910
1122	27889
1123	24479
1124	25364
1125	25269
1126	27825
1127	27763
1128	19398
1129	22105
1130	19306
1131	16518
1132	15152
1133	18303
1134	17620
1135	14868
1136	14526
1137	17219
1138	14966
1139	12916
1140	13782
1141	14089
1142	14078
1143	12986
1144	13347
1145	15227
1146	13357
1147	13577
1148	11753
1149	14636
1150	13885
1151	12742
1152	12962
1153	13669
1154	17635
1155	13850
1156	12975
1157	13165
1158	17913
1159	24901
1160	18046
1161	22429
1162	25469
1163	22550
1164	23814
1165	28262
1166	23058
1167	25937
1168	22810
1169	28157
1170	24109
1171	23635
1172	19116
1173	22999
1174	27942
1175	28553
1176	31517
1177	29237
1178	32793
1179	35427
1180	26154
1181	26655
1182	23914
1183	28553
1184	22655
1185	23569
1186	20596
1187	21844
1188	20314
1189	18867
1190	20166
1191	13969
1192	15481
1193	16543
1194	15331
1195	14577
1196	16881
1197	26443
1198	16684
1199	18351
1200	16560
1201	19374
1202	22022
1203	22879
1204	20241
1205	22421
1206	20524
1207	22154
1208	23568
1209	24185
1210	27362
1211	28224
1212	30328
1213	24406
1214	28157
1215	26497
1216	32267
1217	35659
1218	40396
1219	40394
1220	43522
1221	42640
1222	32967
1223	30421
1224	42581
1225	39796
1226	39565
1227	42884
1228	38958
1229	32867
1230	33511
1231	30820
1232	40495
1233	45425
1234	39120
1235	42028
1236	42481
1237	46431
1238	43944
1239	42145
1240	43108
1241	44301
1242	46604
1243	39338
1244	40241
1245	37831
1246	43754
1247	44726
1248	50555
1249	43660
1250	46996
1251	47232
1252	46259
1253	45765
1254	40838
1255	34445
1256	33936
1257	28568
1258	34098
1259	34293
1260	32044
1261	29372
1262	31235
1263	29589
1264	29724
1265	29961
1266	30021
1267	28028
1268	29494
1269	24208
1270	25701
1271	28304
1272	29880
1273	27401
1274	28995
1275	31827
1276	31934
1277	34617
1278	31785
1279	26349
1280	29277
1281	28702
1282	34793
1283	30476
1284	35568
1285	41950
1286	36282
1287	35709
1288	41768
1289	41224
1290	38995
1291	42694
1292	38041
1293	35332
1294	43003
1295	32480
1296	43374
1297	45251
1298	38453
1299	44957
1300	46354
1301	49471
1302	52059
1303	46527
1304	48660
1305	52528
1306	42701
1307	47335
1308	45352
1309	41274
1310	44819
1311	47837
1312	48788
1313	49424
1314	48924
1315	54709
1316	45419
1317	40997
1318	32936
1319	33179
1320	37844
1321	36844
1322	37834
1323	35734
1324	27695
1325	28954
1326	24135
1327	21115
1328	20492
1329	24760
1330	22030
1331	24215
1332	27355
1333	27124
1334	35978
1335	29487
1336	24196
1337	21769
1338	19121
1339	19625
1340	17319
1341	20975
1342	15959
1343	18771
1344	16958
1345	17592
1346	17381
1347	17990
1348	16965
1349	23183
1350	20175
1351	20940
1352	25119
1353	23709
1354	26492
1355	24405
1356	23169
1357	20296
1358	26056
1359	27070
1360	27071
1361	34247
1362	37491
1363	33403
1364	37102
1365	34426
1366	45955
1367	45169
1368	38714
1369	37506
1370	38670
1371	45949
1372	45744
1373	36932
1374	31956
1375	31716
1376	33210
1377	41326
1378	34815
1379	43711
1380	45182
1381	44555
1382	45317
1383	39370
1384	32923
1385	35164
1386	35684
1387	37698
1388	39595
1389	40054
1390	43950
1391	36927
1392	41376
1393	41051
1394	48373
1395	44187
1396	50881
1397	46008
1398	46934
1399	48618
1400	47264
1401	42373
1402	42048
1403	51169
1404	55872
1405	58647
1406	51099
1407	57591
1408	45014
1409	46104
1410	52006
1411	45668
1412	43741
1413	35473
1414	37947
1415	37417
1416	37728
1417	44134
1418	50254
1419	45595
1420	42248
1421	45308
1422	40333
1423	45149
1424	37987
1425	42361
1426	40062
1427	43206
1428	33623
1429	35789
1430	32647
1431	38092
1432	28475
1433	43217
1434	43433
1435	39828
1436	41154
1437	30035
1438	43973
1439	35037
1440	39289
1441	37462
1442	33748
1443	43558
1444	32644
1445	26268
1446	30414
1447	32509
1448	28835
1449	26156
1450	27373
1451	26576
1452	24682
1453	26982
1454	25775
1455	27240
1456	30032
1457	27243
1458	30629
1459	32056
1460	31312
1461	38279
1462	36586
1463	41972
1464	47446
1465	47394
1466	45403
1467	44486
1468	41510
1469	47434
1470	34086
1471	35957
1472	34322
1473	30457
1474	28948
1475	31361
1476	39054
1477	36575
1478	44858
1479	41206
1480	23732
1481	49070
1482	50912
1483	49470
1484	56742
1485	51476
1486	47217
1487	48643
1488	50270
1489	60407
1490	46658
1491	46011
1492	51570
1493	51882
1494	59212
1495	58746
1496	46002
1497	41345
1498	42363
1499	39704
1500	32962
1501	46688
1502	39129
1503	35944
1504	36901
1505	33725
1506	27282
1507	26891
1508	24664
1509	25967
1510	26574
1511	24836
1512	23585
1513	24219
1514	25876
1515	29270
1516	29654
1517	29701
1518	29785
1519	24511
1520	23129
1521	23224
1522	22913
1523	20169
1524	18569
1525	16283
1526	19848
1527	19285
1528	19554
1529	17461
1530	17026
1531	16394
1532	19425
1533	17217
1534	14305
1535	17044
1536	16239
1537	13253
1538	13266
1539	16091
1540	12922
1541	12953
1542	12844
1543	13564
1544	14097
1545	11984
1546	11796
1547	14703
1548	14268
1549	13731
1550	11004
1551	11412
1552	13260
1553	13368
1554	15498
1555	14470
1556	11981
1557	12478
1558	10508
1559	15223
1560	13008
1561	14296
1562	13696
1563	17409
1564	14519
1565	16517
1566	16163
1567	15115
1568	15572
1569	17330
1570	16208
1571	18205
1572	18871
1573	18520
1574	20478
1575	18728
1576	16710
1577	16222
1578	15812
1579	17212
1580	17507
1581	16178
1582	18210
1583	17949
1584	24024
1585	21855
1586	20078
1587	20606
1588	19257
1589	19425
1590	17645
1591	19026
1592	14515
1593	16115
1594	15218
1595	14885
1596	15801
1597	16010
1598	15999
1599	16206
1600	17994
1601	21038
1602	23133
1603	23492
1604	24613
1605	27292
1606	29116
1607	35078
1608	30017
1609	32432
1610	26696
1611	29933
1612	30355
1613	26729
1614	21831
1615	20696
1616	15876
1617	17045
1618	17125
1619	16864
1620	15968
1621	17255
1622	17453
1623	16529
1624	13346
1625	14359
1626	15358
1627	13943
1628	16445
1629	13239
1630	13494
1631	14259
1632	14897
1633	13675
1634	20756
1635	15806
1636	16972
1637	17714
1638	15898
1639	16329
1640	15749
1641	15247
1642	13735
1643	15849
1644	15496
1645	16777
1646	13610
1647	14835
1648	13940
1649	16030
1650	12080
1651	12484
1652	14973
1653	15917
1654	12899
1655	13461
1656	13411
1657	16058
1658	15396
1659	15925
1660	15444
1661	17317
1662	16377
1663	14346
1664	14901
1665	14218
1666	16269
1667	13972
1668	16266
1669	14069
1670	15574
1671	13805
1672	14953
1673	15637
1674	14747
1675	16194
1676	18853
1677	16658
1678	18185
1679	19130
1680	24913
1681	23847
1682	25105
1683	25524
1684	24507
1685	31607
1686	20461
1687	23828
1688	22265
1689	22865
1690	29074
1691	20753
1692	27965
1693	34366
1694	26095
1695	23562
1696	23539
1697	25603
1698	30131
1699	30283
1700	34424
1701	43861
1702	46174
1703	46748
1704	40562
1705	40307
1706	36235
1707	37493
1708	40472
1709	49993
1710	48971
1711	53244
1712	53049
1713	55685
1714	51303
1715	54124
1716	58695
1717	48439
1718	46446
1719	47219
1720	43237
1721	47360
1722	53806
1723	41679
1724	64219
1725	49095
1726	48043
1727	34842
1728	45187
1729	46540
1730	39789
1731	36012
1732	35466
1733	35415
1734	33174
1735	31876
1736	31568
1737	29307
1738	26495
1739	17485
1740	27626
1741	23780
1742	14265
1743	4818
1744	1377
1745	5568
1746	7509
1747	6283
1748	10663
1749	10948
1750	11695
1751	9580
1752	7999
1753	58
1754	3884
1755	18097
1756	10897
1757	12202
1758	8757
1759	12890
1760	5533
1761	1501
1762	3489
1763	6748
1764	6356
1765	9216
1766	34220
1767	39866
1768	34576
1769	32493
1770	32353
1771	35608
1772	30248
1773	35226
1774	34554
1775	33776
1776	38986
1777	31948
1778	39572
1779	39543
1780	34949
1781	24674
1782	25880
1783	25219
1784	24987
1785	23582
1786	13092
1787	11085
1788	15480
1789	13183
1790	12228
1791	5579
1792	2601
1793	0
1794	0
1795	0
1796	37113
1797	48942
1798	5553
1799	6947
1800	11178
1801	11019
1802	14409
1803	7015
1804	12910
1805	4510
1806	77
1807	4195
1808	9654
1809	17294
1810	105
1811	0
1812	0
1813	0
1814	0
1815	0
1816	0
1817	0
1818	0
1819	0
1820	0
1821	0
1822	0
1823	0
1824	0
1825	0
1826	0
1827	0
1828	0
1829	0
1830	0
1831	1761
1832	4552
1833	15620
1834	9842
1835	103147
1836	89870
1837	20111
1838	14644
1839	11168
1840	10882
1841	18583
1842	15053
1843	11548
1844	1719
1845	90222
1846	101295
1847	0
1848	0
1849	0
1850	0
1851	0
1852	0
1853	0
1854	0
1855	0
1856	0
1857	0
1858	0
1859	0
1860	0
1861	0
1862	0
1863	0
1864	0
1865	0
1866	0
1867	0
1868	0
1869	0
1870	0
1871	0
1872	0
1873	0
1874	0
1875	0
1876	0
1877	0
1878	0
1879	0
1880	0
1881	0
1882	0
1883	0
1884	0
1885	0
1886	0
1887	0
1888	0
1889	0
1890	0
1891	0
1892	0
1893	0
1894	0
1895	0
1896	0
1897	0
1898	0
1899	0
1900	0
1901	0
1902	0
1903	0
1904	0
1905	0
1906	5350
1907	11068
1908	20930
1909	13360
1910	17749
1911	21971
1912	22778
1913	29257
1914	29909
1915	33060
1916	36165
1917	30290
1918	33529
1919	32592
1920	32943
1921	28038
1922	2259
1923	20457
1924	23175
1925	3309
1926	18602
1927	33146
1928	21781
1929	19558
1930	20368
1931	19534
1932	24042
1933	23675
1934	20239
1935	43452
1936	41196
1937	50245
1938	52778
1939	49640
1940	42101
1941	41951
1942	29779
1943	47157
1944	42916
1945	46930
1946	48393
1947	49069
1948	53752
1949	44331
1950	44708
1951	56331
1952	53636
1953	34116
1954	20132
1955	23334
1956	22584
1957	18641
1958	3244
1959	1499
1960	7747
1961	1717
1962	6147
1963	20915
1964	19069
1965	43010
1966	37713
1967	42288
1968	36496
1969	33052
1970	35111
1971	34160
1972	35221
1973	35927
1974	33632
1975	31272
1976	29820
1977	23764
1978	27698
1979	34128
1980	36205
1981	37189
1982	37096
1983	45345
1984	35166
1985	34441
1986	29627
1987	34587
1988	31312
1989	30747
1990	34394
1991	28106
1992	28504
1993	29406
1994	30778
1995	42933
1996	36425
1997	28185
1998	36469
1999	33884
2000	33279
2001	33691
2002	35111
2003	36475
2004	36077
2005	34767
2006	33955
2007	35615
2008	29481
2009	32130
2010	29740
2011	31295
2012	28627
2013	29294
2014	22899
2015	29445
2016	36261
2017	38202
2018	31598
2019	32698
2020	41305
2021	32466
2022	38570
2023	42914
2024	39777
2025	33806
2026	30925
2027	31599
2028	32642
2029	38050
2030	40089
2031	38648
2032	38308
2033	34859
2034	39168
2035	42146
2036	42702
2037	37638
2038	37722
2039	41234
2040	42817
2041	33265
2042	34606
2043	35731
2044	41966
2045	37683
2046	41095
2047	33290
2048	36776
2049	34364
2050	34574
2051	33657
2052	38475
2053	42520
2054	35654
2055	34419
2056	36531
2057	33063
2058	38078
2059	36095
2060	36378
2061	38211
2062	32505
2063	22567
2064	30299
2065	37288
2066	31718
2067	31161
2068	27360
2069	25155
2070	25321
2071	21006
2072	20759
2073	18022
2074	16490
2075	20549
2076	18378
2077	17002
2078	18130
2079	19050
2080	21443
2081	24864
2082	19112
2083	17796
2084	18442
2085	17624
2086	16519
2087	15102
2088	17874
2089	15556
2090	16571
2091	13162
2092	15602
2093	14976
2094	15220
2095	15659
2096	15851
2097	15022
2098	20613
2099	19376
2100	21233
2101	22365
2102	20766
2103	21811
2104	26737
2105	22586
2106	24778
2107	27088
2108	25293
2109	24720
2110	31201
2111	32267
2112	27289
2113	32029
2114	37223
2115	34289
2116	32391
2117	45099
2118	41916
2119	45870
2120	47221
2121	45129
2122	41215
2123	40640
2124	43438
2125	36723
2126	35078
2127	35345
2128	39461
2129	40323
2130	34419
2131	38991
2132	30033
2133	32960
2134	32964
2135	29483
2136	35926
2137	28685
2138	30204
2139	24331
2140	10059
2141	9602
2142	25054
2143	28761
2144	25070
2145	23078
2146	18386
2147	18526
2148	21469
2149	18967
2150	16470
2151	18392
2152	18639
2153	17431
2154	19732
2155	15747
2156	17669
2157	19027
2158	18002
2159	18478
2160	14593
2161	15936
2162	15071
2163	19622
2164	21975
2165	21387
2166	28801
2167	29408
2168	21217
2169	3921
2170	12675
2171	17314
2172	18533
2173	22227
2174	20648
2175	20983
2176	23307
2177	28563
2178	36770
2179	39308
2180	36596
2181	38607
2182	26529
2183	40378
2184	39831
2185	27453
2186	34951
2187	24107
2188	29075
2189	27219
2190	36789
2191	38246
2192	39272
2193	30549
2194	30977
2195	34093
2196	39191
2197	36768
2198	31698
2199	31916
2200	34512
2201	31352
2202	7384
2203	0
2204	0
2205	28393
2206	26379
2207	26606
2208	31303
2209	26781
2210	2562
2211	116
2212	339
2213	273
2214	1010
2215	2787
2216	3001
2217	21717
2218	23619
2219	19972
2220	2694
2221	3338
2222	4053
2223	1005
2224	441
2225	362
2226	443
2227	9024
2228	32530
2229	28168
2230	33704
2231	33245
2232	32400
2233	28390
2234	31599
2235	34404
2236	34913
2237	34057
2238	37373
2239	37609
2240	17509
2241	10569
2242	15425
2243	18637
2244	18659
2245	23996
2246	14675
2247	30075
2248	32784
2249	26990
2250	14286
2251	13404
2252	27979
2253	40970
2254	45790
2255	44809
2256	41348
2257	31339
2258	40903
2259	35831
2260	37096
2261	33259
2262	12624
2263	12037
2264	41594
2265	37868
2266	48875
2267	57563
2268	53572
2269	51971
2270	43915
2271	44184
2272	40604
2273	46236
2274	47737
2275	51076
2276	47259
2277	42440
2278	42062
2279	36256
2280	42139
2281	39692
2282	38695
2283	22898
2284	10410
2285	13450
2286	18009
2287	14923
2288	26015
2289	29326
2290	39387
2291	37795
2292	40167
2293	32518
2294	32070
2295	26169
2296	26091
2297	20264
2298	23524
2299	19831
2300	20654
2301	18209
2302	18218
2303	16664
2304	17737
2305	18055
2306	20298
2307	15973
2308	15726
2309	19353
2310	16532
2311	14832
2312	18346
2313	16543
2314	15526
2315	14719
2316	16548
2317	16504
2318	15137
2319	13991
2320	14058
2321	13971
2322	16017
2323	15028
2324	15199
2325	13728
2326	14442
2327	14636
2328	12127
2329	14402
2330	13109
2331	12512
2332	16723
2333	15270
2334	15834
2335	15423
2336	13787
2337	13006
2338	15653
2339	15802
2340	14316
2341	11209
2342	12049
2343	16232
2344	16572
2345	14011
2346	15239
2347	15357
2348	13435
2349	12339
2350	14537
2351	12706
2352	14035
2353	15257
2354	14711
2355	13697
2356	14330
2357	18455
2358	15912
2359	14310
2360	15255
2361	15891
2362	15595
2363	16166
2364	15789
2365	16322
2366	15327
2367	15064
2368	17728
2369	21615
2370	19474
2371	26901
2372	28114
2373	24370
2374	32078
2375	35620
2376	30583
2377	20598
2378	29535
2379	30337
2380	28836
2381	24702
2382	25983
2383	26626
2384	25501
2385	28512
2386	31579
2387	32246
2388	37206
2389	42699
2390	40393
2391	38881
2392	35955
2393	26258
2394	33284
2395	29836
2396	32761
2397	35167
2398	33232
2399	45949
2400	39742
2401	35145
2402	41946
2403	43071
2404	40361
2405	36759
2406	35445
2407	35329
2408	40131
2409	41349
2410	41157
2411	30317
2412	32414
2413	30940
2414	33697
2415	34394
2416	32735
2417	32388
2418	33992
2419	43582
2420	43927
2421	32762
2422	34880
2423	34690
2424	38753
2425	36779
2426	38953
2427	32888
2428	37073
2429	38800
2430	32806
2431	34642
2432	41984
2433	40716
2434	39155
2435	35023
2436	39338
2437	38633
2438	36795
2439	37150
2440	37101
2441	43468
2442	38901
2443	37368
2444	35371
2445	38654
2446	41365
2447	40030
2448	43368
2449	47549
2450	45881
2451	36009
2452	38698
2453	35044
2454	30070
2455	32084
2456	29044
2457	31019
2458	32021
2459	36549
2460	21505
2461	23591
2462	17262
2463	18323
2464	20074
2465	16848
2466	16664
2467	15467
2468	16032
2469	16394
2470	15368
2471	14206
2472	17353
2473	15928
2474	14655
2475	14216
2476	13850
2477	14872
2478	15447
2479	12710
2480	12960
2481	12601
2482	16394
2483	14096
2484	14143
2485	14122
2486	15176
2487	13480
2488	14836
2489	12050
2490	14141
2491	15568
2492	15579
2493	14398
2494	14729
2495	17598
2496	17230
2497	16545
2498	15302
2499	17256
2500	14799
2501	15447
2502	13781
2503	14085
2504	16379
2505	20962
2506	18278
2507	16731
2508	15288
2509	16646
2510	16094
2511	19795
2512	16548
2513	14791
2514	15233
2515	18672
2516	14472
2517	12746
2518	13999
2519	14623
2520	13703
2521	13930
2522	13790
2523	13468
2524	13825
2525	15944
2526	16983
2527	16271
2528	13421
2529	16290
2530	18000
2531	17282
2532	17536
2533	15125
2534	14678
2535	16252
2536	16912
2537	15321
2538	17380
2539	22539
2540	26869
2541	27043
2542	23782
2543	22441
2544	24024
2545	28131
2546	26559
2547	29509
2548	46097
2549	36659
2550	36858
2551	34470
2552	33323
2553	32699
2554	34947
2555	37682
2556	41212
2557	35888
2558	35356
2559	39072
2560	45233
2561	34374
2562	39862
2563	45305
2564	45781
2565	39057
2566	49783
2567	38191
2568	38324
2569	39699
2570	35617
2571	49456
2572	45424
2573	50757
2574	42168
2575	43684
2576	45369
2577	39621
2578	34949
2579	43478
2580	36457
2581	31029
2582	35241
2583	29574
2584	33180
2585	34156
2586	31075
2587	35893
2588	32467
2589	28772
2590	26383
2591	26024
2592	19380
2593	22603
2594	24387
2595	23751
2596	23298
2597	25034
2598	25337
2599	22586
2600	20353
2601	22613
2602	27050
2603	21822
2604	27072
2605	24803
2606	25124
2607	24293
2608	23428
2609	23800
2610	27451
2611	25439
2612	30886
2613	30473
2614	27735
2615	19254
2616	7993
2617	11059
2618	38278
2619	28289
2620	28632
2621	37184
2622	41870
2623	10911
2624	3974
2625	962
2626	4067
2627	7087
2628	5982
2629	19431
2630	32471
2631	31531
2632	31149
2633	29410
2634	30886
2635	33062
2636	41335
2637	42835
2638	30287
2639	13948
2640	9076
2641	19797
2642	24332
2643	32240
2644	31032
2645	34781
2646	27066
2647	27046
2648	30317
2649	19773
2650	17805
2651	19577
2652	13524
2653	15020
2654	10247
2655	15996
2656	11624
2657	10693
2658	15645
2659	14718
2660	45042
2661	42509
2662	34280
2663	22084
2664	16935
2665	21195
2666	23755
2667	28852
2668	23139
2669	23324
2670	20103
2671	18828
2672	20236
2673	18304
2674	17281
2675	17322
2676	16913
2677	16123
2678	17095
2679	15135
2680	15588
2681	16571
2682	17250
2683	16048
2684	19011
2685	19689
2686	19383
2687	18335
2688	18878
2689	21139
2690	20867
2691	23080
2692	25255
2693	21971
2694	31658
2695	28652
2696	30298
2697	37313
2698	41116
2699	37415
2700	36190
2701	33826
2702	30801
2703	37579
2704	35551
2705	34778
2706	33577
2707	29373
2708	33219
2709	35550
2710	33851
2711	29089
2712	34878
2713	34509
2714	34889
2715	39771
2716	35276
2717	32107
2718	32147
2719	34495
2720	32273
2721	28592
2722	30065
2723	32446
2724	31507
2725	31295
2726	32813
2727	28240
2728	33902
2729	40153
2730	40211
2731	45131
2732	40712
2733	34347
2734	41820
2735	33474
2736	33982
2737	36283
2738	35195
2739	29639
2740	35414
2741	34831
2742	27664
2743	27335
2744	27413
2745	22682
2746	20782
2747	19326
2748	20902
2749	18571
2750	16674
2751	16517
2752	18325
2753	15420
2754	16504
2755	13780
2756	14501
2757	14190
2758	15734
2759	14521
2760	14711
2761	13653
2762	14763
2763	15426
2764	14539
2765	16324
2766	15939
2767	16662
2768	15636
2769	15366
2770	18192
2771	22280
2772	21645
2773	28589
2774	34466
2775	34045
2776	34646
2777	26303
2778	25878
2779	26262
2780	21304
2781	21287
2782	25446
2783	27934
2784	32076
2785	27929
2786	23775
2787	30548
2788	27132
2789	24683
2790	22431
2791	24737
2792	20490
2793	16618
2794	15506
2795	16063
2796	14112
2797	14486
2798	12740
2799	14513
2800	15682
2801	13380
2802	17753
2803	16363
2804	15780
2805	12650
2806	14067
2807	15303
2808	15648
2809	13984
2810	15476
2811	14362
2812	18114
2813	17044
2814	15279
2815	15753
2816	15007
2817	12919
2818	14649
2819	13681
2820	13965
2821	11594
2822	13183
2823	14936
2824	12866
2825	13738
2826	12999
2827	12146
2828	11281
2829	13896
2830	13917
2831	12227
2832	11859
2833	12413
2834	14965
2835	14025
2836	12388
2837	12526
2838	13005
2839	14323
2840	12177
2841	13072
2842	13891
2843	14172
2844	12914
2845	13408
2846	15623
2847	16029
2848	12416
2849	14111
2850	12228
2851	14359
2852	10982
2853	11739
2854	11315
2855	13191
2856	12054
2857	14260
2858	14264
2859	12480
2860	16259
2861	16373
2862	14106
2863	12601
2864	15018
2865	13260
2866	13626
2867	12890
2868	16650
2869	18067
2870	16553
2871	14328
2872	21835
2873	23333
2874	18064
2875	18751
2876	17216
2877	20968
2878	19299
2879	18054
2880	20913
2881	21433
2882	19442
2883	22191
2884	23444
2885	26618
2886	22431
2887	26573
2888	24008
2889	31778
2890	32878
2891	32479
2892	26499
2893	27278
2894	25625
2895	26232
2896	28260
2897	29979
2898	31880
2899	30389
2900	33719
2901	33812
2902	42645
2903	36320
2904	37738
2905	40295
2906	38494
2907	37598
2908	37752
2909	29788
2910	31623
2911	25834
2912	31738
2913	34447
2914	36252
2915	29786
2916	30039
2917	24447
2918	26878
2919	29917
2920	26512
2921	27048
2922	25144
2923	24458
2924	25235
2925	19707
2926	28361
2927	23333
2928	26523
2929	27015
2930	29665
2931	26950
2932	24288
2933	22713
2934	20688
2935	17549
2936	20682
2937	18670
2938	14323
2939	13933
2940	15698
2941	14820
2942	16428
2943	14572
2944	15868
2945	16784
2946	14766
2947	13768
2948	14809
2949	14521
2950	15519
2951	15138
2952	13979
2953	13181
2954	15058
2955	15512
2956	15970
2957	13497
2958	12768
2959	14373
2960	15436
2961	15044
2962	16988
2963	16906
2964	19089
2965	20594
2966	18488
2967	17581
2968	20780
2969	19188
2970	18597
2971	20723
2972	20578
2973	21302
2974	23516
2975	27685
2976	22676
2977	24021
2978	23656
2979	24986
2980	23032
2981	22603
2982	18198
2983	24915
2984	25203
2985	36153
2986	41857
2987	63105
2988	54374
2989	53750
2990	54574
2991	61190
2992	64528
2993	40787
2994	0
2995	12169
2996	47759
2997	52082
2998	40670
2999	36777
3000	36863
3001	36077
3002	33684
3003	38395
3004	39452
3005	29874
3006	31526
3007	30359
3008	37400
3009	31728
3010	24925
3011	22897
3012	22404
3013	23841
3014	20912
3015	26503
3016	23973
3017	22938
3018	25746
3019	27825
3020	29603
3021	26600
3022	26119
3023	22594
3024	26762
3025	21622
3026	31607
3027	27923
3028	28369
3029	25346
3030	26761
3031	23734
3032	23768
3033	31261
3034	27697
3035	21432
3036	21844
3037	28820
3038	25143
3039	26353
3040	33192
3041	36026
3042	47149
3043	49988
3044	46648
3045	41456
3046	42759
3047	42148
3048	37537
3049	33392
3050	48631
3051	44792
3052	48551
3053	41097
3054	44193
3055	44991
3056	46636
3057	43486
3058	42439
3059	37623
3060	39460
3061	40268
3062	37670
3063	37162
3064	34651
3065	31224
3066	38941
3067	34744
3068	39003
3069	43515
3070	37700
3071	36562
3072	32573
3073	27826
3074	24821
3075	22096
3076	21362
3077	12094
3078	18884
3079	18226
3080	20760
3081	20942
3082	20958
3083	21294
3084	20548
3085	17999
3086	22638
3087	22367
3088	18319
3089	16841
3090	20065
3091	17062
3092	17849
3093	17852
3094	16419
3095	16807
3096	18001
3097	15386
3098	17463
3099	16726
3100	13881
3101	17870
3102	16673
3103	17685
3104	18944
3105	16703
3106	18482
3107	18462
3108	19196
3109	16790
3110	17153
3111	15604
3112	16506
3113	17438
3114	18986
3115	15643
3116	16512
3117	15651
3118	18906
3119	18008
3120	16831
3121	22202
3122	20639
3123	21676
3124	22956
3125	20536
3126	16732
3127	15564
3128	19864
3129	18116
3130	18127
3131	20424
3132	19515
3133	18628
3134	22835
3135	20435
3136	20367
3137	26439
3138	25064
3139	22103
3140	28203
3141	29297
3142	26910
3143	32791
3144	38901
3145	44229
3146	39273
3147	30654
3148	33814
3149	26536
3150	28382
3151	29547
3152	26582
3153	23418
3154	22389
3155	23848
3156	24423
3157	24473
3158	28489
3159	32981
3160	36896
3161	38045
3162	49721
3163	47022
3164	32325
3165	38046
3166	40220
3167	29985
3168	28826
3169	30732
3170	33591
3171	41186
3172	49933
3173	47510
3174	50365
3175	62097
3176	52993
3177	54509
3178	41374
3179	36991
3180	35033
3181	40361
3182	37022
3183	35782
3184	32521
3185	37537
3186	39933
3187	38469
3188	36973
3189	37700
3190	45907
3191	38167
3192	41184
3193	38411
3194	35426
3195	40295
3196	44222
3197	45519
3198	44946
3199	43813
3200	53024
3201	43586
3202	43767
3203	42339
3204	43355
3205	35855
3206	37010
3207	37224
3208	41149
3209	37876
3210	39298
3211	40765
3212	40396
3213	39437
3214	33018
3215	41107
3216	30151
3217	28024
3218	29943
3219	24310
3220	30756
3221	33818
3222	33518
3223	28654
3224	27237
3225	26007
3226	24284
3227	23651
3228	23653
3229	21519
3230	20955
3231	17728
3232	18718
3233	18535
3234	19536
3235	19580
3236	25690
3237	28841
3238	21827
3239	31761
3240	35619
3241	28419
3242	43302
3243	35737
3244	34565
3245	27914
3246	26077
3247	19560
3248	19207
3249	17295
3250	17131
3251	19813
3252	19183
3253	15379
3254	17949
3255	16643
3256	18388
3257	23924
3258	21968
3259	19107
3260	18924
3261	19687
3262	17474
3263	22582
3264	16995
3265	17221
3266	16685
3267	16598
3268	16091
3269	17008
3270	17126
3271	17817
3272	16306
3273	16506
3274	17417
3275	16485
3276	16432
3277	16482
3278	19253
3279	16648
3280	17561
3281	17746
3282	15789
3283	16915
3284	18280
3285	15758
3286	19593
3287	21956
3288	19136
3289	17564
3290	17655
3291	13780
3292	19694
3293	17582
3294	16933
3295	16524
3296	17646
3297	18760
3298	20697
3299	13709
3300	17838
3301	16301
3302	15334
3303	17325
3304	17454
3305	16544
3306	20340
3307	16492
3308	17801
3309	16914
3310	17696
3311	16993
3312	20434
3313	19071
3314	21615
3315	18893
3316	19942
3317	21928
3318	18584
3319	18667
3320	19224
3321	18548
3322	19629
3323	19926
3324	18922
3325	17907
3326	16568
3327	17440
3328	18757
3329	19515
3330	21448
3331	18374
3332	19837
3333	20799
3334	26307
3335	29328
3336	26959
3337	18634
3338	20697
3339	23566
3340	27460
3341	23774
3342	26146
3343	24805
3344	34729
3345	29867
3346	21767
3347	24786
3348	20944
3349	19806
3350	19794
3351	15913
3352	17683
3353	18981
3354	16767
3355	20999
3356	15544
3357	16966
3358	17415
3359	21082
3360	17324
3361	18676
3362	18462
3363	19413
3364	23063
3365	17910
3366	22073
3367	20828
3368	23275
3369	19841
3370	21142
3371	26214
3372	31539
3373	30863
3374	37665
3375	44635
3376	42046
3377	29644
3378	38017
3379	34751
3380	37185
3381	39735
3382	42436
3383	46452
3384	41446
3385	43475
3386	52923
3387	48660
3388	39376
3389	43115
3390	44907
3391	41022
3392	57891
3393	58680
3394	48865
3395	54368
3396	46494
3397	44778
3398	53811
3399	58937
3400	53585
3401	54946
3402	30735
3403	35431
3404	50072
3405	53103
3406	50023
3407	53241
3408	48189
3409	44341
3410	53645
3411	56262
3412	52851
3413	53638
3414	49356
3415	41071
3416	42142
3417	51615
3418	49459
3419	52652
3420	49040
3421	57324
3422	59144
3423	60304
3424	57868
3425	54821
3426	52067
3427	56292
3428	49304
3429	51440
3430	47700
3431	56546
3432	51981
3433	57842
3434	50715
3435	52203
3436	54524
3437	44762
3438	44321
3439	52981
3440	50938
3441	49746
3442	53287
3443	47233
3444	47572
3445	54962
3446	52731
3447	59676
3448	47734
3449	51401
3450	48535
3451	42561
3452	47136
3453	47790
3454	53611
3455	60198
3456	54219
3457	54643
3458	56890
3459	50265
3460	47184
3461	42989
3462	45781
3463	47128
3464	46112
3465	43806
3466	45275
3467	43630
3468	41269
3469	47389
3470	38859
3471	40737
3472	42163
3473	41624
3474	36496
3475	42731
3476	47412
3477	46101
3478	48831
3479	46047
3480	49505
3481	44863
3482	47133
3483	44745
3484	49142
3485	47435
3486	42845
3487	39406
3488	40847
3489	43748
3490	37833
3491	37116
3492	43147
3493	55221
3494	53341
3495	44620
3496	51260
3497	56732
3498	55244
3499	42225
3500	47794
3501	43496
3502	51838
3503	51803
3504	38230
3505	43115
3506	46280
3507	50307
3508	48553
3509	52479
3510	44295
3511	43870
3512	53452
3513	36969
3514	39518
3515	35826
3516	36716
3517	36029
3518	41361
3519	38479
3520	45724
3521	35747
3522	35442
3523	36270
3524	36442
3525	37481
3526	36296
3527	27593
3528	32779
3529	27589
3530	36348
3531	30242
3532	33340
3533	31717
3534	41868
3535	40160
3536	34849
3537	42389
3538	44295
3539	40477
3540	39641
3541	40737
3542	35748
3543	32498
3544	33504
3545	32003
3546	37543
3547	35772
3548	37638
3549	39175
3550	34164
3551	31746
3552	36210
3553	38729
3554	36448
3555	36738
3556	37999
3557	42782
3558	38878
3559	46237
3560	55186
3561	55515
3562	59904
3563	62721
3564	53786
3565	47601
3566	39330
3567	39883
3568	46601
3569	54992
3570	46155
3571	48626
3572	53902
3573	38993
3574	30116
3575	36010
3576	30611
3577	40569
3578	41489
3579	48913
3580	45534
3581	49337
3582	55694
3583	46736
3584	48732
3585	54606
3586	47856
3587	46325
3588	54083
3589	46416
3590	16904
3591	32868
3592	33335
3593	27692
3594	30375
3595	25474
3596	25665
3597	20520
3598	23154
3599	22971
3600	21478
3601	23069
3602	26087
3603	23236
3604	20139
3605	21556
3606	18656
3607	19459
3608	19212
3609	22582
3610	20409
3611	22496
3612	24063
3613	23543
3614	30236
3615	25975
3616	25496
3617	32369
3618	26698
3619	23392
3620	17281
3621	20385
3622	20614
3623	17034
3624	20726
3625	20017
3626	19685
3627	22965
3628	21648
3629	20071
3630	22185
3631	22562
3632	21695
3633	21254
3634	21714
3635	23731
3636	26398
3637	27774
3638	26326
3639	21147
3640	16079
3641	19400
3642	18872
3643	18272
3644	18509
3645	19087
3646	20502
3647	18296
3648	18957
3649	18955
3650	23229
3651	28780
3652	34084
3653	40904
3654	29517
3655	31497
3656	28136
3657	21603
3658	22970
3659	18682
3660	20228
3661	18877
3662	18354
3663	20196
3664	18756
3665	20378
3666	16066
3667	21389
3668	23100
3669	26383
3670	34378
3671	39573
3672	32618
3673	33251
3674	33483
3675	36027
3676	35445
3677	33171
3678	49864
3679	42839
3680	41813
3681	36423
3682	30764
3683	28777
3684	22539
3685	22449
3686	21509
3687	16890
3688	19523
3689	17217
3690	18322
3691	17855
3692	20476
3693	21043
3694	19506
3695	18401
3696	17505
3697	16616
3698	19032
3699	16632
3700	17518
3701	22224
3702	17121
3703	15524
3704	15402
3705	17751
3706	17124
3707	15575
3708	15052
3709	15630
3710	17804
3711	17604
3712	16252
3713	18293
3714	19822
3715	17615
3716	14586
3717	15831
3718	17054
3719	15897
3720	15166
3721	16623
3722	17105
3723	18250
3724	17314
3725	16548
3726	15252
3727	17311
3728	13719
3729	17288
3730	16568
3731	17543
3732	18981
3733	21324
3734	17734
3735	17036
3736	17031
3737	19146
3738	16230
3739	17097
3740	21254
3741	17173
3742	21008
3743	21957
3744	20679
3745	26661
3746	31666
3747	35494
3748	36223
3749	28667
3750	36421
3751	29693
3752	25075
3753	24763
3754	22033
3755	27625
3756	36623
3757	32109
3758	27646
3759	21768
3760	26015
3761	22224
3762	17694
3763	20383
3764	19118
3765	17398
3766	27723
3767	35637
3768	33302
3769	24146
3770	23288
3771	21675
3772	20669
3773	20627
3774	12548
3775	13968
3776	13729
3777	15982
3778	16137
3779	14132
3780	16421
3781	16951
3782	18223
3783	24383
3784	21205
3785	17451
3786	16068
3787	14680
3788	15694
3789	13231
3790	8826
3791	9450
3792	8275
3793	8100
3794	10230
3795	10781
3796	9765
3797	10564
3798	12084
3799	12397
3800	13925
3801	17020
3802	12992
3803	17781
3804	15271
3805	17958
3806	23607
3807	26621
3808	28195
3809	24172
3810	24088
3811	22604
3812	20542
3813	22605
3814	20304
3815	19683
3816	20740
3817	20817
3818	23199
3819	27246
3820	24467
3821	26956
3822	23870
3823	28135
3824	30312
3825	29051
3826	28238
3827	28305
3828	24000
3829	27086
3830	22854
3831	24755
3832	26768
3833	23771
3834	22827
3835	22195
3836	21752
3837	26167
3838	22273
3839	17819
3840	19415
3841	18182
3842	17773
3843	17553
3844	17083
3845	15241
3846	15005
3847	18859
3848	28032
3849	25494
3850	27541
3851	23145
3852	18944
3853	22393
3854	25787
3855	22950
3856	21330
3857	19329
3858	19037
3859	16663
3860	16274
3861	10764
3862	9140
3863	8147
3864	9026
3865	8830
3866	9629
3867	10877
3868	7848
3869	9231
3870	8814
3871	9555
3872	8434
3873	8370
3874	7689
3875	10538
3876	8640
3877	8430
3878	9171
3879	9172
3880	9005
3881	9064
3882	9372
3883	8886
3884	9623
3885	8529
3886	8460
3887	13258
3888	11272
3889	10002
3890	8106
3891	8484
3892	9469
3893	6735
3894	10152
3895	12095
3896	8343
3897	9567
3898	7242
3899	8779
3900	9049
3901	8398
3902	8346
3903	8214
3904	7719
3905	7844
3906	7804
3907	8646
3908	9049
3909	8534
3910	8880
3911	8711
3912	8098
3913	9779
3914	9965
3915	11246
3916	10981
3917	11848
3918	10337
3919	13423
3920	10830
3921	10837
3922	14262
3923	18525
3924	21357
3925	19079
3926	20841
3927	23308
3928	25290
3929	27608
3930	25559
3931	20391
3932	17613
3933	16842
3934	15354
3935	17992
3936	16806
3937	16885
3938	23291
3939	25928
3940	27373
3941	24751
3942	30608
3943	24543
3944	24366
3945	27560
3946	22316
3947	18560
3948	19681
3949	23715
3950	20276
3951	20959
3952	20799
3953	19624
3954	16472
3955	17177
3956	18399
3957	19636
3958	16986
3959	21146
3960	21105
3961	27080
3962	20083
3963	24229
3964	27029
3965	27116
3966	28242
3967	28476
3968	24877
3969	22343
3970	19105
3971	20206
3972	20948
3973	24145
3974	26219
3975	26739
3976	28659
3977	24971
3978	22577
3979	23113
3980	22318
3981	20573
3982	24276
3983	22602
3984	14232
3985	13646
3986	11686
3987	10048
3988	10940
3989	10153
3990	10917
3991	10593
3992	9095
3993	9812
3994	9632
3995	10299
3996	12083
3997	9622
3998	10489
3999	11812
4000	14505
4001	16133
4002	17178
4003	18000
4004	20830
4005	19831
4006	22219
4007	20826
4008	19342
4009	20374
4010	17594
4011	18763
4012	20504
4013	21093
4014	22149
4015	24394
4016	23725
4017	24357
4018	21505
4019	20874
4020	23642
4021	20055
4022	22846
4023	26437
4024	28270
4025	24062
4026	27249
4027	28122
4028	22798
4029	28791
4030	28795
4031	26352
4032	32207
4033	25776
4034	31495
4035	27704
4036	28124
4037	24686
4038	26796
4039	35768
4040	32814
4041	32149
4042	29924
4043	24450
4044	29172
4045	26459
4046	22919
4047	24491
4048	22029
4049	21267
4050	26900
4051	24854
4052	24027
4053	25959
4054	26370
4055	29517
4056	26965
4057	31019
4058	28779
4059	27331
4060	27769
4061	28316
4062	33164
4063	27579
4064	30559
4065	28936
4066	28002
4067	25267
4068	23537
4069	29819
4070	23348
4071	23991
4072	22522
4073	22892
4074	29601
4075	27741
4076	24723
4077	26109
4078	25781
4079	20624
4080	21136
4081	24001
4082	29710
4083	28134
4084	26252
4085	21269
4086	25373
4087	21423
4088	22405
4089	20303
4090	22034
4091	21524
4092	21419
4093	19716
4094	21934
4095	19966
4096	17208
4097	20587
4098	19998
4099	16576
4100	17999
4101	17287
4102	19128
4103	21900
4104	19893
4105	20247
4106	22270
4107	18416
4108	17149
4109	17052
4110	15006
4111	15217
4112	13654
4113	16012
4114	13542
4115	17008
4116	15082
4117	16545
4118	13244
4119	16555
4120	15603
4121	16691
4122	16292
4123	15360
4124	16075
4125	15397
4126	16285
4127	17739
4128	16286
4129	19896
4130	21423
4131	20311
4132	20538
4133	21956
4134	21430
4135	25024
4136	25450
4137	24338
4138	29634
4139	26182
4140	24765
4141	24454
4142	22625
4143	17966
4144	17439
4145	16717
4146	17028
4147	16344
4148	15107
4149	18305
4150	15161
4151	16894
4152	20470
4153	19741
4154	18663
4155	17203
4156	16790
4157	16417
4158	19634
4159	19427
4160	20669
4161	19081
4162	27807
4163	23447
4164	22937
4165	24717
4166	27937
4167	26343
4168	24088
4169	26947
4170	27518
4171	25815
4172	28694
4173	31972
4174	26501
4175	24145
4176	26333
4177	27379
4178	26293
4179	24423
4180	26891
4181	25968
4182	28248
4183	20496
4184	18002
4185	18838
4186	16471
4187	18920
4188	22699
4189	20211
4190	16695
4191	17461
4192	16733
4193	12316
4194	15036
4195	16092
4196	17335
4197	15383
4198	14398
4199	12486
4200	10866
4201	12001
4202	11281
4203	11120
4204	9523
4205	9658
4206	8309
4207	8594
4208	9059
4209	10537
4210	9823
4211	8870
4212	10838
4213	9729
4214	11383
4215	10677
4216	14729
4217	18213
4218	18320
4219	15649
4220	18740
4221	14519
4222	11319
4223	9809
4224	11917
4225	11775
4226	17950
4227	12707
4228	12434
4229	11290
4230	12226
4231	9586
4232	10156
4233	10047
4234	9773
4235	8430
4236	8607
4237	8480
4238	9331
4239	8930
4240	9450
4241	8408
4242	10347
4243	8129
4244	10010
4245	8557
4246	10007
4247	9159
4248	8976
4249	9111
4250	8067
4251	7897
4252	8091
4253	7650
4254	7497
4255	6467
4256	8075
4257	6173
4258	8975
4259	7759
4260	8127
4261	9250
4262	8429
4263	7031
4264	8148
4265	8825
4266	6990
4267	7624
4268	9355
4269	9540
4270	10363
4271	9044
4272	9216
4273	11008
4274	9774
4275	10078
4276	9471
4277	7771
4278	9325
4279	9231
4280	10648
4281	10697
4282	12281
4283	10154
4284	9845
4285	9897
4286	10364
4287	8640
4288	7586
4289	9816
4290	9022
4291	10575
4292	9138
4293	8725
4294	9565
4295	9100
4296	8239
4297	9244
4298	8939
4299	9647
4300	7544
4301	9994
4302	8910
4303	11907
4304	9482
4305	9089
4306	8989
4307	11615
4308	11967
4309	11299
4310	12518
4311	12918
4312	14949
4313	18063
4314	15169
4315	13556
4316	12337
4317	14768
4318	15022
4319	15932
4320	15628
4321	15299
4322	19795
4323	27583
4324	22590
4325	20694
4326	21694
4327	21648
4328	20213
4329	22365
4330	21703
4331	23210
4332	27852
4333	26531
4334	26484
4335	23343
4336	27060
4337	26599
4338	26475
4339	27818
4340	27218
4341	24592
4342	29008
4343	25805
4344	27628
4345	30323
4346	26238
4347	32689
4348	28157
4349	28196
4350	32190
4351	28728
4352	29756
4353	32045
4354	34075
4355	30284
4356	27650
4357	26681
4358	32096
4359	31381
4360	27521
4361	25371
4362	25350
4363	21106
4364	26417
4365	24448
4366	22368
4367	21732
4368	21189
4369	22620
4370	22951
4371	28765
4372	22064
4373	31907
4374	34442
4375	31128
4376	30648
4377	30649
4378	27670
4379	28633
4380	36005
4381	30364
4382	37126
4383	43122
4384	37820
4385	37804
4386	32155
4387	28094
4388	30032
4389	33071
4390	35597
4391	37372
4392	31520
4393	32078
4394	27873
4395	30070
4396	33722
4397	31318
4398	29147
4399	31862
4400	31369
4401	29912
4402	36627
4403	31310
4404	31587
4405	35248
4406	26710
4407	44928
4408	30387
4409	34726
4410	34553
4411	28855
4412	23632
4413	18778
4414	20831
4415	16983
4416	14619
4417	16592
4418	16660
4419	18444
4420	16194
4421	12890
4422	12976
4423	11519
4424	11699
4425	10323
4426	12794
4427	10116
4428	12301
4429	9135
4430	10145
4431	12252
4432	10015
4433	10283
4434	10725
4435	10221
4436	11847
4437	10177
4438	10157
4439	11190
4440	9752
4441	10373
4442	10296
4443	12030
4444	12247
4445	11564
4446	12476
4447	13138
4448	12228
4449	11214
4450	11583
4451	10450
4452	12009
4453	10947
4454	11088
4455	9926
4456	11964
4457	10665
4458	14861
4459	11547
4460	8895
4461	11915
4462	11501
4463	15326
4464	12496
4465	16117
4466	18664
4467	17953
4468	22884
4469	17058
4470	26998
4471	26217
4472	29394
4473	28569
4474	27976
4475	22617
4476	22663
4477	21385
4478	25966
4479	20443
4480	17031
4481	13043
4482	13504
4483	13394
4484	11532
4485	11285
4486	14368
4487	14079
4488	16747
4489	16523
4490	20416
4491	25760
4492	23554
4493	26305
4494	24294
4495	24401
4496	24497
4497	23185
4498	17256
4499	17991
4500	17616
4501	16032
4502	17943
4503	17981
4504	21878
4505	23477
4506	19908
4507	19928
4508	23243
4509	23166
4510	21632
4511	15084
4512	15585
4513	13224
4514	10567
4515	12476
4516	11339
4517	12174
4518	11453
4519	11045
4520	11746
4521	10858
4522	12153
4523	11637
4524	10394
4525	9824
4526	13414
4527	13597
4528	14354
4529	13947
4530	13685
4531	11200
4532	10570
4533	9788
4534	8420
4535	9317
4536	9320
4537	9995
4538	9903
4539	8538
4540	10839
4541	10789
4542	9932
4543	9126
4544	12041
4545	11237
4546	11340
4547	11712
4548	12984
4549	15068
4550	17139
4551	15823
4552	21187
4553	22861
4554	20752
4555	18164
4556	20649
4557	21308
4558	15799
4559	17301
4560	17123
4561	15431
4562	18203
4563	19358
4564	23798
4565	24512
4566	28520
4567	22175
4568	19684
4569	22721
4570	22813
4571	22739
4572	24049
4573	18967
4574	20834
4575	13772
4576	13181
4577	11696
4578	8857
4579	8532
4580	10373
4581	9545
4582	9325
4583	10610
4584	10691
4585	9766
4586	9986
4587	8470
4588	9108
4589	10225
4590	9568
4591	9789
4592	9051
4593	9685
4594	8606
4595	9062
4596	11105
4597	10766
4598	9186
4599	11508
4600	10340
4601	10916
4602	9774
4603	11968
4604	14530
4605	13517
4606	15554
4607	16487
4608	17113
4609	17672
4610	17251
4611	19955
4612	22120
4613	20380
4614	23212
4615	23233
4616	27444
4617	27504
4618	27607
4619	22955
4620	27082
4621	24631
4622	25655
4623	26648
4624	22840
4625	27580
4626	24465
4627	25153
4628	29663
4629	30592
4630	37398
4631	32732
4632	29828
4633	29450
4634	27195
4635	31433
4636	26984
4637	32865
4638	26922
4639	23351
4640	27781
4641	34978
4642	30757
4643	30109
4644	32046
4645	27473
4646	32675
4647	28962
4648	31356
4649	34107
4650	34388
4651	35499
4652	29684
4653	21002
4654	21999
4655	33275
4656	28895
4657	24022
4658	26851
4659	26611
4660	20421
4661	24635
4662	24634
4663	23616
4664	24261
4665	26547
4666	24372
4667	25072
4668	28829
4669	33265
4670	34856
4671	38794
4672	24110
4673	23799
4674	26293
4675	25709
4676	30087
4677	30174
4678	33637
4679	37858
4680	2119
4681	32507
4682	32701
4683	33078
4684	38091
4685	33568
4686	26044
4687	25574
4688	22264
4689	22313
4690	23536
4691	23941
4692	24167
4693	21242
4694	26823
4695	25578
4696	25499
4697	24112
4698	21718
4699	21404
4700	19403
4701	20718
4702	20746
4703	23832
4704	22594
4705	23665
4706	24494
4707	26016
4708	22088
4709	22785
4710	20560
4711	16633
4712	21195
4713	22301
4714	23650
4715	19200
4716	19741
4717	21857
4718	25568
4719	23154
4720	21868
4721	25492
4722	24371
4723	26718
4724	25449
4725	28531
4726	31842
4727	33974
4728	32135
4729	27979
4730	31786
4731	29969
4732	27668
4733	28839
4734	24463
4735	28173
4736	29184
4737	25038
4738	27638
4739	27430
4740	27861
4741	26892
4742	24117
4743	25869
4744	24749
4745	19305
4746	18381
4747	18492
4748	21803
4749	18411
4750	21525
4751	20588
4752	21740
4753	24099
4754	21730
4755	19537
4756	20476
4757	23906
4758	19084
4759	24666
4760	19568
4761	24118
4762	21877
4763	25630
4764	24649
4765	28673
4766	27419
4767	26148
4768	29684
4769	29782
4770	28969
4771	26744
4772	32184
4773	29281
4774	24872
4775	25629
4776	32859
4777	32904
4778	27341
4779	28977
4780	28392
4781	31714
4782	28734
4783	30433
4784	30693
4785	27919
4786	29662
4787	23170
4788	33068
4789	30935
4790	22449
4791	21761
4792	21499
4793	21926
4794	24721
4795	21329
4796	9130
4797	24318
4798	26007
4799	23477
4800	25869
4801	20554
4802	26106
4803	30692
4804	24072
4805	23813
4806	26748
4807	26001
4808	28500
4809	25792
4810	22178
4811	21013
4812	23601
4813	23186
4814	27216
4815	17888
4816	22377
4817	24716
4818	26873
4819	25948
4820	19649
4821	26505
4822	21226
4823	28442
4824	25100
4825	25497
4826	23828
4827	22843
4828	25931
4829	20969
4830	28977
4831	24421
4832	18047
4833	23957
4834	23832
4835	25823
4836	20945
4837	22024
4838	18749
4839	25447
4840	26673
4841	28593
4842	26720
4843	31547
4844	32234
4845	28019
4846	27690
4847	27776
4848	35129
4849	31902
4850	29391
4851	26043
4852	28792
4853	29096
4854	21233
4855	23483
4856	26128
4857	25334
4858	27814
4859	23652
4860	24045
4861	6607
4862	210
4863	4687
