	K562_combined
0	0.0
1	6831.0
2	33341.0
3	29308.0
4	25564.0
5	27242.0
6	35695.0
7	29091.0
8	31629.0
9	33677.0
10	30446.0
11	33595.0
12	30349.0
13	29258.0
14	27670.0
15	24524.0
16	37204.0
17	38781.0
18	42976.0
19	41252.0
20	42936.0
21	37742.0
22	36334.0
23	36949.0
24	36519.0
25	29806.0
26	25166.0
27	26602.0
28	27493.0
29	30739.0
30	23444.0
31	30497.0
32	31814.0
33	26979.0
34	23152.0
35	23100.0
36	23823.0
37	22194.0
38	26462.0
39	21697.0
40	21877.0
41	19447.0
42	20688.0
43	21002.0
44	23165.0
45	20457.0
46	23596.0
47	22870.0
48	21865.0
49	20993.0
50	20619.0
51	23212.0
52	22025.0
53	22604.0
54	25088.0
55	27361.0
56	25695.0
57	29489.0
58	33437.0
59	32065.0
60	32099.0
61	38532.0
62	38226.0
63	36385.0
64	36238.0
65	37673.0
66	35985.0
67	32248.0
68	32247.0
69	34644.0
70	35993.0
71	37831.0
72	29142.0
73	33256.0
74	37778.0
75	34849.0
76	46967.0
77	47556.0
78	46810.0
79	42308.0
80	37568.0
81	37033.0
82	35062.0
83	29553.0
84	27921.0
85	25730.0
86	26214.0
87	20805.0
88	24596.0
89	24571.0
90	24248.0
91	26133.0
92	24631.0
93	23310.0
94	30283.0
95	28610.0
96	30688.0
97	41264.0
98	40064.0
99	33936.0
100	27000.0
101	34001.0
102	34668.0
103	30149.0
104	30401.0
105	25771.0
106	39286.0
107	39210.0
108	41571.0
109	38209.0
110	58638.0
111	58801.0
112	52872.0
113	55298.0
114	50250.0
115	35366.0
116	46361.0
117	51043.0
118	45781.0
119	52589.0
120	51200.0
121	42247.0
122	51173.0
123	51078.0
124	51609.0
125	43170.0
126	42053.0
127	40599.0
128	29145.0
129	41979.0
130	41106.0
131	42534.0
132	43484.0
133	35461.0
134	37272.0
135	34235.0
136	29128.0
137	29037.0
138	31541.0
139	40875.0
140	38770.0
141	36170.0
142	33762.0
143	40845.0
144	40417.0
145	38825.0
146	38323.0
147	39477.0
148	37188.0
149	39764.0
150	35047.0
151	36825.0
152	39038.0
153	32577.0
154	35248.0
155	39950.0
156	40279.0
157	42637.0
158	35209.0
159	32619.0
160	38202.0
161	36099.0
162	39181.0
163	37328.0
164	28770.0
165	32022.0
166	27412.0
167	29115.0
168	25206.0
169	30184.0
170	22317.0
171	21165.0
172	22760.0
173	17748.0
174	18269.0
175	17511.0
176	15799.0
177	15343.0
178	16207.0
179	16138.0
180	15381.0
181	13550.0
182	14293.0
183	18074.0
184	17285.0
185	17469.0
186	22124.0
187	21677.0
188	17354.0
189	18232.0
190	13025.0
191	15478.0
192	14602.0
193	17185.0
194	15201.0
195	16742.0
196	18719.0
197	19932.0
198	15978.0
199	19149.0
200	16457.0
201	18240.0
202	17252.0
203	15420.0
204	14822.0
205	14687.0
206	17777.0
207	17551.0
208	19054.0
209	18954.0
210	17994.0
211	22466.0
212	20902.0
213	21277.0
214	20617.0
215	20886.0
216	29622.0
217	27261.0
218	25500.0
219	31983.0
220	30610.0
221	32750.0
222	30393.0
223	34307.0
224	42786.0
225	40285.0
226	37814.0
227	36603.0
228	48379.0
229	47195.0
230	35049.0
231	46682.0
232	40314.0
233	47604.0
234	62830.0
235	46424.0
236	52352.0
237	47853.0
238	51900.0
239	43650.0
240	44292.0
241	45097.0
242	52493.0
243	46970.0
244	48266.0
245	45619.0
246	51872.0
247	42259.0
248	42818.0
249	44465.0
250	43920.0
251	35542.0
252	43498.0
253	36505.0
254	36618.0
255	41155.0
256	38379.0
257	36723.0
258	36478.0
259	40176.0
260	40023.0
261	37002.0
262	41387.0
263	41738.0
264	49585.0
265	45075.0
266	52877.0
267	44796.0
268	53902.0
269	52565.0
270	42740.0
271	41191.0
272	40849.0
273	36244.0
274	44118.0
275	42739.0
276	41383.0
277	43240.0
278	39201.0
279	36504.0
280	37400.0
281	36075.0
282	34099.0
283	33229.0
284	35847.0
285	34063.0
286	32458.0
287	28254.0
288	36563.0
289	29692.0
290	35853.0
291	33918.0
292	41051.0
293	33427.0
294	35078.0
295	38183.0
296	38126.0
297	44088.0
298	34866.0
299	48002.0
300	39388.0
301	42245.0
302	42874.0
303	42438.0
304	49421.0
305	50672.0
306	44599.0
307	47505.0
308	47899.0
309	45776.0
310	44988.0
311	39741.0
312	37930.0
313	38988.0
314	42189.0
315	39631.0
316	34597.0
317	32643.0
318	34006.0
319	26351.0
320	27870.0
321	27324.0
322	21745.0
323	23369.0
324	23208.0
325	23138.0
326	28657.0
327	31747.0
328	38276.0
329	39805.0
330	35034.0
331	34224.0
332	37897.0
333	31343.0
334	32381.0
335	31473.0
336	35660.0
337	38185.0
338	33557.0
339	37525.0
340	40691.0
341	35765.0
342	33360.0
343	38115.0
344	37574.0
345	42818.0
346	36542.0
347	38753.0
348	41254.0
349	48235.0
350	43029.0
351	41730.0
352	38391.0
353	37522.0
354	30949.0
355	14516.0
356	2891.0
357	4514.0
358	1741.0
359	1716.0
360	993.0
361	1922.0
362	1260.0
363	398.0
364	17405.0
365	28006.0
366	25184.0
367	29772.0
368	23339.0
369	26248.0
370	32423.0
371	28861.0
372	28068.0
373	28874.0
374	28857.0
375	30956.0
376	22210.0
377	26837.0
378	33390.0
379	27718.0
380	30583.0
381	19191.0
382	16762.0
383	16933.0
384	16156.0
385	17988.0
386	17319.0
387	14492.0
388	16817.0
389	16891.0
390	16087.0
391	15288.0
392	14964.0
393	15719.0
394	16469.0
395	15467.0
396	15318.0
397	15257.0
398	16922.0
399	17554.0
400	19951.0
401	19515.0
402	18981.0
403	19225.0
404	19565.0
405	19418.0
406	17188.0
407	18031.0
408	14893.0
409	14599.0
410	17601.0
411	18024.0
412	19790.0
413	16238.0
414	16253.0
415	18022.0
416	14439.0
417	16722.0
418	21303.0
419	20084.0
420	19673.0
421	24701.0
422	27045.0
423	30393.0
424	28637.0
425	33249.0
426	33980.0
427	40648.0
428	35801.0
429	46272.0
430	44121.0
431	50241.0
432	44211.0
433	47710.0
434	47163.0
435	47808.0
436	36443.0
437	38598.0
438	39414.0
439	37274.0
440	38888.0
441	38131.0
442	32526.0
443	33537.0
444	29443.0
445	38130.0
446	38000.0
447	38494.0
448	36227.0
449	40775.0
450	36354.0
451	38817.0
452	36197.0
453	31550.0
454	39834.0
455	41547.0
456	46481.0
457	44955.0
458	46530.0
459	42126.0
460	41699.0
461	35759.0
462	44730.0
463	39089.0
464	35613.0
465	38905.0
466	44629.0
467	39537.0
468	37482.0
469	22530.0
470	26410.0
471	28044.0
472	32473.0
473	32594.0
474	36141.0
475	28980.0
476	28209.0
477	21718.0
478	18756.0
479	18450.0
480	19984.0
481	18337.0
482	18149.0
483	15880.0
484	15907.0
485	21042.0
486	19768.0
487	19624.0
488	22787.0
489	25591.0
490	33520.0
491	27732.0
492	30801.0
493	33145.0
494	35676.0
495	35132.0
496	45096.0
497	41924.0
498	33372.0
499	42676.0
500	40063.0
501	43280.0
502	43278.0
503	47266.0
504	47639.0
505	39505.0
506	40683.0
507	38844.0
508	33896.0
509	26776.0
510	23089.0
511	22845.0
512	21697.0
513	21752.0
514	22324.0
515	29581.0
516	29395.0
517	27138.0
518	31112.0
519	30944.0
520	26967.0
521	28208.0
522	23408.0
523	24545.0
524	21546.0
525	17099.0
526	20382.0
527	19198.0
528	23509.0
529	26541.0
530	28930.0
531	26978.0
532	24986.0
533	26729.0
534	29263.0
535	31183.0
536	29317.0
537	31132.0
538	35243.0
539	41049.0
540	33123.0
541	37414.0
542	38903.0
543	37443.0
544	36183.0
545	32323.0
546	30098.0
547	40606.0
548	34642.0
549	38019.0
550	40921.0
551	29495.0
552	28842.0
553	29940.0
554	28240.0
555	33969.0
556	34228.0
557	29288.0
558	29301.0
559	25772.0
560	25841.0
561	24969.0
562	25297.0
563	23396.0
564	20084.0
565	29879.0
566	23420.0
567	26941.0
568	26048.0
569	27677.0
570	30992.0
571	36857.0
572	33877.0
573	39346.0
574	42994.0
575	45268.0
576	37504.0
577	30446.0
578	41416.0
579	52558.0
580	50187.0
581	48625.0
582	54731.0
583	44731.0
584	42432.0
585	46554.0
586	39141.0
587	42025.0
588	41193.0
589	36041.0
590	39164.0
591	34244.0
592	34130.0
593	37271.0
594	39004.0
595	35463.0
596	35778.0
597	29557.0
598	34926.0
599	34171.0
600	29837.0
601	33703.0
602	34945.0
603	33335.0
604	34743.0
605	37248.0
606	31195.0
607	37502.0
608	41932.0
609	39649.0
610	36582.0
611	35062.0
612	46992.0
613	46107.0
614	49185.0
615	50695.0
616	50651.0
617	47596.0
618	39384.0
619	36625.0
620	43971.0
621	41299.0
622	37788.0
623	26058.0
624	23628.0
625	25606.0
626	30939.0
627	30183.0
628	40727.0
629	31654.0
630	31285.0
631	26262.0
632	27277.0
633	24578.0
634	21478.0
635	24201.0
636	27034.0
637	30591.0
638	27681.0
639	31947.0
640	35581.0
641	33615.0
642	31967.0
643	37005.0
644	42183.0
645	42299.0
646	34753.0
647	47572.0
648	43260.0
649	39431.0
650	39125.0
651	34230.0
652	36675.0
653	40580.0
654	34597.0
655	30933.0
656	27711.0
657	25545.0
658	25087.0
659	29057.0
660	25105.0
661	29449.0
662	24611.0
663	32509.0
664	35972.0
665	43659.0
666	38475.0
667	37574.0
668	37866.0
669	32753.0
670	28805.0
671	29410.0
672	27679.0
673	27516.0
674	25510.0
675	30976.0
676	25607.0
677	28070.0
678	26492.0
679	26234.0
680	28188.0
681	29015.0
682	26389.0
683	26923.0
684	28722.0
685	28225.0
686	33477.0
687	29576.0
688	29275.0
689	30516.0
690	28749.0
691	31343.0
692	27287.0
693	24293.0
694	27160.0
695	30748.0
696	30371.0
697	29722.0
698	32924.0
699	38750.0
700	34929.0
701	39202.0
702	41821.0
703	42888.0
704	46263.0
705	42956.0
706	36927.0
707	42994.0
708	40092.0
709	39268.0
710	51109.0
711	44846.0
712	43388.0
713	45708.0
714	42474.0
715	39165.0
716	39994.0
717	42451.0
718	34891.0
719	24360.0
720	29221.0
721	28649.0
722	20411.0
723	23479.0
724	25017.0
725	20140.0
726	18293.0
727	18015.0
728	18215.0
729	16651.0
730	16465.0
731	15393.0
732	22073.0
733	19444.0
734	17812.0
735	16569.0
736	16998.0
737	17917.0
738	18480.0
739	19375.0
740	19183.0
741	19495.0
742	19514.0
743	16555.0
744	17110.0
745	15920.0
746	15797.0
747	13133.0
748	14792.0
749	7334.0
750	12490.0
751	17217.0
752	13594.0
753	17394.0
754	18248.0
755	21162.0
756	12629.0
757	16226.0
758	17288.0
759	18504.0
760	19844.0
761	18737.0
762	23727.0
763	21608.0
764	23551.0
765	30478.0
766	28133.0
767	29019.0
768	21854.0
769	17685.0
770	14066.0
771	16235.0
772	14009.0
773	13835.0
774	13506.0
775	10822.0
776	7978.0
777	38295.0
778	11896.0
779	13760.0
780	10902.0
781	20040.0
782	30142.0
783	2086.0
784	0.0
785	0.0
786	0.0
787	0.0
788	0.0
789	0.0
790	0.0
791	0.0
792	0.0
793	0.0
794	0.0
795	0.0
796	0.0
797	0.0
798	0.0
799	0.0
800	0.0
801	0.0
802	0.0
803	0.0
804	0.0
805	0.0
806	0.0
807	0.0
808	0.0
809	0.0
810	0.0
811	0.0
812	0.0
813	0.0
814	0.0
815	0.0
816	0.0
817	0.0
818	0.0
819	0.0
820	0.0
821	0.0
822	0.0
823	0.0
824	0.0
825	0.0
826	0.0
827	0.0
828	0.0
829	0.0
830	0.0
831	0.0
832	0.0
833	0.0
834	0.0
835	0.0
836	0.0
837	0.0
838	0.0
839	0.0
840	0.0
841	0.0
842	0.0
843	0.0
844	0.0
845	0.0
846	0.0
847	957966.0
848	40386.0
849	6729.0
850	55822.0
851	237149.0
852	43090.0
853	29193.0
854	15071.0
855	17993.0
856	15889.0
857	31161.0
858	22351.0
859	34720.0
860	32643.0
861	43725.0
862	50920.0
863	37626.0
864	42459.0
865	43579.0
866	39945.0
867	30686.0
868	35902.0
869	44482.0
870	36831.0
871	37717.0
872	52126.0
873	44487.0
874	41087.0
875	56083.0
876	57798.0
877	69034.0
878	65654.0
879	54900.0
880	41649.0
881	47820.0
882	49080.0
883	37716.0
884	38315.0
885	31539.0
886	36804.0
887	37574.0
888	39192.0
889	39495.0
890	32245.0
891	33318.0
892	30849.0
893	33445.0
894	32123.0
895	35118.0
896	43401.0
897	35883.0
898	31542.0
899	28267.0
900	28966.0
901	34235.0
902	32457.0
903	30325.0
904	31927.0
905	35188.0
906	36483.0
907	44635.0
908	46530.0
909	52163.0
910	29132.0
911	35080.0
912	37074.0
913	35433.0
914	44812.0
915	42376.0
916	39188.0
917	46256.0
918	46349.0
919	47190.0
920	48179.0
921	44176.0
922	39938.0
923	27432.0
924	26877.0
925	9198.0
926	4154.0
927	1673.0
928	11.0
929	353.0
930	1270.0
931	1745.0
932	168.0
933	1251.0
934	1026.0
935	499.0
936	243.0
937	622.0
938	13002.0
939	88312.0
940	94822.0
941	97634.0
942	97596.0
943	5137.0
944	124.0
945	1375.0
946	7201.0
947	17816.0
948	3579.0
949	0.0
950	12058.0
951	40232.0
952	49537.0
953	54633.0
954	18153.0
955	1568.0
956	0.0
957	781.0
958	5577.0
959	14551.0
960	5275.0
961	956.0
962	3750.0
963	1348.0
964	217.0
965	95.0
966	38236.0
967	48163.0
968	44251.0
969	42517.0
970	42331.0
971	38568.0
972	34485.0
973	13773.0
974	2377.0
975	1660.0
976	2126.0
977	3745.0
978	5451.0
979	9467.0
980	398.0
981	492.0
982	0.0
983	654.0
984	9169.0
985	4835.0
986	3865.0
987	18790.0
988	40730.0
989	48977.0
990	46373.0
991	46742.0
992	49894.0
993	58781.0
994	55912.0
995	57674.0
996	49251.0
997	41139.0
998	50991.0
999	41688.0
1000	45404.0
1001	50682.0
1002	44991.0
1003	54363.0
1004	54137.0
1005	60510.0
1006	63157.0
1007	67697.0
1008	58274.0
1009	57443.0
1010	68970.0
1011	59811.0
1012	44913.0
1013	49592.0
1014	47500.0
1015	48696.0
1016	43560.0
1017	42143.0
1018	40892.0
1019	47488.0
1020	38672.0
1021	13682.0
1022	18584.0
1023	84.0
1024	848.0
1025	245.0
1026	92.0
1027	1394.0
1028	146.0
1029	21551.0
1030	54791.0
1031	44003.0
1032	5251.0
1033	652.0
1034	10865.0
1035	28148.0
1036	20463.0
1037	565.0
1038	707.0
1039	232.0
1040	58942.0
1041	62630.0
1042	52986.0
1043	40220.0
1044	35935.0
1045	43056.0
1046	54829.0
1047	47420.0
1048	39398.0
1049	29273.0
1050	18371.0
1051	33641.0
1052	31787.0
1053	28769.0
1054	28994.0
1055	27610.0
1056	22118.0
1057	23684.0
1058	19829.0
1059	21365.0
1060	19970.0
1061	19952.0
1062	20914.0
1063	26218.0
1064	18907.0
1065	19112.0
1066	17922.0
1067	21092.0
1068	26509.0
1069	32304.0
1070	20132.0
1071	18776.0
1072	19349.0
1073	20366.0
1074	18707.0
1075	22225.0
1076	20972.0
1077	21328.0
1078	18074.0
1079	20456.0
1080	18421.0
1081	21227.0
1082	19513.0
1083	25626.0
1084	18930.0
1085	20214.0
1086	20594.0
1087	18525.0
1088	23565.0
1089	20661.0
1090	28523.0
1091	22132.0
1092	22988.0
1093	21176.0
1094	19764.0
1095	17246.0
1096	20845.0
1097	20803.0
1098	19243.0
1099	16681.0
1100	19361.0
1101	17391.0
1102	19264.0
1103	19516.0
1104	16802.0
1105	16647.0
1106	20046.0
1107	22111.0
1108	19517.0
1109	17869.0
1110	19877.0
1111	16209.0
1112	16088.0
1113	15965.0
1114	18409.0
1115	15943.0
1116	17810.0
1117	21947.0
1118	16853.0
1119	17198.0
1120	16989.0
1121	18875.0
1122	18174.0
1123	16832.0
1124	15446.0
1125	17495.0
1126	17938.0
1127	15886.0
1128	17219.0
1129	17568.0
1130	16491.0
1131	17127.0
1132	17688.0
1133	17119.0
1134	16968.0
1135	17141.0
1136	18707.0
1137	19611.0
1138	14679.0
1139	15883.0
1140	16958.0
1141	18553.0
1142	16830.0
1143	18038.0
1144	17821.0
1145	15189.0
1146	16732.0
1147	18182.0
1148	14697.0
1149	16659.0
1150	13805.0
1151	16933.0
1152	17476.0
1153	17180.0
1154	18102.0
1155	15372.0
1156	16513.0
1157	17601.0
1158	17389.0
1159	16172.0
1160	16692.0
1161	20934.0
1162	24449.0
1163	20274.0
1164	15649.0
1165	17575.0
1166	18208.0
1167	18267.0
1168	17957.0
1169	17449.0
1170	15887.0
1171	17067.0
1172	14385.0
1173	18875.0
1174	20361.0
1175	17961.0
1176	17081.0
1177	16173.0
1178	18695.0
1179	20688.0
1180	14428.0
1181	17082.0
1182	19418.0
1183	18081.0
1184	20305.0
1185	18056.0
1186	17958.0
1187	19062.0
1188	21569.0
1189	19148.0
1190	22554.0
1191	19513.0
1192	18718.0
1193	21211.0
1194	22365.0
1195	24204.0
1196	23547.0
1197	24395.0
1198	32372.0
1199	37013.0
1200	40770.0
1201	37978.0
1202	39017.0
1203	36876.0
1204	23617.0
1205	24626.0
1206	24194.0
1207	24261.0
1208	22470.0
1209	22112.0
1210	22234.0
1211	22277.0
1212	22638.0
1213	24916.0
1214	29146.0
1215	25219.0
1216	20982.0
1217	20635.0
1218	17058.0
1219	19184.0
1220	24854.0
1221	25393.0
1222	22501.0
1223	20101.0
1224	22346.0
1225	24269.0
1226	26900.0
1227	37286.0
1228	36170.0
1229	44057.0
1230	40940.0
1231	40713.0
1232	51875.0
1233	47611.0
1234	48506.0
1235	46337.0
1236	42823.0
1237	36778.0
1238	41919.0
1239	40811.0
1240	44824.0
1241	49730.0
1242	50572.0
1243	46500.0
1244	34156.0
1245	32106.0
1246	27137.0
1247	31435.0
1248	37681.0
1249	27748.0
1250	44353.0
1251	43253.0
1252	39571.0
1253	39062.0
1254	40001.0
1255	41277.0
1256	33817.0
1257	32900.0
1258	33750.0
1259	27829.0
1260	30523.0
1261	27174.0
1262	28502.0
1263	31994.0
1264	33147.0
1265	34934.0
1266	38598.0
1267	37154.0
1268	35703.0
1269	38563.0
1270	46337.0
1271	58464.0
1272	52702.0
1273	49212.0
1274	41488.0
1275	41723.0
1276	43087.0
1277	34477.0
1278	39014.0
1279	30060.0
1280	26334.0
1281	27124.0
1282	31860.0
1283	31849.0
1284	32056.0
1285	30316.0
1286	31219.0
1287	32722.0
1288	31795.0
1289	34779.0
1290	38898.0
1291	41161.0
1292	39124.0
1293	35803.0
1294	34964.0
1295	35556.0
1296	39777.0
1297	53257.0
1298	44596.0
1299	48009.0
1300	48362.0
1301	51076.0
1302	45610.0
1303	45790.0
1304	45872.0
1305	51153.0
1306	41236.0
1307	41137.0
1308	50764.0
1309	51681.0
1310	41734.0
1311	37213.0
1312	34829.0
1313	32109.0
1314	24713.0
1315	29030.0
1316	28145.0
1317	22936.0
1318	22156.0
1319	22703.0
1320	22036.0
1321	23218.0
1322	20201.0
1323	23668.0
1324	30381.0
1325	36202.0
1326	33739.0
1327	21135.0
1328	25904.0
1329	23664.0
1330	23640.0
1331	24270.0
1332	25185.0
1333	24542.0
1334	18645.0
1335	20775.0
1336	19571.0
1337	19377.0
1338	16847.0
1339	18952.0
1340	20841.0
1341	16290.0
1342	17911.0
1343	17678.0
1344	16638.0
1345	19194.0
1346	18081.0
1347	19134.0
1348	16817.0
1349	15405.0
1350	17588.0
1351	17999.0
1352	21683.0
1353	22379.0
1354	19490.0
1355	19106.0
1356	17558.0
1357	21763.0
1358	18602.0
1359	20955.0
1360	19737.0
1361	19155.0
1362	20562.0
1363	18729.0
1364	19668.0
1365	20487.0
1366	18851.0
1367	21760.0
1368	21217.0
1369	19820.0
1370	22148.0
1371	20104.0
1372	19107.0
1373	23567.0
1374	22187.0
1375	20271.0
1376	21557.0
1377	18078.0
1378	19181.0
1379	17853.0
1380	21522.0
1381	23642.0
1382	21478.0
1383	21268.0
1384	22864.0
1385	24167.0
1386	22742.0
1387	27604.0
1388	25748.0
1389	28336.0
1390	49438.0
1391	51642.0
1392	59896.0
1393	44905.0
1394	41379.0
1395	45235.0
1396	48231.0
1397	44788.0
1398	54305.0
1399	49825.0
1400	58143.0
1401	56708.0
1402	47993.0
1403	58414.0
1404	57119.0
1405	61215.0
1406	66024.0
1407	64526.0
1408	53672.0
1409	55551.0
1410	55587.0
1411	61332.0
1412	63252.0
1413	52957.0
1414	57288.0
1415	68518.0
1416	74430.0
1417	62005.0
1418	56247.0
1419	68938.0
1420	68119.0
1421	77203.0
1422	73155.0
1423	70645.0
1424	59939.0
1425	55814.0
1426	49962.0
1427	51686.0
1428	58488.0
1429	58266.0
1430	56334.0
1431	51832.0
1432	51244.0
1433	47351.0
1434	49651.0
1435	40945.0
1436	55344.0
1437	70983.0
1438	55821.0
1439	59569.0
1440	59180.0
1441	65189.0
1442	70032.0
1443	65355.0
1444	63293.0
1445	67704.0
1446	72378.0
1447	72534.0
1448	78680.0
1449	74936.0
1450	68408.0
1451	60800.0
1452	59442.0
1453	63587.0
1454	52312.0
1455	57542.0
1456	55561.0
1457	53399.0
1458	72509.0
1459	73090.0
1460	66025.0
1461	67661.0
1462	75725.0
1463	58699.0
1464	60852.0
1465	65018.0
1466	69464.0
1467	69890.0
1468	69529.0
1469	77730.0
1470	72850.0
1471	76087.0
1472	72853.0
1473	74357.0
1474	57310.0
1475	61149.0
1476	68393.0
1477	56918.0
1478	64748.0
1479	69135.0
1480	85228.0
1481	79894.0
1482	73207.0
1483	59207.0
1484	60239.0
1485	51836.0
1486	56292.0
1487	60280.0
1488	66400.0
1489	54720.0
1490	49786.0
1491	49455.0
1492	50733.0
1493	62066.0
1494	58125.0
1495	46514.0
1496	48912.0
1497	55553.0
1498	51614.0
1499	60863.0
1500	64215.0
1501	45455.0
1502	59030.0
1503	58366.0
1504	50551.0
1505	61811.0
1506	63566.0
1507	65349.0
1508	47479.0
1509	42656.0
1510	69685.0
1511	60230.0
1512	73309.0
1513	72443.0
1514	59981.0
1515	65233.0
1516	58783.0
1517	58416.0
1518	55811.0
1519	46945.0
1520	52612.0
1521	41315.0
1522	49661.0
1523	43454.0
1524	46906.0
1525	47855.0
1526	42404.0
1527	46125.0
1528	51828.0
1529	49996.0
1530	56208.0
1531	53559.0
1532	59562.0
1533	49151.0
1534	53785.0
1535	59097.0
1536	57452.0
1537	64855.0
1538	58137.0
1539	71334.0
1540	58859.0
1541	47294.0
1542	53763.0
1543	45786.0
1544	43406.0
1545	34954.0
1546	33726.0
1547	34526.0
1548	36254.0
1549	32056.0
1550	40378.0
1551	38636.0
1552	35291.0
1553	35765.0
1554	32665.0
1555	37922.0
1556	33602.0
1557	30804.0
1558	29249.0
1559	26540.0
1560	28614.0
1561	26595.0
1562	22516.0
1563	24982.0
1564	21858.0
1565	24961.0
1566	23733.0
1567	21783.0
1568	23079.0
1569	24394.0
1570	22170.0
1571	22818.0
1572	25156.0
1573	31057.0
1574	36681.0
1575	36373.0
1576	39165.0
1577	43221.0
1578	44733.0
1579	43705.0
1580	46133.0
1581	42711.0
1582	41650.0
1583	48529.0
1584	50715.0
1585	46667.0
1586	56159.0
1587	54087.0
1588	49580.0
1589	58511.0
1590	60790.0
1591	59782.0
1592	58719.0
1593	67149.0
1594	70395.0
1595	62406.0
1596	67662.0
1597	49364.0
1598	55204.0
1599	49161.0
1600	53042.0
1601	53830.0
1602	50723.0
1603	54958.0
1604	57709.0
1605	48693.0
1606	55117.0
1607	48512.0
1608	51189.0
1609	53257.0
1610	47336.0
1611	54724.0
1612	52567.0
1613	58384.0
1614	72053.0
1615	73055.0
1616	66223.0
1617	71911.0
1618	68889.0
1619	67517.0
1620	54222.0
1621	53970.0
1622	55442.0
1623	67736.0
1624	68753.0
1625	40358.0
1626	44517.0
1627	42270.0
1628	22349.0
1629	15000.0
1630	17700.0
1631	18997.0
1632	17418.0
1633	42618.0
1634	34128.0
1635	38820.0
1636	48794.0
1637	49753.0
1638	56891.0
1639	46926.0
1640	48249.0
1641	39876.0
1642	47054.0
1643	56062.0
1644	68051.0
1645	54744.0
1646	46890.0
1647	44250.0
1648	45922.0
1649	45956.0
1650	48882.0
1651	40398.0
1652	33695.0
1653	31285.0
1654	24644.0
1655	23090.0
1656	22102.0
1657	19604.0
1658	17669.0
1659	20324.0
1660	20006.0
1661	17232.0
1662	18373.0
1663	20682.0
1664	19307.0
1665	20276.0
1666	20045.0
1667	19498.0
1668	21208.0
1669	18629.0
1670	16340.0
1671	22953.0
1672	18758.0
1673	21216.0
1674	21179.0
1675	22076.0
1676	20516.0
1677	21403.0
1678	20814.0
1679	19165.0
1680	23752.0
1681	22527.0
1682	21951.0
1683	21211.0
1684	22070.0
1685	20539.0
1686	21119.0
1687	20063.0
1688	22622.0
1689	22519.0
1690	20257.0
1691	22073.0
1692	22438.0
1693	24221.0
1694	21331.0
1695	20207.0
1696	22878.0
1697	22250.0
1698	23012.0
1699	18500.0
1700	18028.0
1701	18035.0
1702	21100.0
1703	19616.0
1704	19811.0
1705	22863.0
1706	23445.0
1707	20946.0
1708	24921.0
1709	21880.0
1710	22504.0
1711	24658.0
1712	30531.0
1713	35375.0
1714	42084.0
1715	41395.0
1716	38066.0
1717	43262.0
1718	44890.0
1719	55225.0
1720	45915.0
1721	54309.0
1722	44567.0
1723	41756.0
1724	38532.0
1725	41680.0
1726	42360.0
1727	36467.0
1728	30125.0
1729	30735.0
1730	23858.0
1731	25155.0
1732	25104.0
1733	24388.0
1734	22079.0
1735	24853.0
1736	20275.0
1737	21914.0
1738	26770.0
1739	22974.0
1740	24137.0
1741	21497.0
1742	17562.0
1743	25646.0
1744	25168.0
1745	26486.0
1746	27114.0
1747	30663.0
1748	34051.0
1749	28218.0
1750	31578.0
1751	26199.0
1752	29907.0
1753	37573.0
1754	37022.0
1755	40802.0
1756	47161.0
1757	20544.0
1758	21824.0
1759	21274.0
1760	22082.0
1761	23305.0
1762	24037.0
1763	28536.0
1764	43513.0
1765	26605.0
1766	30811.0
1767	26219.0
1768	27942.0
1769	30221.0
1770	30600.0
1771	29394.0
1772	27419.0
1773	29404.0
1774	30209.0
1775	21181.0
1776	25109.0
1777	22755.0
1778	14500.0
1779	13294.0
1780	6004.0
1781	7685.0
1782	8740.0
1783	13739.0
1784	4589.0
1785	19947.0
1786	23200.0
1787	25896.0
1788	26547.0
1789	25879.0
1790	21561.0
1791	21346.0
1792	19903.0
1793	20724.0
1794	20029.0
1795	24003.0
1796	19525.0
1797	16166.0
1798	17760.0
1799	16268.0
1800	15377.0
1801	13426.0
1802	11584.0
1803	12075.0
1804	12622.0
1805	10089.0
1806	11464.0
1807	13207.0
1808	11777.0
1809	11424.0
1810	12225.0
1811	13700.0
1812	13461.0
1813	17451.0
1814	17927.0
1815	17551.0
1816	14400.0
1817	15863.0
1818	14336.0
1819	14841.0
1820	19566.0
1821	21765.0
1822	27035.0
1823	24851.0
1824	18676.0
1825	18060.0
1826	19526.0
1827	19672.0
1828	22310.0
1829	20157.0
1830	17162.0
1831	18575.0
1832	14419.0
1833	12374.0
1834	11987.0
1835	9837.0
1836	11317.0
1837	10961.0
1838	11291.0
1839	11540.0
1840	9820.0
1841	10329.0
1842	12151.0
1843	9682.0
1844	10248.0
1845	11798.0
1846	11542.0
1847	12381.0
1848	10756.0
1849	16128.0
1850	16136.0
1851	17912.0
1852	20114.0
1853	20321.0
1854	25784.0
1855	20613.0
1856	22827.0
1857	27427.0
1858	25195.0
1859	26919.0
1860	22104.0
1861	23021.0
1862	19879.0
1863	18788.0
1864	14944.0
1865	21366.0
1866	31682.0
1867	30156.0
1868	26713.0
1869	26757.0
1870	21816.0
1871	24198.0
1872	19992.0
1873	24210.0
1874	20789.0
1875	23900.0
1876	28386.0
1877	28158.0
1878	25147.0
1879	28094.0
1880	28707.0
1881	26930.0
1882	28388.0
1883	34150.0
1884	33236.0
1885	28480.0
1886	31922.0
1887	30106.0
1888	26247.0
1889	31699.0
1890	34111.0
1891	30613.0
1892	25332.0
1893	22593.0
1894	23406.0
1895	22453.0
1896	28584.0
1897	29035.0
1898	21893.0
1899	28451.0
1900	25779.0
1901	28598.0
1902	25985.0
1903	28734.0
1904	27361.0
1905	25077.0
1906	28411.0
1907	25649.0
1908	21723.0
1909	22126.0
1910	31448.0
1911	23237.0
1912	21603.0
1913	23860.0
1914	19038.0
1915	18798.0
1916	19060.0
1917	20043.0
1918	19801.0
1919	25051.0
1920	21845.0
1921	26238.0
1922	25059.0
1923	24489.0
1924	20219.0
1925	21414.0
1926	23035.0
1927	22385.0
1928	20959.0
1929	16666.0
1930	16745.0
1931	12958.0
1932	14924.0
1933	15613.0
1934	15243.0
1935	17930.0
1936	15717.0
1937	21298.0
1938	22174.0
1939	29430.0
1940	31322.0
1941	35428.0
1942	28794.0
1943	35837.0
1944	32159.0
1945	37932.0
1946	39641.0
1947	34251.0
1948	31080.0
1949	27552.0
1950	25374.0
1951	25865.0
1952	26873.0
1953	24177.0
1954	19491.0
1955	27602.0
1956	29647.0
1957	29766.0
1958	19416.0
1959	29617.0
1960	25099.0
1961	27248.0
1962	27644.0
1963	27167.0
1964	28731.0
1965	24617.0
1966	26510.0
1967	32325.0
1968	31694.0
1969	32277.0
1970	29753.0
1971	29152.0
1972	29873.0
1973	25484.0
1974	24271.0
1975	31521.0
1976	33347.0
1977	27387.0
1978	31366.0
1979	31671.0
1980	27551.0
1981	36584.0
1982	36984.0
1983	38365.0
1984	36699.0
1985	36620.0
1986	36885.0
1987	40172.0
1988	35226.0
1989	35401.0
1990	32892.0
1991	34322.0
1992	35050.0
1993	31128.0
1994	28193.0
1995	24153.0
1996	29389.0
1997	29553.0
1998	24334.0
1999	22592.0
2000	31838.0
2001	33624.0
2002	31429.0
2003	32983.0
2004	30926.0
2005	23443.0
2006	19342.0
2007	21610.0
2008	21788.0
2009	17725.0
2010	21114.0
2011	17362.0
2012	20435.0
2013	21643.0
2014	17102.0
2015	18975.0
2016	19937.0
2017	17461.0
2018	16523.0
2019	18424.0
2020	20310.0
2021	21664.0
2022	25891.0
2023	28043.0
2024	25468.0
2025	25682.0
2026	28307.0
2027	29782.0
2028	26565.0
2029	30420.0
2030	24999.0
2031	26450.0
2032	30976.0
2033	28319.0
2034	27154.0
2035	32424.0
2036	30622.0
2037	26350.0
2038	28544.0
2039	25271.0
2040	27933.0
2041	32998.0
2042	39147.0
2043	28838.0
2044	28769.0
2045	34527.0
2046	31940.0
2047	30933.0
2048	24202.0
2049	25109.0
2050	28119.0
2051	28583.0
2052	30465.0
2053	27527.0
2054	31877.0
2055	35852.0
2056	38340.0
2057	32327.0
2058	36528.0
2059	34242.0
2060	32152.0
2061	33348.0
2062	36246.0
2063	26381.0
2064	26736.0
2065	28479.0
2066	33289.0
2067	31547.0
2068	27762.0
2069	30182.0
2070	30327.0
2071	32394.0
2072	2909.0
2073	363.0
2074	900.0
2075	3489.0
2076	36316.0
2077	35789.0
2078	33584.0
2079	35385.0
2080	34483.0
2081	30776.0
2082	37452.0
2083	36917.0
2084	62147.0
2085	37936.0
2086	34259.0
2087	38635.0
2088	33818.0
2089	35226.0
2090	40504.0
2091	38743.0
2092	31777.0
2093	35496.0
2094	31511.0
2095	31960.0
2096	30900.0
2097	23175.0
2098	25170.0
2099	33744.0
2100	29056.0
2101	30612.0
2102	31091.0
2103	32849.0
2104	33737.0
2105	31555.0
2106	33200.0
2107	32823.0
2108	37629.0
2109	32711.0
2110	36805.0
2111	30097.0
2112	27465.0
2113	31540.0
2114	27254.0
2115	25653.0
2116	31634.0
2117	21626.0
2118	24851.0
2119	27091.0
2120	26103.0
2121	34314.0
2122	26422.0
2123	21847.0
2124	19242.0
2125	23382.0
2126	23943.0
2127	21435.0
2128	18137.0
2129	18402.0
2130	17642.0
2131	16026.0
2132	14110.0
2133	12786.0
2134	10390.0
2135	14583.0
2136	12948.0
2137	12877.0
2138	12751.0
2139	12186.0
2140	12925.0
2141	10446.0
2142	9240.0
2143	10502.0
2144	10253.0
2145	9284.0
2146	10453.0
2147	11457.0
2148	9635.0
2149	11224.0
2150	8601.0
2151	11244.0
2152	11737.0
2153	10606.0
2154	11145.0
2155	10383.0
2156	8098.0
2157	11602.0
2158	9594.0
2159	10143.0
2160	9607.0
2161	11539.0
2162	12007.0
2163	10423.0
2164	12182.0
2165	12295.0
2166	13961.0
2167	17659.0
2168	16518.0
2169	19151.0
2170	19868.0
2171	24723.0
2172	21083.0
2173	22746.0
2174	26063.0
2175	25718.0
2176	24852.0
2177	25451.0
2178	16806.0
2179	15745.0
2180	14142.0
2181	12039.0
2182	12769.0
2183	11365.0
2184	10532.0
2185	11196.0
2186	9999.0
2187	11639.0
2188	13466.0
2189	8797.0
2190	10182.0
2191	9730.0
2192	9949.0
2193	10331.0
2194	11872.0
2195	10935.0
2196	9433.0
2197	9629.0
2198	9515.0
2199	11612.0
2200	10580.0
2201	8786.0
2202	12041.0
2203	10516.0
2204	9653.0
2205	10440.0
2206	11129.0
2207	11425.0
2208	10426.0
2209	9898.0
2210	12629.0
2211	9225.0
2212	10443.0
2213	10738.0
2214	11548.0
2215	11526.0
2216	10782.0
2217	11362.0
2218	10768.0
2219	12110.0
2220	10963.0
2221	9812.0
2222	10333.0
2223	12141.0
2224	13121.0
2225	11765.0
2226	13460.0
2227	11414.0
2228	14098.0
2229	15977.0
2230	17047.0
2231	13976.0
2232	27150.0
2233	30736.0
2234	30517.0
2235	26323.0
2236	28914.0
2237	26730.0
2238	30760.0
2239	30224.0
2240	23952.0
2241	27810.0
2242	30634.0
2243	35091.0
2244	33733.0
2245	34073.0
2246	29702.0
2247	28773.0
2248	34305.0
2249	28376.0
2250	28613.0
2251	29210.0
2252	33070.0
2253	22332.0
2254	22651.0
2255	20942.0
2256	21381.0
2257	26375.0
2258	22548.0
2259	19338.0
2260	18006.0
2261	15134.0
2262	13565.0
2263	14975.0
2264	13870.0
2265	14283.0
2266	13578.0
2267	12605.0
2268	11637.0
2269	12199.0
2270	11652.0
2271	11014.0
2272	11956.0
2273	11738.0
2274	14002.0
2275	13500.0
2276	14365.0
2277	20300.0
2278	20628.0
2279	23303.0
2280	22652.0
2281	30319.0
2282	26172.0
2283	25029.0
2284	24898.0
2285	19590.0
2286	19129.0
2287	21965.0
2288	22142.0
2289	21209.0
2290	23415.0
2291	30433.0
2292	28608.0
2293	27025.0
2294	25516.0
2295	26385.0
2296	29016.0
2297	26666.0
2298	23605.0
2299	22010.0
2300	25071.0
2301	25176.0
2302	24650.0
2303	22852.0
2304	20339.0
2305	24529.0
2306	30776.0
2307	23835.0
2308	20529.0
2309	25549.0
2310	23361.0
2311	23905.0
2312	22917.0
2313	22428.0
2314	28441.0
2315	25883.0
2316	24987.0
2317	30621.0
2318	19622.0
2319	19857.0
2320	23791.0
2321	23207.0
2322	24340.0
2323	25045.0
2324	18671.0
2325	18968.0
2326	18956.0
2327	23141.0
2328	18596.0
2329	19026.0
2330	20533.0
2331	22102.0
2332	21696.0
2333	20912.0
2334	19216.0
2335	17506.0
2336	16448.0
2337	15088.0
2338	10300.0
2339	10689.0
2340	10012.0
2341	10232.0
2342	8698.0
2343	10330.0
2344	8027.0
2345	9212.0
2346	8344.0
2347	8820.0
2348	9403.0
2349	9424.0
2350	10198.0
2351	10858.0
2352	10536.0
2353	12427.0
2354	13656.0
2355	12731.0
2356	15406.0
2357	16448.0
2358	16186.0
2359	16363.0
2360	14801.0
2361	11539.0
2362	9702.0
2363	14005.0
2364	17640.0
2365	17071.0
2366	16293.0
2367	18822.0
2368	20076.0
2369	21587.0
2370	24820.0
2371	24289.0
2372	24128.0
2373	22278.0
2374	23781.0
2375	25396.0
2376	18854.0
2377	24825.0
2378	28663.0
2379	30569.0
2380	28114.0
2381	25414.0
2382	29624.0
2383	37472.0
2384	33451.0
2385	28985.0
2386	28218.0
2387	26611.0
2388	25751.0
2389	22611.0
2390	27049.0
2391	20335.0
2392	20209.0
2393	24136.0
2394	21581.0
2395	18603.0
2396	19433.0
2397	22063.0
2398	20962.0
2399	20481.0
2400	26582.0
2401	20953.0
2402	21228.0
2403	21806.0
2404	29436.0
2405	27317.0
2406	27241.0
2407	27694.0
2408	27820.0
2409	25768.0
2410	29694.0
2411	31203.0
2412	26619.0
2413	29128.0
2414	31336.0
2415	31727.0
2416	27567.0
2417	33323.0
2418	36164.0
2419	35222.0
2420	33793.0
2421	36209.0
2422	36437.0
2423	35482.0
2424	33852.0
2425	36876.0
2426	30172.0
2427	32521.0
2428	32967.0
2429	32409.0
2430	25337.0
2431	22168.0
2432	30856.0
2433	24256.0
2434	25057.0
2435	22625.0
2436	21426.0
2437	22921.0
2438	19964.0
2439	16895.0
2440	18244.0
2441	20172.0
2442	19089.0
2443	18749.0
2444	18106.0
2445	18888.0
2446	18961.0
2447	18689.0
2448	17054.0
2449	19896.0
2450	19512.0
2451	17918.0
2452	19534.0
2453	17619.0
2454	19659.0
2455	17950.0
2456	21095.0
2457	20316.0
2458	17578.0
2459	17707.0
2460	16174.0
2461	19114.0
2462	18067.0
2463	22159.0
2464	23674.0
2465	23448.0
2466	21957.0
2467	22890.0
2468	26298.0
2469	21203.0
2470	20854.0
2471	20962.0
2472	20405.0
2473	28386.0
2474	25352.0
2475	27229.0
2476	27878.0
2477	27860.0
2478	25677.0
2479	25814.0
2480	26316.0
2481	22846.0
2482	22566.0
2483	16921.0
2484	21174.0
2485	22009.0
2486	23743.0
2487	16296.0
2488	24378.0
2489	23283.0
2490	22374.0
2491	25398.0
2492	23569.0
2493	23270.0
2494	24302.0
2495	23872.0
2496	25494.0
2497	33302.0
2498	26641.0
2499	23941.0
2500	21036.0
2501	22679.0
2502	23537.0
2503	20016.0
2504	25068.0
2505	25049.0
2506	23446.0
2507	22591.0
2508	21044.0
2509	22896.0
2510	24390.0
2511	21173.0
2512	23436.0
2513	23882.0
2514	24743.0
2515	27999.0
2516	27593.0
2517	8607.0
2518	15469.0
2519	26755.0
2520	30141.0
2521	31187.0
2522	36770.0
2523	30533.0
2524	33820.0
2525	31857.0
2526	30963.0
2527	40125.0
2528	32940.0
2529	30872.0
2530	31952.0
2531	31530.0
2532	26150.0
2533	329.0
2534	17522.0
2535	33414.0
2536	29798.0
2537	30433.0
2538	29332.0
2539	27551.0
2540	24908.0
2541	23123.0
2542	23872.0
2543	21113.0
2544	26402.0
2545	22142.0
2546	22671.0
2547	24971.0
2548	24309.0
2549	31424.0
2550	29090.0
2551	32327.0
2552	23440.0
2553	20675.0
2554	21930.0
2555	21545.0
2556	20745.0
2557	22173.0
2558	18363.0
2559	20945.0
2560	15942.0
2561	17091.0
2562	16957.0
2563	17068.0
2564	17870.0
2565	17045.0
2566	19327.0
2567	15464.0
2568	13929.0
2569	10971.0
2570	12342.0
2571	13983.0
2572	4926.0
2573	0.0
2574	0.0
2575	11511.0
2576	15302.0
2577	14282.0
2578	16387.0
2579	13742.0
2580	12442.0
2581	13517.0
2582	18775.0
2583	18531.0
2584	17437.0
2585	14196.0
2586	13932.0
2587	12812.0
2588	13455.0
2589	12482.0
2590	13032.0
2591	14329.0
2592	15227.0
2593	19941.0
2594	20117.0
2595	22778.0
2596	20129.0
2597	24583.0
2598	25773.0
2599	22464.0
2600	19874.0
2601	22500.0
2602	23007.0
2603	22543.0
2604	22196.0
2605	24744.0
2606	23620.0
2607	28981.0
2608	24276.0
2609	23130.0
2610	20905.0
2611	21977.0
2612	21881.0
2613	17794.0
2614	17484.0
2615	21358.0
2616	17333.0
2617	16870.0
2618	19473.0
2619	17861.0
2620	14956.0
2621	14923.0
2622	18674.0
2623	20294.0
2624	18457.0
2625	18732.0
2626	17213.0
2627	16105.0
2628	16934.0
2629	16805.0
2630	13514.0
2631	16642.0
2632	16926.0
2633	17322.0
2634	19805.0
2635	16443.0
2636	20891.0
2637	24137.0
2638	26564.0
2639	24328.0
2640	23534.0
2641	18047.0
2642	17958.0
2643	20534.0
2644	18874.0
2645	18155.0
2646	17129.0
2647	17610.0
2648	16291.0
2649	19124.0
2650	18289.0
2651	17664.0
2652	17551.0
2653	18450.0
2654	18469.0
2655	19222.0
2656	19237.0
2657	21348.0
2658	22975.0
2659	15393.0
2660	19993.0
2661	18028.0
2662	17872.0
2663	23243.0
2664	21774.0
2665	18569.0
2666	20998.0
2667	12075.0
2668	6070.0
2669	15736.0
2670	22171.0
2671	22470.0
2672	21508.0
2673	10401.0
2674	11963.0
2675	27967.0
2676	33720.0
2677	28114.0
2678	23404.0
2679	21271.0
2680	26926.0
2681	24787.0
2682	31586.0
2683	28386.0
2684	25347.0
2685	30115.0
2686	34657.0
2687	27002.0
2688	23116.0
2689	25360.0
2690	21753.0
2691	14722.0
2692	15630.0
2693	22358.0
2694	21554.0
2695	24192.0
2696	20646.0
2697	20459.0
2698	19257.0
2699	24189.0
2700	21423.0
2701	23586.0
2702	26795.0
2703	25988.0
2704	23256.0
2705	38943.0
2706	33863.0
2707	31266.0
2708	13885.0
2709	7776.0
2710	5185.0
