	K562_combined
0	0
1	241
2	223
3	637
4	44127
5	60394
6	67425
7	50919
8	36496
9	43387
10	33912
11	39219
12	37845
13	47118
14	42905
15	42216
16	36890
17	29821
18	35817
19	38892
20	36493
21	38787
22	39443
23	38193
24	36187
25	39856
26	34850
27	32041
28	40269
29	41453
30	45801
31	41130
32	38687
33	50300
34	47468
35	48498
36	39120
37	42068
38	38596
39	38499
40	35129
41	33475
42	39121
43	38897
44	46530
45	45643
46	39605
47	40537
48	35500
49	51419
50	48463
51	49112
52	52734
53	53108
54	61719
55	61485
56	55993
57	62487
58	67569
59	75779
60	62960
61	53776
62	64163
63	71332
64	70277
65	65464
66	66227
67	70393
68	66143
69	58954
70	64273
71	48108
72	51330
73	55054
74	69735
75	49035
76	54757
77	53813
78	53822
79	53111
80	58657
81	44496
82	50281
83	55244
84	48265
85	50427
86	55299
87	61244
88	45675
89	51374
90	44505
91	50585
92	57758
93	61117
94	55357
95	51741
96	51867
97	53253
98	60178
99	56479
100	59358
101	54665
102	54899
103	46964
104	56239
105	51532
106	44043
107	46275
108	47046
109	42555
110	41156
111	41881
112	45483
113	46196
114	51940
115	46427
116	44529
117	36771
118	41686
119	47784
120	28492
121	33561
122	29359
123	34364
124	36338
125	31663
126	37429
127	38840
128	37818
129	36023
130	44872
131	49541
132	51565
133	67964
134	62710
135	57699
136	60654
137	59008
138	62695
139	72282
140	66083
141	55545
142	51746
143	66048
144	63521
145	60641
146	55473
147	52231
148	56353
149	57426
150	56336
151	57029
152	53764
153	57926
154	52282
155	48664
156	46833
157	53899
158	46995
159	47073
160	42891
161	49284
162	50543
163	38619
164	38313
165	27265
166	28096
167	28405
168	33493
169	22191
170	20824
171	23119
172	22857
173	22269
174	21823
175	21244
176	21662
177	23371
178	20478
179	19197
180	21435
181	20199
182	19743
183	23425
184	21507
185	20561
186	17669
187	21455
188	18639
189	23665
190	23807
191	19695
192	21045
193	17286
194	21075
195	21847
196	23228
197	24164
198	25298
199	20686
200	25147
201	29077
202	35039
203	30616
204	34155
205	37258
206	45113
207	44948
208	43376
209	51027
210	58591
211	59418
212	56314
213	54268
214	62820
215	60776
216	54446
217	55455
218	46021
219	42742
220	38563
221	53923
222	49342
223	49889
224	47494
225	38137
226	40405
227	43971
228	37596
229	40812
230	30875
231	38502
232	42143
233	39938
234	46171
235	48726
236	55118
237	41794
238	55176
239	54396
240	50871
241	37221
242	39323
243	39138
244	44246
245	33089
246	36572
247	35875
248	27399
249	34223
250	28881
251	30998
252	26647
253	30936
254	28599
255	31794
256	28792
257	38579
258	43295
259	42155
260	37301
261	42770
262	36575
263	46955
264	54791
265	60354
266	58542
267	65958
268	64172
269	57885
270	54722
271	54838
272	49810
273	53383
274	58579
275	57767
276	45804
277	53077
278	57311
279	55590
280	56416
281	59760
282	63736
283	52816
284	64100
285	59464
286	51717
287	49563
288	57231
289	55207
290	64764
291	56926
292	59398
293	57732
294	66064
295	63209
296	60252
297	64249
298	61494
299	66899
300	68278
301	76357
302	69814
303	66837
304	73399
305	67968
306	59776
307	60403
308	54285
309	59958
310	53277
311	57774
312	49267
313	54729
314	56096
315	56146
316	53897
317	58359
318	69434
319	63067
320	54435
321	52334
322	53766
323	58957
324	72097
325	60844
326	73514
327	56356
328	46094
329	44556
330	39343
331	39418
332	39697
333	30200
334	34443
335	48297
336	41077
337	36887
338	34722
339	41834
340	37290
341	38536
342	38023
343	43090
344	37044
345	34593
346	46119
347	41282
348	40991
349	44979
350	48852
351	47534
352	46072
353	52106
354	63524
355	54606
356	62210
357	59230
358	59387
359	59548
360	61247
361	62295
362	56444
363	50104
364	42521
365	50522
366	45605
367	37661
368	35702
369	36384
370	33572
371	33724
372	28714
373	26638
374	23063
375	21170
376	18583
377	19185
378	21554
379	23549
380	23181
381	21864
382	17665
383	22786
384	20308
385	20620
386	22178
387	22618
388	23739
389	24376
390	24226
391	19838
392	21841
393	23554
394	27993
395	26179
396	31254
397	34831
398	31856
399	36956
400	45830
401	47856
402	50800
403	53748
404	51256
405	61087
406	56905
407	61906
408	57982
409	56770
410	62363
411	49317
412	44548
413	46426
414	38857
415	38453
416	40282
417	37258
418	36373
419	41670
420	38985
421	44164
422	32699
423	43191
424	43688
425	47354
426	41400
427	46266
428	36743
429	40707
430	38373
431	33579
432	38811
433	40139
434	38060
435	33926
436	40131
437	40129
438	36793
439	46682
440	43682
441	37669
442	33238
443	24838
444	29492
445	23840
446	24174
447	25104
448	23887
449	21183
450	19829
451	19814
452	18731
453	20985
454	23262
455	25901
456	21632
457	21364
458	20911
459	20217
460	24188
461	21228
462	21257
463	23858
464	21451
465	21866
466	23538
467	22225
468	22186
469	20254
470	21559
471	24696
472	24449
473	20144
474	21554
475	18869
476	17526
477	24833
478	25289
479	21469
480	24029
481	22215
482	26317
483	27650
484	31358
485	34007
486	34814
487	42951
488	44687
489	49533
490	44580
491	50695
492	44259
493	54818
494	47843
495	52630
496	40406
497	45509
498	39787
499	36506
500	44814
501	41531
502	32487
503	32831
504	40356
505	40732
506	41775
507	35042
508	32468
509	35438
510	35249
511	39246
512	44146
513	41042
514	42785
515	37521
516	37792
517	40745
518	47429
519	48677
520	52682
521	54529
522	55602
523	62074
524	58481
525	58382
526	68156
527	70089
528	73374
529	69819
530	58756
531	66629
532	47080
533	48834
534	15812
535	8341
536	17653
537	21449
538	19879
539	35404
540	47305
541	45749
542	62635
543	66102
544	65679
545	53456
546	50577
547	48212
548	54083
549	53489
550	59965
551	63175
552	64876
553	61831
554	59593
555	59579
556	54861
557	55651
558	47621
559	47202
560	53316
561	55676
562	60397
563	56320
564	53021
565	53345
566	64449
567	62027
568	54039
569	55965
570	58860
571	53430
572	54489
573	66991
574	70042
575	67362
576	62301
577	56319
578	65815
579	60033
580	42350
581	41268
582	33959
583	44448
584	41023
585	37244
586	34128
587	42680
588	51583
589	53214
590	46317
591	57841
592	55649
593	45383
594	63241
595	52780
596	40947
597	58226
598	59449
599	55675
600	57541
601	58691
602	60635
603	50665
604	49007
605	55990
606	55432
607	53600
608	60560
609	69672
610	73701
611	67754
612	75570
613	86117
614	82905
615	70365
616	70491
617	62330
618	63244
619	56993
620	67844
621	57926
622	65457
623	57180
624	48109
625	56309
626	53468
627	54644
628	59554
629	62590
630	73660
631	76552
632	92727
633	101032
634	115695
635	96731
636	94272
637	64051
638	81665
639	2139
640	51713
641	65743
642	71619
643	64522
644	53840
645	41741
646	41318
647	43812
648	50790
649	13874
650	23996
651	29285
652	25323
653	38708
654	42168
655	54280
656	48242
657	43679
658	56766
659	46524
660	51212
661	54136
662	54747
663	69656
664	72634
665	71672
666	70338
667	70049
668	58779
669	59598
670	62952
671	65381
672	60844
673	58996
674	64381
675	61375
676	63590
677	67208
678	61681
679	56263
680	52529
681	51198
682	53066
683	73293
684	69238
685	70238
686	59771
687	68690
688	62091
689	71923
690	76777
691	73923
692	60293
693	64746
694	69584
695	63816
696	61856
697	59161
698	58558
699	59375
700	65818
701	58172
702	56371
703	70064
704	70943
705	65652
706	57851
707	66633
708	79978
709	68719
710	81706
711	56381
712	52475
713	72373
714	76286
715	70411
716	59775
717	60230
718	61172
719	58686
720	58902
721	67005
722	57470
723	62588
724	65451
725	70615
726	71784
727	67972
728	58995
729	53592
730	63356
731	69064
732	69473
733	67031
734	68123
735	80968
736	73240
737	57514
738	57963
739	74726
740	82534
741	91051
742	77285
743	77928
744	72045
745	71864
746	61471
747	66496
748	66806
749	62812
750	66996
751	65663
752	66935
753	73058
754	67469
755	69962
756	45700
757	35147
758	40953
759	37083
760	35159
761	38620
762	47927
763	48647
764	45019
765	39178
766	39234
767	45566
768	42867
769	47861
770	44473
771	44914
772	53675
773	50482
774	44307
775	49197
776	50575
777	50992
778	42708
779	46027
780	59968
781	51327
782	56312
783	70923
784	62394
785	63698
786	57965
787	41138
788	37349
789	37590
790	41371
791	31580
792	33851
793	37204
794	40860
795	40518
796	46137
797	53845
798	44661
799	49713
800	48163
801	43355
802	52572
803	42099
804	43427
805	48837
806	44597
807	47463
808	45253
809	48670
810	46734
811	47166
812	49717
813	48885
814	46475
815	49706
816	41140
817	52198
818	51341
819	54186
820	53472
821	46128
822	48915
823	54659
824	50109
825	59153
826	51438
827	51051
828	56255
829	49111
830	62738
831	51413
832	60074
833	56659
834	77225
835	59956
836	58986
837	71867
838	69900
839	68305
840	70599
841	77069
842	66864
843	72071
844	70189
845	57130
846	64479
847	54704
848	48608
849	56637
850	68168
851	49881
852	54452
853	62413
854	69637
855	60671
856	64798
857	69149
858	70996
859	68551
860	71044
861	75272
862	67946
863	73376
864	70574
865	62885
866	61244
867	70535
868	67131
869	70838
870	61549
871	61160
872	69999
873	82724
874	66958
875	72484
876	71708
877	84992
878	73544
879	69476
880	80245
881	66488
882	73317
883	75330
884	67732
885	59964
886	59271
887	51989
888	51950
889	54060
890	47734
891	51720
892	49522
893	41762
894	41713
895	45354
896	30454
897	37579
898	37309
899	30364
900	32582
901	28846
902	37396
903	41143
904	33887
905	41871
906	39347
907	49924
908	51123
909	42268
910	51591
911	44866
912	41467
913	42997
914	38717
915	42387
916	37238
917	42880
918	39477
919	38683
920	32170
921	24565
922	27983
923	34860
924	34937
925	28160
926	30728
927	33430
928	28499
929	31392
930	28261
931	24093
932	27775
933	29070
934	29672
935	28504
936	34202
937	37517
938	35113
939	37159
940	40612
941	52265
942	50311
943	41944
944	44056
945	54000
946	47045
947	53205
948	49722
949	42061
950	39760
951	40333
952	41809
953	41868
954	29424
955	22625
956	23364
957	20674
958	17969
959	20036
960	20579
961	17274
962	19968
963	16589
964	23144
965	17966
966	17087
967	19632
968	19365
969	17349
970	21056
971	21837
972	19003
973	20170
974	17367
975	18537
976	24117
977	16192
978	15329
979	17644
980	19763
981	19491
982	22488
983	20909
984	21131
985	19380
986	24287
987	28633
988	34521
989	36482
990	44072
991	46471
992	41913
993	40595
994	44530
995	40058
996	35020
997	31411
998	36894
999	25449
1000	23397
1001	22162
1002	20617
1003	16893
1004	19709
1005	18880
1006	19323
1007	19897
1008	20205
1009	19557
1010	18033
1011	18376
1012	21728
1013	25376
1014	21050
1015	32354
1016	36615
1017	31162
1018	44198
1019	37846
1020	41024
1021	32490
1022	33613
1023	26283
1024	29902
1025	26614
1026	29122
1027	28639
1028	23776
1029	24092
1030	19982
1031	25893
1032	22093
1033	24369
1034	27226
1035	22489
1036	20163
1037	24185
1038	28723
1039	28564
1040	30568
1041	34373
1042	40670
1043	52125
1044	42573
1045	48628
1046	37904
1047	41160
1048	46031
1049	47175
1050	42619
1051	38678
1052	34443
1053	31544
1054	36044
1055	38745
1056	39271
1057	41065
1058	40612
1059	41745
1060	41969
1061	42950
1062	40059
1063	42272
1064	41791
1065	40000
1066	39941
1067	36866
1068	37279
1069	37329
1070	30766
1071	33761
1072	24719
1073	26313
1074	24774
1075	20245
1076	21756
1077	15789
1078	15468
1079	16272
1080	15220
1081	13663
1082	13574
1083	15028
1084	13909
1085	13301
1086	14169
1087	15098
1088	15707
1089	15982
1090	14715
1091	15987
1092	14923
1093	16356
1094	15481
1095	14011
1096	13730
1097	17312
1098	13803
1099	16479
1100	16305
1101	14913
1102	12948
1103	14563
1104	15967
1105	16566
1106	13660
1107	15324
1108	14874
1109	14417
1110	13663
1111	14922
1112	14290
1113	13360
1114	13652
1115	13245
1116	9596
1117	17976
1118	14510
1119	16497
1120	14934
1121	13827
1122	17355
1123	20589
1124	28463
1125	27425
1126	30883
1127	27612
1128	27821
1129	30824
1130	29845
1131	29267
1132	27301
1133	28307
1134	33189
1135	38766
1136	34001
1137	38647
1138	35613
1139	37991
1140	33060
1141	34638
1142	33717
1143	33554
1144	38851
1145	39288
1146	35000
1147	41412
1148	43031
1149	51000
1150	41825
1151	25271
1152	15105
1153	11603
1154	12667
1155	10489
1156	12203
1157	10310
1158	9953
1159	6865
1160	10084
1161	6890
1162	6406
1163	17675
1164	11100
1165	23335
1166	18444
1167	12967
1168	13461
1169	12830
1170	11181
1171	8688
1172	12755
1173	12036
1174	11427
1175	193016
1176	0
1177	0
1178	0
1179	0
1180	0
1181	0
1182	0
1183	0
1184	0
1185	0
1186	0
1187	0
1188	0
1189	0
1190	0
1191	0
1192	0
1193	0
1194	0
1195	0
1196	0
1197	0
1198	0
1199	0
1200	0
1201	0
1202	0
1203	0
1204	0
1205	0
1206	0
1207	0
1208	0
1209	0
1210	0
1211	0
1212	0
1213	0
1214	0
1215	0
1216	0
1217	0
1218	0
1219	0
1220	0
1221	0
1222	0
1223	0
1224	0
1225	0
1226	0
1227	0
1228	0
1229	0
1230	0
1231	0
1232	0
1233	0
1234	0
1235	0
1236	0
1237	2409
1238	21289
1239	13229
1240	14027
1241	11353
1242	4280
1243	4278
1244	8207
1245	14331
1246	13491
1247	11284
1248	11817
1249	12946
1250	12690
1251	14027
1252	11934
1253	13539
1254	13021
1255	13230
1256	14230
1257	15743
1258	14553
1259	13089
1260	13119
1261	11903
1262	14310
1263	13153
1264	13800
1265	13200
1266	14568
1267	15289
1268	12655
1269	10464
1270	12215
1271	5205
1272	13123
1273	13533
1274	14544
1275	18021
1276	14029
1277	16232
1278	15509
1279	16139
1280	18031
1281	18918
1282	20859
1283	24916
1284	25302
1285	28199
1286	31291
1287	29530
1288	26707
1289	23197
1290	17773
1291	16770
1292	17606
1293	16386
1294	17833
1295	15002
1296	15490
1297	13077
1298	14381
1299	11931
1300	15417
1301	13248
1302	11688
1303	19072
1304	13311
1305	14167
1306	14960
1307	13707
1308	13548
1309	13131
1310	12451
1311	12721
1312	14812
1313	12694
1314	14553
1315	13059
1316	12548
1317	13655
1318	13572
1319	13783
1320	12002
1321	13957
1322	14897
1323	14597
1324	15548
1325	15866
1326	14698
1327	16857
1328	15167
1329	15672
1330	14351
1331	12848
1332	13861
1333	12843
1334	12327
1335	13397
1336	16215
1337	14977
1338	13600
1339	13303
1340	12915
1341	15771
1342	12140
1343	14060
1344	15594
1345	14055
1346	13417
1347	14055
1348	12514
1349	15065
1350	12868
1351	14371
1352	17871
1353	15679
1354	15571
1355	19528
1356	14991
1357	17693
1358	17912
1359	22141
1360	21857
1361	22441
1362	19769
1363	19288
1364	23107
1365	23517
1366	20735
1367	18732
1368	20491
1369	21705
1370	26111
1371	33706
1372	27458
1373	27634
1374	30773
1375	25333
1376	28165
1377	25666
1378	26235
1379	25242
1380	23343
1381	25975
1382	22966
1383	20906
1384	20372
1385	27262
1386	28218
1387	30876
1388	25866
1389	26568
1390	30998
1391	21905
1392	19612
1393	24635
1394	20514
1395	20970
1396	18706
1397	21768
1398	17733
1399	17263
1400	15716
1401	18790
1402	18847
1403	20638
1404	15221
1405	20213
1406	27096
1407	25913
1408	25802
1409	27302
1410	28138
1411	23486
1412	22182
1413	18031
1414	20241
1415	20482
1416	26874
1417	29908
1418	31262
1419	33552
1420	36735
1421	38165
1422	37291
1423	33898
1424	33118
1425	35462
1426	35517
1427	35429
1428	33070
1429	21252
1430	24160
1431	29563
1432	26312
1433	23216
1434	24501
1435	22767
1436	21524
1437	14567
1438	16449
1439	16454
1440	16692
1441	20554
1442	16175
1443	16247
1444	16054
1445	19460
1446	17117
1447	16170
1448	17164
1449	16783
1450	14301
1451	17192
1452	14887
1453	13581
1454	16036
1455	17556
1456	15254
1457	15599
1458	18684
1459	15109
1460	17266
1461	21343
1462	30091
1463	24484
1464	29665
1465	25260
1466	26973
1467	27796
1468	25958
1469	24479
1470	21954
1471	23039
1472	28196
1473	27417
1474	25940
1475	28409
1476	30927
1477	31801
1478	32929
1479	40149
1480	42197
1481	40741
1482	40113
1483	44710
1484	42401
1485	46227
1486	41489
1487	37632
1488	29665
1489	27601
1490	23067
1491	20139
1492	17553
1493	19260
1494	17313
1495	14152
1496	15104
1497	15138
1498	14760
1499	12939
1500	13972
1501	13764
1502	14079
1503	13064
1504	13937
1505	16039
1506	14368
1507	13693
1508	13919
1509	16077
1510	15141
1511	16413
1512	15681
1513	15721
1514	13750
1515	16978
1516	18633
1517	20249
1518	26749
1519	30462
1520	24902
1521	29574
1522	22231
1523	21346
1524	27928
1525	32685
1526	34479
1527	33118
1528	32906
1529	35639
1530	30034
1531	27555
1532	20825
1533	21342
1534	18792
1535	16451
1536	16655
1537	16398
1538	14025
1539	15174
1540	13301
1541	15695
1542	13166
1543	14003
1544	15133
1545	12233
1546	15763
1547	15465
1548	14028
1549	13426
1550	14109
1551	15326
1552	11557
1553	14055
1554	14592
1555	13485
1556	13471
1557	13441
1558	14988
1559	15119
1560	12407
1561	17004
1562	12641
1563	16590
1564	16729
1565	14390
1566	12474
1567	13997
1568	12770
1569	16209
1570	15292
1571	12746
1572	14328
1573	13621
1574	12553
1575	14506
1576	14101
1577	14898
1578	13616
1579	14025
1580	14824
1581	14986
1582	14526
1583	15008
1584	14545
1585	14947
1586	16099
1587	16917
1588	16986
1589	15796
1590	22352
1591	23797
1592	25998
1593	20782
1594	23659
1595	23725
1596	24178
1597	23826
1598	24484
1599	26434
1600	24671
1601	23666
1602	26417
1603	25253
1604	29391
1605	29727
1606	37556
1607	30820
1608	27156
1609	27033
1610	24971
1611	23783
1612	25154
1613	23161
1614	26358
1615	25942
1616	26792
1617	24773
1618	19491
1619	22503
1620	24094
1621	19610
1622	18562
1623	15444
1624	13878
1625	14696
1626	16346
1627	15529
1628	12298
1629	15387
1630	13192
1631	12376
1632	13373
1633	15154
1634	13377
1635	13654
1636	14722
1637	14221
1638	14761
1639	13462
1640	12354
1641	14384
1642	12846
1643	14206
1644	15507
1645	15403
1646	14002
1647	14540
1648	15862
1649	21698
1650	14750
1651	20886
1652	20565
1653	22395
1654	20700
1655	21030
1656	23958
1657	22577
1658	22876
1659	30160
1660	22637
1661	18566
1662	20310
1663	21205
1664	21451
1665	19834
1666	21945
1667	22548
1668	24893
1669	26182
1670	26105
1671	29794
1672	31604
1673	30425
1674	29511
1675	30467
1676	33086
1677	32634
1678	31782
1679	26075
1680	21455
1681	27772
1682	31180
1683	30642
1684	29792
1685	24582
1686	23183
1687	21386
1688	20342
1689	23267
1690	24380
1691	32280
1692	30119
1693	38401
1694	38202
1695	43289
1696	42438
1697	30078
1698	26582
1699	26581
1700	28128
1701	23139
1702	24313
1703	18815
1704	20705
1705	23032
1706	18211
1707	25287
1708	30042
1709	28578
1710	28984
1711	25760
1712	26884
1713	21067
1714	23860
1715	23415
1716	21027
1717	19021
1718	17120
1719	21700
1720	19980
1721	24227
1722	25941
1723	29527
1724	30675
1725	32024
1726	35597
1727	37755
1728	30495
1729	26334
1730	21413
1731	23202
1732	20268
1733	17880
1734	14751
1735	15646
1736	15332
1737	18731
1738	17340
1739	16997
1740	16746
1741	18379
1742	19153
1743	18033
1744	18272
1745	21120
1746	23323
1747	25879
1748	25029
1749	20414
1750	17714
1751	17096
1752	18367
1753	21070
1754	23997
1755	30562
1756	28815
1757	32136
1758	29595
1759	35496
1760	29701
1761	34392
1762	34385
1763	32972
1764	31707
1765	33011
1766	35310
1767	39550
1768	42791
1769	44224
1770	36476
1771	33119
1772	31364
1773	29203
1774	26603
1775	23756
1776	26537
1777	29035
1778	24966
1779	27224
1780	26858
1781	27817
1782	26011
1783	26821
1784	28625
1785	33976
1786	30309
1787	30034
1788	29121
1789	24703
1790	24812
1791	24271
1792	33699
1793	35644
1794	42685
1795	43092
1796	33421
1797	29519
1798	33919
1799	40730
1800	37187
1801	36663
1802	37622
1803	34419
1804	36493
1805	35394
1806	42813
1807	40150
1808	37922
1809	38566
1810	47153
1811	40831
1812	42895
1813	39716
1814	36550
1815	38374
1816	36903
1817	34837
1818	38067
1819	33563
1820	36692
1821	43093
1822	44343
1823	49488
1824	31997
1825	35039
1826	27583
1827	27936
1828	27094
1829	24156
1830	23154
1831	24313
1832	22053
1833	16522
1834	20023
1835	22393
1836	18200
1837	15176
1838	12455
1839	15599
1840	13121
1841	15617
1842	13979
1843	16384
1844	14316
1845	13180
1846	13079
1847	14615
1848	15098
1849	12644
1850	12441
1851	12964
1852	13713
1853	14675
1854	13075
1855	13090
1856	15105
1857	12800
1858	13765
1859	13040
1860	12451
1861	11946
1862	13716
1863	14150
1864	15187
1865	13607
1866	14505
1867	14025
1868	12724
1869	13690
1870	13425
1871	14283
1872	10628
1873	11405
1874	14409
1875	12592
1876	12070
1877	14051
1878	13153
1879	11735
1880	10368
1881	13497
1882	11695
1883	12720
1884	12990
1885	12545
1886	11999
1887	14105
1888	14448
1889	11926
1890	11522
1891	11254
1892	13983
1893	11796
1894	12320
1895	8901
1896	11395
1897	13664
1898	10142
1899	13526
1900	11685
1901	10534
1902	11386
1903	12472
1904	12932
1905	10898
1906	12011
1907	13759
1908	11758
1909	13166
1910	13163
1911	12301
1912	10905
1913	7898
1914	0
1915	0
1916	5488
1917	13930
1918	16518
1919	22726
1920	20097
1921	17713
1922	13437
1923	13491
1924	13608
1925	13000
1926	12622
1927	11733
1928	12767
1929	11254
1930	13846
1931	13496
1932	14087
1933	13543
1934	14270
1935	13442
1936	16146
1937	14961
1938	19597
1939	25298
1940	20853
1941	22422
1942	21321
1943	20262
1944	26739
1945	29629
1946	30358
1947	30240
1948	29357
1949	28529
1950	23099
1951	22596
1952	24707
1953	22892
1954	25635
1955	24237
1956	20241
1957	17330
1958	14565
1959	16252
1960	15060
1961	13894
1962	30705
1963	13450
1964	15514
1965	13972
1966	12967
1967	13012
1968	11835
1969	13820
1970	14534
1971	12632
1972	15745
1973	12983
1974	15180
1975	14213
1976	13087
1977	15057
1978	15229
1979	14770
1980	16978
1981	17389
1982	15971
1983	16496
1984	21846
1985	22908
1986	22274
1987	28533
1988	25131
1989	25967
1990	27121
1991	21915
1992	25399
1993	27070
1994	32724
1995	31301
1996	33652
1997	31941
1998	33012
1999	31706
2000	34429
2001	23816
2002	25127
2003	28859
2004	24632
2005	23975
2006	24085
2007	19011
2008	16707
2009	18432
2010	20883
2011	23126
2012	22566
2013	29075
2014	24247
2015	23989
2016	23960
2017	24272
2018	30246
2019	28173
2020	21603
2021	19106
2022	22084
2023	21946
2024	22675
2025	23863
2026	27883
2027	23552
2028	18330
2029	15490
2030	17336
2031	16416
2032	14923
2033	14233
2034	16305
2035	13481
2036	14328
2037	15380
2038	12114
2039	13154
2040	12233
2041	12551
2042	13990
2043	12111
2044	12061
2045	12763
2046	10875
2047	10852
2048	12218
2049	11944
2050	10451
2051	13667
2052	11491
2053	11886
2054	12874
2055	10874
2056	11597
2057	11276
2058	12527
2059	11204
2060	10056
2061	12750
2062	13843
2063	10182
2064	12334
2065	11992
2066	14944
2067	14385
2068	11263
2069	13556
2070	11480
2071	11847
2072	13543
2073	12268
2074	10951
2075	12162
2076	14274
2077	13569
2078	8016
2079	12969
2080	12098
2081	14861
2082	13064
2083	13006
2084	13942
2085	14804
2086	14718
2087	15274
2088	12300
2089	13668
2090	14054
2091	14697
2092	16350
2093	15932
2094	15223
2095	18436
2096	15370
2097	16903
2098	19180
2099	22225
2100	21886
2101	25861
2102	36967
2103	27404
2104	32191
2105	32663
2106	33307
2107	34940
2108	34973
2109	32922
2110	40458
2111	34563
2112	38071
2113	34872
2114	35528
2115	35773
2116	38659
2117	36746
2118	30270
2119	34710
2120	32548
2121	34552
2122	28314
2123	26899
2124	39957
2125	37111
2126	33991
2127	34519
2128	38050
2129	33826
2130	38209
2131	44988
2132	37371
2133	31833
2134	32595
2135	34968
2136	33078
2137	32188
2138	34686
2139	35149
2140	38020
2141	36281
2142	31579
2143	34372
2144	35734
2145	38897
2146	43529
2147	43427
2148	40922
2149	41471
2150	38492
2151	38051
2152	38103
2153	29926
2154	32891
2155	37717
2156	35372
2157	31610
2158	33401
2159	37538
2160	37417
2161	36125
2162	37939
2163	36689
2164	37422
2165	42958
2166	45855
2167	39311
2168	41078
2169	37133
2170	41211
2171	60981
2172	48051
2173	41333
2174	33102
2175	38662
2176	42490
2177	46939
2178	42580
2179	40217
2180	43842
2181	47606
2182	39214
2183	41951
2184	39322
2185	41584
2186	35797
2187	32735
2188	39068
2189	30763
2190	41091
2191	42042
2192	49079
2193	44067
2194	44639
2195	48251
2196	37949
2197	34065
2198	29056
2199	26529
2200	38085
2201	36168
2202	36634
2203	30860
2204	34391
2205	33803
2206	33685
2207	32216
2208	27660
2209	26649
2210	29748
2211	33211
2212	33100
2213	33074
2214	37853
2215	36520
2216	38300
2217	45942
2218	38752
2219	35489
2220	39246
2221	38018
2222	44174
2223	46322
2224	45088
2225	54082
2226	51438
2227	45969
2228	35941
2229	35445
2230	43349
2231	44437
2232	35911
2233	33641
2234	34658
2235	31445
2236	34958
2237	42428
2238	49569
2239	39528
2240	40268
2241	43173
2242	38235
2243	39218
2244	33731
2245	36530
2246	44991
2247	35723
2248	31821
2249	31096
2250	25323
2251	24580
2252	24361
2253	28613
2254	17038
2255	15922
2256	14203
2257	16477
2258	18023
2259	18581
2260	16334
2261	17182
2262	13342
2263	14789
2264	20492
2265	23433
2266	18711
2267	16363
2268	16594
2269	18487
2270	16510
2271	16005
2272	17091
2273	19264
2274	18609
2275	19369
2276	20514
2277	17379
2278	18913
2279	22230
2280	26357
2281	24726
2282	24584
2283	28518
2284	29937
2285	26726
2286	25430
2287	24874
2288	18288
2289	17043
2290	13689
2291	15258
2292	13235
2293	13281
2294	11294
2295	13000
2296	13903
2297	15413
2298	13004
2299	14713
2300	13499
2301	12555
2302	12567
2303	15055
2304	12661
2305	12620
2306	12945
2307	11721
2308	12389
2309	13162
2310	12707
2311	13731
2312	14495
2313	11996
2314	14546
2315	13169
2316	14757
2317	12907
2318	14066
2319	11910
2320	15987
2321	14957
2322	17078
2323	17978
2324	16461
2325	17163
2326	17005
2327	26074
2328	26845
2329	24749
2330	26516
2331	28840
2332	28880
2333	28121
2334	32347
2335	33005
2336	32098
2337	33267
2338	34889
2339	32975
2340	29593
2341	21500
2342	19526
2343	22561
2344	17609
2345	20410
2346	15260
2347	17199
2348	15539
2349	16269
2350	17606
2351	17299
2352	21043
2353	24416
2354	22276
2355	29367
2356	34013
2357	34411
2358	31695
2359	31037
2360	26289
2361	25930
2362	22738
2363	18522
2364	16785
2365	18463
2366	18138
2367	14645
2368	18280
2369	19312
2370	18700
2371	23975
2372	26593
2373	22700
2374	27580
2375	24001
2376	31752
2377	25535
2378	36662
2379	38881
2380	45420
2381	38747
2382	41641
2383	33562
2384	38907
2385	32135
2386	30961
2387	38401
2388	43701
2389	43708
2390	39373
2391	38389
2392	38965
2393	37538
2394	32442
2395	36771
2396	33976
2397	34093
2398	36542
2399	32233
2400	31888
2401	24129
2402	20331
2403	21322
2404	21146
2405	17816
2406	15400
2407	14128
2408	14792
2409	14986
2410	15669
2411	14512
2412	12916
2413	13772
2414	12168
2415	13335
2416	12553
2417	13801
2418	14112
2419	13326
2420	10845
2421	12503
2422	14199
2423	14068
2424	16258
2425	12857
2426	14211
2427	16229
2428	17022
2429	15419
2430	19755
2431	20144
2432	18367
2433	25701
2434	24144
2435	19638
2436	19883
2437	17302
2438	14042
2439	15274
2440	14651
2441	15109
2442	12549
2443	14338
2444	13629
2445	12299
2446	14317
2447	12543
2448	15757
2449	14596
2450	15038
2451	17446
2452	17221
2453	15222
2454	29451
2455	27209
2456	26971
2457	22382
2458	25085
2459	25398
2460	27054
2461	23212
2462	24710
2463	22578
2464	19339
2465	16867
2466	17041
2467	14953
2468	18183
2469	15697
2470	16156
2471	13580
2472	15571
2473	16403
2474	15003
2475	14971
2476	14697
2477	17184
2478	19039
2479	16878
2480	18349
2481	16799
2482	14972
2483	14056
2484	13312
2485	11524
2486	14187
2487	12987
2488	14830
2489	13828
2490	13039
2491	13438
2492	14148
2493	15602
2494	15651
2495	13867
2496	14934
2497	13510
2498	17450
2499	16238
2500	16091
2501	18281
2502	21870
2503	23815
2504	27393
2505	31335
2506	39076
2507	33263
2508	34019
2509	38904
2510	41217
2511	33485
2512	36083
2513	27749
2514	25528
2515	26843
2516	31335
2517	32271
2518	28329
2519	36626
2520	28786
2521	36326
2522	42974
2523	37457
2524	45904
2525	46809
2526	34867
2527	44740
2528	42395
2529	34830
2530	33945
2531	24090
2532	23133
2533	25125
2534	20057
2535	18034
2536	17859
2537	15410
2538	15276
2539	12770
2540	15294
2541	14323
2542	12461
2543	12136
2544	15046
2545	15493
2546	15609
2547	13309
2548	15886
2549	16675
2550	84689
2551	25422
2552	27039
2553	31110
2554	30913
2555	25171
2556	19037
2557	16975
2558	12915
2559	14319
2560	14783
2561	14642
2562	15551
2563	13789
2564	14459
2565	17956
2566	15235
2567	13259
2568	14714
2569	12271
2570	13677
2571	13450
2572	13691
2573	13637
2574	15034
2575	13319
2576	11160
2577	14240
2578	16264
2579	13827
2580	12782
2581	15202
2582	14082
2583	13010
2584	12728
2585	15381
2586	12581
2587	14633
2588	12105
2589	13956
2590	14291
2591	15308
2592	14594
2593	19234
2594	22384
2595	23584
2596	35577
2597	30774
2598	30371
2599	41225
2600	47377
2601	44075
2602	35614
2603	34122
2604	36733
2605	31650
2606	33045
2607	30237
2608	30799
2609	32504
2610	32313
2611	28684
2612	25648
2613	22369
2614	20294
2615	20594
2616	20695
2617	18727
2618	17506
2619	19500
2620	18604
2621	21731
2622	20615
2623	24509
2624	26339
2625	23979
2626	27116
2627	26855
2628	28441
2629	23409
2630	22862
2631	20042
2632	23000
2633	24149
2634	22599
2635	26548
2636	25291
2637	29465
2638	27929
2639	38760
2640	23107
2641	26317
2642	27598
2643	24089
2644	23753
2645	17187
2646	15699
2647	15087
2648	16278
2649	15728
2650	17795
2651	18187
2652	16727
2653	18674
2654	23260
2655	24448
2656	32606
2657	21967
2658	23269
2659	23437
2660	26254
2661	31548
2662	35845
2663	28283
2664	23101
2665	25059
2666	16662
2667	17781
2668	14467
2669	15242
2670	12674
2671	14172
2672	16448
2673	14185
2674	14667
2675	15168
2676	16908
2677	25713
2678	26866
2679	24120
2680	27642
2681	25419
2682	28511
2683	31446
2684	32213
2685	39813
2686	37572
2687	42492
2688	44323
2689	40228
2690	43880
2691	38035
2692	42437
2693	39539
2694	35480
2695	32929
2696	36502
2697	33283
2698	38173
2699	32905
2700	30348
2701	39295
2702	42480
2703	37339
2704	39514
2705	41891
2706	36431
2707	40207
2708	42287
2709	46678
2710	42602
2711	50526
2712	45422
2713	36669
2714	30706
2715	46495
2716	45540
2717	46378
2718	36395
2719	33648
2720	31140
2721	28286
2722	31310
2723	32612
2724	32340
2725	37065
2726	31874
2727	39045
2728	35778
2729	31966
2730	50380
2731	49102
2732	57348
2733	51189
2734	43448
2735	41705
2736	46350
2737	48135
2738	56812
2739	43172
2740	47233
2741	53339
2742	51548
2743	38128
2744	42862
2745	47079
2746	43804
2747	39788
2748	43456
2749	45869
2750	43485
2751	46556
2752	43150
2753	39394
2754	43022
2755	36561
2756	33150
2757	36810
2758	40731
2759	42385
2760	57759
2761	60830
2762	62745
2763	65895
2764	56906
2765	57909
2766	51208
2767	44675
2768	42347
2769	42461
2770	41053
2771	41162
2772	46048
2773	43283
2774	51896
2775	47909
2776	39208
2777	44133
2778	46438
2779	39549
2780	39490
2781	46289
2782	45118
2783	44609
2784	40963
2785	38531
2786	48917
2787	42009
2788	41898
2789	43246
2790	39247
2791	39331
2792	38940
2793	50390
2794	54788
2795	56006
2796	54486
2797	59695
2798	54137
2799	55232
2800	40079
2801	45449
2802	43131
2803	39748
2804	40942
2805	37715
2806	31573
2807	34969
2808	35784
2809	34594
2810	29919
2811	29219
2812	29476
2813	33042
2814	26851
2815	26620
2816	28594
2817	27933
2818	27870
2819	24629
2820	24916
2821	27762
2822	26479
2823	25930
2824	23198
2825	21429
2826	17146
2827	20313
2828	16150
2829	20589
2830	18925
2831	15494
2832	18128
2833	16985
2834	17023
2835	20690
2836	19333
2837	17632
2838	18908
2839	20837
2840	23670
2841	22563
2842	21300
2843	20930
2844	21001
2845	28511
2846	27157
2847	24719
2848	24426
2849	34547
2850	30386
2851	32123
2852	24746
2853	25636
2854	21954
2855	27688
2856	30023
2857	35819
2858	27261
2859	34244
2860	38449
2861	32970
2862	34344
2863	33559
2864	42632
2865	42982
2866	40509
2867	47011
2868	43273
2869	51871
2870	55726
2871	42440
2872	39702
2873	35612
2874	43481
2875	44085
2876	48767
2877	49802
2878	48672
2879	44065
2880	52228
2881	51294
2882	56855
2883	52643
2884	46686
2885	52369
2886	43491
2887	50905
2888	51701
2889	47642
2890	46338
2891	41869
2892	44800
2893	44716
2894	34323
2895	35652
2896	36926
2897	35915
2898	31330
2899	29109
2900	30706
2901	26831
2902	26824
2903	31735
2904	26099
2905	31809
2906	23245
2907	22228
2908	20739
2909	20597
2910	25093
2911	22703
2912	19068
2913	20059
2914	19337
2915	19582
2916	23730
2917	24058
2918	22589
2919	27941
2920	25263
2921	35865
2922	43802
2923	30733
2924	34574
2925	33836
2926	27607
2927	24220
2928	21699
2929	23279
2930	21967
2931	20739
2932	24261
2933	26798
2934	27484
2935	29931
2936	30839
2937	32528
2938	35225
2939	31484
2940	32595
2941	34949
2942	44185
2943	51902
2944	61880
2945	50849
2946	43460
2947	47294
2948	47002
2949	51604
2950	54240
2951	42357
2952	38488
2953	35318
2954	46531
2955	44699
2956	40984
2957	34639
2958	42358
2959	44137
2960	42061
2961	36009
2962	35269
2963	33882
2964	37333
2965	33837
2966	36096
2967	39533
2968	42141
2969	37603
2970	39145
2971	39372
2972	42666
2973	44017
2974	40217
2975	40413
2976	38053
2977	43372
2978	37243
2979	31864
2980	36636
2981	37248
2982	33379
2983	39865
2984	41582
2985	40314
2986	44419
2987	50496
2988	58282
2989	58218
2990	46934
2991	48518
2992	47942
2993	43248
2994	54644
2995	58641
2996	51153
2997	58892
2998	52819
2999	58390
3000	64822
3001	57634
3002	55496
3003	58256
3004	70535
3005	67550
3006	58574
3007	66681
3008	56991
3009	65926
3010	63092
3011	69700
3012	65365
3013	60076
3014	53938
3015	46550
3016	44078
3017	50182
3018	44761
3019	39631
3020	49306
3021	49614
3022	53876
3023	56073
3024	54674
3025	51695
3026	59188
3027	53711
3028	55107
3029	52187
3030	50683
3031	55853
3032	50354
3033	54048
3034	54676
3035	50388
3036	42561
3037	38175
3038	37720
3039	36602
3040	33041
3041	29234
3042	26221
3043	20446
3044	22164
3045	20252
3046	21847
3047	22948
3048	28202
3049	28837
3050	29114
3051	32225
3052	31450
3053	29596
3054	22661
3055	20259
3056	20584
3057	18343
3058	22429
3059	21015
3060	18748
3061	24814
3062	26168
3063	30090
3064	32762
3065	34659
3066	36364
3067	23935
3068	23347
3069	21876
3070	19311
3071	18474
3072	19927
3073	19390
3074	19179
3075	16329
3076	17264
3077	17958
3078	15714
3079	16070
3080	19010
3081	19666
3082	20288
3083	20829
3084	22252
3085	19437
3086	22610
3087	20424
3088	25824
3089	33262
3090	31069
3091	32932
3092	38581
3093	48171
3094	48555
3095	45660
3096	52291
3097	57276
3098	50493
3099	49599
3100	53586
3101	48257
3102	40027
3103	38485
3104	52281
3105	53197
3106	47364
3107	50216
3108	50201
3109	51105
3110	43151
3111	47558
3112	40337
3113	34841
3114	28157
3115	25050
3116	26689
3117	23022
3118	23526
3119	25561
3120	26431
3121	26590
3122	20784
3123	22493
3124	22682
3125	24093
3126	22482
3127	19379
3128	24801
3129	26893
3130	22735
3131	27872
3132	25670
3133	22885
3134	30915
3135	33182
3136	34000
3137	39165
3138	38894
3139	45466
3140	53387
3141	44956
3142	48776
3143	47644
3144	46322
3145	44897
3146	48525
3147	46319
3148	55068
3149	50938
3150	54902
3151	8114
3152	43879
3153	10285
3154	64940
3155	59667
3156	61494
3157	68671
3158	65048
3159	54326
3160	62659
3161	52852
3162	61552
3163	64934
3164	61089
3165	60849
3166	51770
3167	65790
3168	67234
3169	67992
3170	58292
3171	53662
3172	59594
3173	54862
3174	45246
3175	50407
3176	47654
3177	51620
3178	58524
3179	60361
3180	47964
3181	61361
3182	58854
3183	56577
3184	57035
3185	72524
3186	62396
3187	54637
3188	50984
3189	54504
3190	54664
3191	44437
3192	45456
3193	38711
3194	39245
3195	37588
3196	33770
3197	39815
3198	43542
3199	40989
3200	46759
3201	38738
3202	56978
3203	51913
3204	61305
3205	52116
3206	50308
3207	56023
3208	53989
3209	48831
3210	60522
3211	42814
3212	31820
3213	39568
3214	36245
3215	35136
3216	35676
3217	38392
3218	44411
3219	37778
3220	28809
3221	23697
3222	32449
3223	40332
3224	32298
3225	26362
3226	35632
3227	43612
3228	62530
3229	65698
3230	66123
3231	83272
3232	72642
3233	59691
3234	49227
3235	51647
3236	43286
3237	37931
3238	34236
3239	34337
3240	31064
3241	31240
3242	31395
3243	30786
3244	30809
3245	29918
3246	25761
3247	29640
3248	22345
3249	24262
3250	22570
3251	21401
3252	23642
3253	25487
3254	22445
3255	22114
3256	21844
3257	21248
3258	25761
3259	25344
3260	20819
3261	18081
3262	24388
3263	22128
3264	20738
3265	19841
3266	25923
3267	22416
3268	21649
3269	25390
3270	27659
3271	42986
3272	44007
3273	39862
3274	42581
3275	54154
3276	45333
3277	40161
3278	33322
3279	40111
3280	49288
3281	51229
3282	51992
3283	55169
3284	46770
3285	48400
3286	45372
3287	41022
3288	33392
3289	32290
3290	41989
3291	26919
3292	25914
3293	25951
3294	23450
3295	25227
3296	25542
3297	21955
3298	24395
3299	20494
3300	17732
3301	18523
3302	14563
3303	20128
3304	19693
3305	20748
3306	19435
3307	16551
3308	18943
3309	22779
3310	18189
3311	19723
3312	20495
3313	21203
3314	18402
3315	19019
3316	18249
3317	19323
3318	22361
3319	18544
3320	20288
3321	24922
3322	31291
3323	25639
3324	33538
3325	27895
3326	35864
3327	29664
3328	31275
3329	27310
3330	34052
3331	38101
3332	42916
3333	41749
3334	48114
3335	47956
3336	43774
3337	44785
3338	42536
3339	36662
3340	45187
3341	42410
3342	45837
3343	37805
3344	39275
3345	47307
3346	45502
3347	46315
3348	49744
3349	38419
3350	47170
3351	36059
3352	42209
3353	41522
3354	38996
3355	34765
3356	33933
3357	40685
3358	37480
3359	0
3360	5676
3361	40599
3362	33664
3363	46398
3364	46161
3365	42804
3366	41739
3367	39916
3368	44463
3369	40278
3370	42175
3371	39214
3372	33715
3373	34630
3374	35321
3375	35148
3376	40678
3377	38930
3378	37007
3379	27328
3380	30788
3381	36968
3382	27722
3383	36555
3384	31617
3385	35086
3386	35908
3387	29116
3388	31628
3389	28903
3390	34455
3391	39083
3392	38442
3393	36845
3394	35731
3395	34674
3396	37047
3397	34948
3398	34806
3399	34380
3400	38606
3401	39214
3402	44574
3403	45277
3404	42129
3405	22194
3406	14703
3407	35408
3408	31282
3409	32097
3410	43470
3411	35504
3412	47608
3413	47601
3414	35769
3415	40443
3416	39457
3417	48841
3418	20411
3419	338
3420	11970
3421	894
3422	0
