	K562_combined
0	631
1	751
2	2527
3	26329
4	26936
5	30264
6	31402
7	24488
8	29637
9	30490
10	27849
11	31199
12	28152
13	28997
14	27388
15	32837
16	28846
17	33040
18	30134
19	21177
20	25806
21	23205
22	23193
23	24628
24	24126
25	20557
26	24106
27	23813
28	32414
29	26314
30	26975
31	29244
32	35527
33	42157
34	44754
35	27705
36	35662
37	38504
38	34721
39	32613
40	37537
41	36058
42	28314
43	26801
44	62219
45	29695
46	21629
47	24809
48	28917
49	27750
50	30939
51	34493
52	31449
53	31881
54	27381
55	29075
56	25441
57	25285
58	25464
59	30082
60	31410
61	28355
62	23463
63	21148
64	20166
65	20442
66	16242
67	15868
68	17210
69	15866
70	17290
71	18250
72	18533
73	15248
74	15310
75	14505
76	16507
77	15419
78	11017
79	15460
80	16097
81	15195
82	14520
83	13891
84	14319
85	15840
86	17290
87	15551
88	16486
89	16086
90	15810
91	15159
92	15437
93	15467
94	12964
95	12966
96	15257
97	17288
98	15915
99	15487
100	14892
101	17023
102	16555
103	13884
104	13844
105	12660
106	14816
107	17417
108	14695
109	17899
110	14637
111	14926
112	14421
113	16082
114	16102
115	14042
116	15911
117	16848
118	21168
119	18187
120	25494
121	26781
122	28197
123	33105
124	29340
125	40147
126	35834
127	29126
128	37616
129	35907
130	32761
131	38971
132	42187
133	40478
134	30285
135	33734
136	23493
137	16365
138	28566
139	21352
140	10453
141	2888
142	1188
143	5417
144	14725
145	8105
146	6608
147	4305
148	2331
149	3090
150	649
151	572
152	2790
153	6793
154	6522
155	8241
156	302
157	5367
158	4357
159	4274
160	13113
161	15834
162	39645
163	43717
164	41179
165	33542
166	31966
167	38281
168	32898
169	28070
170	39777
171	37634
172	45798
173	46793
174	44281
175	45465
176	42610
177	39226
178	44759
179	42733
180	49520
181	38813
182	41377
183	45996
184	37543
185	38508
186	37336
187	39677
188	30540
189	29918
190	28235
191	28342
192	32117
193	29803
194	35754
195	30912
196	35386
197	26693
198	32990
199	31423
200	30848
201	30983
202	26274
203	31827
204	34568
205	35731
206	33177
207	33752
208	46083
209	45890
210	51100
211	38402
212	43657
213	50742
214	41773
215	38357
216	45130
217	36996
218	38485
219	30423
220	29668
221	34444
222	37316
223	39226
224	38749
225	39193
226	37809
227	38012
228	36063
229	40510
230	36175
231	44641
232	50865
233	51049
234	58439
235	46578
236	47670
237	29545
238	1688
239	17671
240	13162
241	11027
242	671
243	4367
244	8861
245	9696
246	7213
247	17162
248	68101
249	21155
250	25221
251	28825
252	31038
253	25998
254	25597
255	26478
256	28283
257	28180
258	36686
259	41552
260	32328
261	31336
262	28086
263	24906
264	23154
265	16834
266	17610
267	16734
268	14555
269	14836
270	16366
271	14521
272	15785
273	14120
274	14414
275	13018
276	13238
277	14562
278	13272
279	14305
280	14066
281	12808
282	13517
283	10464
284	12746
285	14582
286	13960
287	14254
288	12286
289	12327
290	11680
291	12525
292	14965
293	12997
294	14602
295	12999
296	12788
297	15519
298	15076
299	16711
300	15169
301	16320
302	20615
303	19490
304	21346
305	22353
306	23455
307	26663
308	25099
309	24956
310	24737
311	23222
312	16464
313	17263
314	19097
315	16756
316	15927
317	16233
318	16689
319	17205
320	16510
321	17564
322	13952
323	13380
324	15030
325	13558
326	17201
327	17537
328	16306
329	14257
330	15256
331	17481
332	20931
333	17606
334	17039
335	18506
336	16162
337	21336
338	18319
339	19313
340	29542
341	23359
342	27576
343	31172
344	29666
345	25208
346	26378
347	23773
348	28582
349	31402
350	25207
351	29564
352	29846
353	25912
354	27941
355	36272
356	25624
357	31711
358	38016
359	36833
360	35196
361	32543
362	27331
363	22061
364	25780
365	26912
366	23132
367	26968
368	24735
369	18356
370	24293
371	24890
372	23596
373	22329
374	29955
375	25158
376	25370
377	29252
378	26792
379	26005
380	27826
381	24155
382	25383
383	30764
384	30737
385	30779
386	29395
387	31558
388	28293
389	30069
390	30949
391	35955
392	32281
393	35728
394	31801
395	27386
396	32266
397	33305
398	35469
399	39400
400	36739
401	34791
402	38200
403	36473
404	39334
405	38819
406	36418
407	31195
408	34501
409	28548
410	26544
411	31645
412	28832
413	29555
414	32865
415	31730
416	28521
417	38091
418	29521
419	31255
420	31591
421	31881
422	29638
423	30475
424	31569
425	33280
426	34880
427	38886
428	35524
429	41093
430	36835
431	38466
432	19811
433	32810
434	48273
435	52723
436	44724
437	46412
438	43799
439	47737
440	50236
441	56083
442	54691
443	47313
444	49999
445	48342
446	38746
447	36638
448	42847
449	53679
450	47394
451	50482
452	46460
453	38858
454	47379
455	55031
456	49392
457	45175
458	48620
459	45581
460	50137
461	42223
462	49119
463	45391
464	47728
465	40904
466	60035
467	56016
468	50704
469	37528
470	35897
471	36106
472	37209
473	25785
474	29582
475	26070
476	25268
477	22382
478	20922
479	18587
480	20168
481	21408
482	17372
483	15563
484	14999
485	17158
486	15384
487	17877
488	17070
489	17594
490	16530
491	15769
492	19504
493	14774
494	19870
495	24654
496	25376
497	22209
498	24442
499	18174
500	25389
501	24249
502	30477
503	31518
504	34077
505	32899
506	35902
507	31664
508	29175
509	25012
510	29189
511	21083
512	25853
513	27401
514	23309
515	28859
516	28923
517	30017
518	34517
519	29562
520	34461
521	35196
522	46412
523	39203
524	31948
525	40509
526	42822
527	31254
528	43021
529	39179
530	40468
531	32373
532	29014
533	28457
534	23716
535	22774
536	25372
537	26973
538	24403
539	24958
540	30241
541	35322
542	41635
543	49320
544	52172
545	50036
546	53346
547	50676
548	47101
549	54352
550	42743
551	44783
552	40099
553	37722
554	49945
555	47094
556	45792
557	41025
558	49580
559	39671
560	34869
561	43021
562	40571
563	37633
564	45040
565	44476
566	38706
567	32785
568	33164
569	47072
570	39992
571	41093
572	39939
573	41602
574	36055
575	37125
576	37966
577	33883
578	41581
579	38974
580	44508
581	40593
582	47469
583	30902
584	43066
585	38471
586	37560
587	39225
588	40473
589	36815
590	34440
591	37698
592	32773
593	32417
594	36675
595	33728
596	36402
597	43553
598	40029
599	46632
600	43714
601	39122
602	40499
603	38757
604	42145
605	41168
606	36129
607	39061
608	45749
609	36200
610	46440
611	50934
612	47193
613	38679
614	37630
615	43195
616	41675
617	31200
618	33402
619	33412
620	34359
621	34496
622	26418
623	24085
624	20245
625	21332
626	17512
627	18029
628	15870
629	15740
630	16249
631	14747
632	16102
633	14925
634	17590
635	17159
636	17798
637	15539
638	17240
639	18228
640	18314
641	17883
642	20445
643	18173
644	18785
645	19934
646	21322
647	17391
648	16801
649	16905
650	17902
651	17660
652	17352
653	12165
654	18466
655	18827
656	18812
657	16393
658	22436
659	21965
660	18055
661	23510
662	26765
663	24597
664	33977
665	40055
666	42627
667	40304
668	47412
669	34334
670	27432
671	27372
672	23156
673	21904
674	19062
675	19618
676	17845
677	19185
678	16539
679	16494
680	16596
681	13001
682	16922
683	16858
684	19057
685	15605
686	17054
687	15298
688	14553
689	16324
690	17264
691	15723
692	15809
693	17674
694	19377
695	16528
696	16730
697	16919
698	14774
699	14159
700	15686
701	17617
702	13120
703	14480
704	16159
705	15977
706	18988
707	15912
708	18435
709	18527
710	19975
711	18311
712	23942
713	16811
714	15712
715	17244
716	18299
717	17521
718	17451
719	15254
720	17376
721	16789
722	18706
723	18439
724	16338
725	14058
726	14847
727	17006
728	19472
729	17595
730	19621
731	17827
732	20261
733	18207
734	22424
735	22145
736	21154
737	20269
738	24053
739	23891
740	32957
741	26824
742	30814
743	33724
744	36249
745	31550
746	30526
747	33424
748	46716
749	53265
750	42397
751	47951
752	58649
753	54309
754	60403
755	53797
756	54611
757	52986
758	60840
759	53139
760	52100
761	48033
762	44492
763	38905
764	43477
765	51229
766	48860
767	41923
768	42446
769	37254
770	34773
771	45264
772	41126
773	48251
774	47980
775	50774
776	45458
777	39758
778	32817
779	32104
780	28147
781	25455
782	23313
783	24943
784	18308
785	9009
786	8922
787	11282
788	20433
789	17783
790	20768
791	15855
792	17877
793	19033
794	26198
795	32761
796	37110
797	28703
798	25279
799	24044
800	27598
801	25476
802	25853
803	28464
804	28861
805	27613
806	27008
807	27874
808	28749
809	34459
810	24695
811	27848
812	30404
813	30951
814	32236
815	27853
816	31622
817	26001
818	34782
819	41032
820	40115
821	36614
822	36674
823	37136
824	35682
825	42680
826	47049
827	47776
828	47993
829	49873
830	46455
831	47805
832	52475
833	57950
834	51071
835	37541
836	38966
837	39592
838	43968
839	49201
840	51131
841	55754
842	51017
843	40967
844	42936
845	41483
846	44037
847	37508
848	42158
849	40261
850	46402
851	43138
852	46539
853	43652
854	41401
855	35615
856	33600
857	35564
858	42304
859	35540
860	33885
861	36712
862	19505
863	14831
864	18010
865	19526
866	15027
867	21710
868	13544
869	5766
870	7455
871	9970
872	7065
873	8218
874	8682
875	18083
876	22656
877	0
878	0
879	0
880	0
881	0
882	0
883	0
884	0
885	0
886	0
887	0
888	0
889	0
890	0
891	0
892	0
893	0
894	0
895	0
896	0
897	0
898	0
899	0
900	0
901	0
902	0
903	0
904	0
905	0
906	0
907	0
908	0
909	0
910	0
911	0
912	0
913	0
914	0
915	0
916	0
917	0
918	0
919	0
920	0
921	0
922	0
923	0
924	0
925	0
926	0
927	0
928	0
929	0
930	0
931	0
932	0
933	0
934	0
935	0
936	17971
937	18989
938	14309
939	8464
940	10517
941	7958
942	14683
943	14652
944	7758
945	9785
946	13331
947	9928
948	9914
949	20133
950	25450
951	22971
952	18983
953	16287
954	19255
955	18759
956	29069
957	29579
958	24657
959	26009
960	24365
961	34428
962	33461
963	22166
964	17730
965	33898
966	35043
967	36870
968	38153
969	33521
970	36006
971	38266
972	39297
973	37713
974	42963
975	37126
976	34439
977	39490
978	41070
979	39813
980	39090
981	35974
982	27651
983	27031
984	31870
985	29752
986	33119
987	30428
988	25362
989	28303
990	31420
991	26059
992	24178
993	24011
994	24847
995	30582
996	31221
997	25068
998	27091
999	30999
1000	30927
1001	27739
1002	25875
1003	23770
1004	21890
1005	19676
1006	21883
1007	16538
1008	15075
1009	14050
1010	13318
1011	16184
1012	17086
1013	13035
1014	14611
1015	14283
1016	14514
1017	16788
1018	14216
1019	16003
1020	12388
1021	16768
1022	15460
1023	14801
1024	13519
1025	16207
1026	14004
1027	12346
1028	14600
1029	13803
1030	12631
1031	13342
1032	15672
1033	13271
1034	12481
1035	14145
1036	15084
1037	12438
1038	12686
1039	14456
1040	15510
1041	15005
1042	15330
1043	14635
1044	18890
1045	15105
1046	15618
1047	15807
1048	18651
1049	14720
1050	15225
1051	20979
1052	18536
1053	19095
1054	22912
1055	25709
1056	27977
1057	26425
1058	25112
1059	20113
1060	25099
1061	22696
1062	20459
1063	20576
1064	22911
1065	22380
1066	24477
1067	26699
1068	24900
1069	27551
1070	22643
1071	31332
1072	32975
1073	30491
1074	24386
1075	23085
1076	21788
1077	23964
1078	25260
1079	23218
1080	20274
1081	20527
1082	22307
1083	26192
1084	23852
1085	19657
1086	26475
1087	24199
1088	33843
1089	32141
1090	25961
1091	29644
1092	33964
1093	29905
1094	29261
1095	43150
1096	41662
1097	36529
1098	43854
1099	40829
1100	42747
1101	44860
1102	42412
1103	37663
1104	35274
1105	34066
1106	31634
1107	30379
1108	26252
1109	28176
1110	22587
1111	19234
1112	18662
1113	18992
1114	18804
1115	15984
1116	18392
1117	20291
1118	19558
1119	21296
1120	20844
1121	22360
1122	21680
1123	25999
1124	23014
1125	26912
1126	28966
1127	25718
1128	31161
1129	32057
1130	36980
1131	38737
1132	41504
1133	39515
1134	44160
1135	47829
1136	43734
1137	42652
1138	46118
1139	45426
1140	37311
1141	29859
1142	36044
1143	26617
1144	28405
1145	22567
1146	22586
1147	23968
1148	25835
1149	27209
1150	20970
1151	21765
1152	20208
1153	19671
1154	20540
1155	21718
1156	23573
1157	27083
1158	25487
1159	24344
1160	27570
1161	22633
1162	41558
1163	26400
1164	26999
1165	25634
1166	22819
1167	20687
1168	18602
1169	19027
1170	17142
1171	16734
1172	19541
1173	16924
1174	17184
1175	16835
1176	18486
1177	20762
1178	22612
1179	25262
1180	25340
1181	25937
1182	21962
1183	24279
1184	24207
1185	27752
1186	29979
1187	31684
1188	30508
1189	29683
1190	33032
1191	43283
1192	35193
1193	34656
1194	30677
1195	29675
1196	25281
1197	22407
1198	21651
1199	23065
1200	21565
1201	16200
1202	21065
1203	17174
1204	19992
1205	16628
1206	17807
1207	17263
1208	16689
1209	15461
1210	18431
1211	17813
1212	17623
1213	17148
1214	18268
1215	16941
1216	22637
1217	18864
1218	21885
1219	25796
1220	30397
1221	31671
1222	30951
1223	36381
1224	39840
1225	38842
1226	36993
1227	40753
1228	38245
1229	32698
1230	31006
1231	36494
1232	34405
1233	30738
1234	28555
1235	36447
1236	34514
1237	35049
1238	37966
1239	42692
1240	32445
1241	31326
1242	28795
1243	25979
1244	24116
1245	26089
1246	24151
1247	27046
1248	24917
1249	23819
1250	30800
1251	28198
1252	34031
1253	26129
1254	30280
1255	23464
1256	25829
1257	21932
1258	15970
1259	18763
1260	21194
1261	16472
1262	17117
1263	16211
1264	16589
1265	15269
1266	16893
1267	17215
1268	15287
1269	14950
1270	16325
1271	17321
1272	17923
1273	15080
1274	14702
1275	20066
1276	20812
1277	19683
1278	24997
1279	25853
1280	28280
1281	32447
1282	27332
1283	25093
1284	24697
1285	18866
1286	18572
1287	14429
1288	14708
1289	16887
1290	14650
1291	14430
1292	15677
1293	16642
1294	12629
1295	15201
1296	13060
1297	13102
1298	13253
1299	12540
1300	14884
1301	15531
1302	14464
1303	13007
1304	13516
1305	17250
1306	18102
1307	18637
1308	18139
1309	17574
1310	16828
1311	15459
1312	17489
1313	17802
1314	15217
1315	14910
1316	18184
1317	16032
1318	15277
1319	14873
1320	16668
1321	19248
1322	16464
1323	19177
1324	20335
1325	22716
1326	18963
1327	23489
1328	30368
1329	29517
1330	39012
1331	38774
1332	37167
1333	31290
1334	30697
1335	31735
1336	30293
1337	34071
1338	36300
1339	32792
1340	37209
1341	29089
1342	28808
1343	30142
1344	24799
1345	26073
1346	32206
1347	37318
1348	35343
1349	31400
1350	32811
1351	40369
1352	39089
1353	37076
1354	35851
1355	34045
1356	35097
1357	35289
1358	38462
1359	37861
1360	32642
1361	34439
1362	30359
1363	32572
1364	34787
1365	40473
1366	37185
1367	32683
1368	29885
1369	26872
1370	25120
1371	25444
1372	26447
1373	28789
1374	24032
1375	21545
1376	20246
1377	22162
1378	21813
1379	25184
1380	23448
1381	22399
1382	20104
1383	20252
1384	19676
1385	17376
1386	16680
1387	15801
1388	15703
1389	14768
1390	15620
1391	16416
1392	14880
1393	13433
1394	12956
1395	14871
1396	15123
1397	13706
1398	13873
1399	14908
1400	14982
1401	13248
1402	15652
1403	15474
1404	18548
1405	18591
1406	16892
1407	16545
1408	20283
1409	24629
1410	26870
1411	26355
1412	22344
1413	24055
1414	24434
1415	26879
1416	29993
1417	32378
1418	34641
1419	35261
1420	32785
1421	34774
1422	30659
1423	29726
1424	27627
1425	28812
1426	34000
1427	33218
1428	31414
1429	33343
1430	26445
1431	30724
1432	21732
1433	18116
1434	17502
1435	16993
1436	17439
1437	19540
1438	16908
1439	17128
1440	16853
1441	17874
1442	15359
1443	16054
1444	16880
1445	14164
1446	14884
1447	16265
1448	16048
1449	16037
1450	17311
1451	18144
1452	16038
1453	15033
1454	26970
1455	25436
1456	19300
1457	26076
1458	27455
1459	25369
1460	31841
1461	27989
1462	22723
1463	22398
1464	22439
1465	17598
1466	18673
1467	14797
1468	16358
1469	18562
1470	19732
1471	21814
1472	17534
1473	23359
1474	21868
1475	19855
1476	25577
1477	29387
1478	32525
1479	35259
1480	34467
1481	32619
1482	40016
1483	32743
1484	47274
1485	51877
1486	43208
1487	36505
1488	30517
1489	31729
1490	34669
1491	31971
1492	32619
1493	39936
1494	33229
1495	38120
1496	41997
1497	43657
1498	40191
1499	32935
1500	31736
1501	30571
1502	24579
1503	22968
1504	26320
1505	23634
1506	17158
1507	15720
1508	17064
1509	18338
1510	14927
1511	14967
1512	16066
1513	17506
1514	17676
1515	14469
1516	17491
1517	12430
1518	14839
1519	14184
1520	14160
1521	13047
1522	13001
1523	14429
1524	13699
1525	15633
1526	19827
1527	14361
1528	13017
1529	14285
1530	11205
1531	12818
1532	12605
1533	15477
1534	13689
1535	13246
1536	13175
1537	11060
1538	11757
1539	11921
1540	13740
1541	10887
1542	13929
1543	14492
1544	10959
1545	13338
1546	14237
1547	15635
1548	15740
1549	15434
1550	15835
1551	15377
1552	14980
1553	16639
1554	15269
1555	21052
1556	19577
1557	18881
1558	19941
1559	15601
1560	12866
1561	14348
1562	12000
1563	10089
1564	10373
1565	11829
1566	14261
1567	9856
1568	11407
1569	12723
1570	11197
1571	12338
1572	13373
1573	12709
1574	17027
1575	10794
1576	11076
1577	12365
1578	13361
1579	12770
1580	14698
1581	15944
1582	13388
1583	13900
1584	12049
1585	14609
1586	12365
1587	14679
1588	13082
1589	14461
1590	14990
1591	19205
1592	14333
1593	15348
1594	15755
1595	15579
1596	16622
1597	14948
1598	15192
1599	15118
1600	12738
1601	12774
1602	16849
1603	14886
1604	15963
1605	14617
1606	17554
1607	17603
1608	19714
1609	17320
1610	20207
1611	29610
1612	38191
1613	39563
1614	45364
1615	40415
1616	31397
1617	27072
1618	32228
1619	29893
1620	30462
1621	28813
1622	31931
1623	35791
1624	33839
1625	28768
1626	33677
1627	32305
1628	28811
1629	27832
1630	27257
1631	25763
1632	23597
1633	25380
1634	24846
1635	22897
1636	26495
1637	26400
1638	25978
1639	21575
1640	21838
1641	22769
1642	19754
1643	19681
1644	19862
1645	20158
1646	16688
1647	16571
1648	21803
1649	24069
1650	25966
1651	30102
1652	35518
1653	24588
1654	24607
1655	27647
1656	21730
1657	16639
1658	16775
1659	14727
1660	15041
1661	13973
1662	13444
1663	14398
1664	10777
1665	11327
1666	13593
1667	12026
1668	12889
1669	12978
1670	12012
1671	12695
1672	11108
1673	10371
1674	11791
1675	10803
1676	12499
1677	12641
1678	13405
1679	14773
1680	13387
1681	12750
1682	13050
1683	11959
1684	12192
1685	13115
1686	11412
1687	11772
1688	12886
1689	14120
1690	15726
1691	14794
1692	12837
1693	11062
1694	12004
1695	14002
1696	13327
1697	13164
1698	14113
1699	13738
1700	13851
1701	14959
1702	12872
1703	12192
1704	13952
1705	11077
1706	12192
1707	10935
1708	13691
1709	13867
1710	13639
1711	14266
1712	10678
1713	14289
1714	15922
1715	14782
1716	17133
1717	17097
1718	16698
1719	23459
1720	25820
1721	29921
1722	31788
1723	32497
1724	24010
1725	27805
1726	25029
1727	25228
1728	23859
1729	20638
1730	21387
1731	13815
1732	0
1733	0
1734	490
1735	9345
1736	6652
1737	29033
1738	27744
1739	27190
1740	25425
1741	25924
1742	27572
1743	26689
1744	24191
1745	23813
1746	21942
1747	28405
1748	24252
1749	25800
1750	29157
1751	25399
1752	22314
1753	20572
1754	17412
1755	14228
1756	13161
1757	16195
1758	16877
1759	15788
1760	15294
1761	16090
1762	15452
1763	13551
1764	13091
1765	13338
1766	12777
1767	12017
1768	10589
1769	10776
1770	11412
1771	14946
1772	11167
1773	13272
1774	15677
1775	12626
1776	15498
1777	15165
1778	17174
1779	19549
1780	18812
1781	14757
1782	11500
1783	11352
1784	15517
1785	17302
1786	14815
1787	16597
1788	12044
1789	15635
1790	11779
1791	15223
1792	14545
1793	13446
1794	12906
1795	14333
1796	11248
1797	12950
1798	13412
1799	10998
1800	14286
1801	13438
1802	11840
1803	12009
1804	14805
1805	14246
1806	13623
1807	16710
1808	16706
1809	16672
1810	15592
1811	17186
1812	20525
1813	26310
1814	34339
1815	35038
1816	31703
1817	37200
1818	36609
1819	34981
1820	39978
1821	30270
1822	31037
1823	43295
1824	45377
1825	30960
1826	37822
1827	33896
1828	31416
1829	30028
1830	33393
1831	39027
1832	26780
1833	37605
1834	28299
1835	34918
1836	27295
1837	30067
1838	31230
1839	30797
1840	31287
1841	36282
1842	32038
1843	27219
1844	26249
1845	24620
1846	21879
1847	19962
1848	23225
1849	16465
1850	13799
1851	15519
1852	16561
1853	18055
1854	15504
1855	17675
1856	15536
1857	16110
1858	17501
1859	18984
1860	19536
1861	21278
1862	22170
1863	18104
1864	18299
1865	19154
1866	22478
1867	16183
1868	21671
1869	20152
1870	19852
1871	16466
1872	22712
1873	21212
1874	22380
1875	22409
1876	23819
1877	22931
1878	19010
1879	20829
1880	25498
1881	24001
1882	26400
1883	25787
1884	27430
1885	24548
1886	27652
1887	28994
1888	26309
1889	32558
1890	37353
1891	36389
1892	34272
1893	29500
1894	32931
1895	35764
1896	33828
1897	35751
1898	31768
1899	34647
1900	33348
1901	32389
1902	30339
1903	30980
1904	33236
1905	34976
1906	32968
1907	37114
1908	32975
1909	39942
1910	35878
1911	40949
1912	40581
1913	34882
1914	43739
1915	42796
1916	44511
1917	37622
1918	42006
1919	48921
1920	49983
1921	44060
1922	50486
1923	40310
1924	53270
1925	41933
1926	43194
1927	32698
1928	33565
1929	26941
1930	29532
1931	24506
1932	28651
1933	30285
1934	25751
1935	31863
1936	26015
1937	33281
1938	35688
1939	33224
1940	28943
1941	27139
1942	26669
1943	30961
1944	35045
1945	42353
1946	46168
1947	37748
1948	38852
1949	34723
1950	34979
1951	30392
1952	42585
1953	36495
1954	29984
1955	26035
1956	33257
1957	32862
1958	25806
1959	29084
1960	32016
1961	32923
1962	33525
1963	27116
1964	34269
1965	35760
1966	33339
1967	33181
1968	35649
1969	34532
1970	35856
1971	38904
1972	42404
1973	41851
1974	39069
1975	49195
1976	45551
1977	42111
1978	45665
1979	39372
1980	42620
1981	42843
1982	42705
1983	41441
1984	35581
1985	26743
1986	38175
1987	41995
1988	40777
1989	29032
1990	28212
1991	31129
1992	31315
1993	30743
1994	33299
1995	36657
1996	39176
1997	39019
1998	40044
1999	34336
2000	35092
2001	33035
2002	27783
2003	27966
2004	26854
2005	29810
2006	27116
2007	31024
2008	29612
2009	24324
2010	25082
2011	24373
2012	32829
2013	30355
2014	29317
2015	33412
2016	33359
2017	40539
2018	33654
2019	28897
2020	31767
2021	28701
2022	33106
2023	32986
2024	39689
2025	32435
2026	38857
2027	36922
2028	44519
2029	43404
2030	41592
2031	37463
2032	41417
2033	44695
2034	38924
2035	48153
2036	43371
2037	45063
2038	43028
2039	45105
2040	49012
2041	51912
2042	53558
2043	48535
2044	38094
2045	43388
2046	45714
2047	38957
2048	40118
2049	38236
2050	34492
2051	36813
2052	34088
2053	29322
2054	33713
2055	36075
2056	31329
2057	34936
2058	34773
2059	34548
2060	37311
2061	33992
2062	33638
2063	33961
2064	40628
2065	37973
2066	31599
2067	41154
2068	41434
2069	43817
2070	44871
2071	54909
2072	47981
2073	46552
2074	55898
2075	56991
2076	46353
2077	39168
2078	38329
2079	39964
2080	39170
2081	35488
2082	35421
2083	29939
2084	28021
2085	26155
2086	22864
2087	27696
2088	33060
2089	27029
2090	17419
2091	19617
2092	16926
2093	14895
2094	18912
2095	20146
2096	16038
2097	14320
2098	14515
2099	15338
2100	12322
2101	14314
2102	14860
2103	15834
2104	19819
2105	23678
2106	31046
2107	30219
2108	31576
2109	34351
2110	27528
2111	39226
2112	34053
2113	40427
2114	39711
2115	34682
2116	30308
2117	27684
2118	26448
2119	25352
2120	26795
2121	31418
2122	30157
2123	30092
2124	31290
2125	37435
2126	34397
2127	33316
2128	31422
2129	32056
2130	28509
2131	31040
2132	30479
2133	22968
2134	25055
2135	29123
2136	28584
2137	25089
2138	29871
2139	24428
2140	23595
2141	24963
2142	20740
2143	18611
2144	26152
2145	19689
2146	20881
2147	20125
2148	20815
2149	19057
2150	21030
2151	20827
2152	28384
2153	27729
2154	23856
2155	25666
2156	26119
2157	28484
2158	20318
2159	24374
2160	23577
2161	24547
2162	28870
2163	29301
2164	30231
2165	27594
2166	29231
2167	32259
2168	33445
2169	28927
2170	33302
2171	14504
2172	24378
2173	21475
2174	18211
2175	19684
2176	17206
2177	17990
2178	16381
2179	15482
2180	16250
2181	17338
2182	19241
2183	20360
2184	22969
2185	24090
2186	18413
2187	17738
2188	18189
2189	18279
2190	17819
2191	16284
2192	16851
2193	15650
2194	18092
2195	18422
2196	18260
2197	15003
2198	15852
2199	17227
2200	17902
2201	20928
2202	20964
2203	24942
2204	25071
2205	25820
2206	28711
2207	34519
2208	31417
2209	29766
2210	33820
2211	29993
2212	30324
2213	30006
2214	20789
2215	17709
2216	14205
2217	15126
2218	16560
2219	14724
2220	14306
2221	14968
2222	12798
2223	13111
2224	14710
2225	12848
2226	12991
2227	11055
2228	13530
2229	11246
2230	13760
2231	13447
2232	10485
2233	13633
2234	12948
2235	12679
2236	12947
2237	17075
2238	16666
2239	14299
2240	14018
2241	11904
2242	13054
2243	15382
2244	14040
2245	14700
2246	10495
2247	11897
2248	12829
2249	13929
2250	10909
2251	12237
2252	12425
2253	11579
2254	12081
2255	13678
2256	12544
2257	14309
2258	13660
2259	13244
2260	12946
2261	14061
2262	12746
2263	13548
2264	12537
2265	11885
2266	10881
2267	11592
2268	11885
2269	13388
2270	11742
2271	11800
2272	10829
2273	12686
2274	11746
2275	11478
2276	12925
2277	11839
2278	10407
2279	10831
2280	9297
2281	12144
2282	13421
2283	11619
2284	10033
2285	10525
2286	9509
2287	12194
2288	13170
2289	15045
2290	13369
2291	12576
2292	11775
2293	13544
2294	14574
2295	13355
2296	13104
2297	14824
2298	12716
2299	13671
2300	12364
2301	10653
2302	11945
2303	11811
2304	12586
2305	12181
2306	12157
2307	13697
2308	14046
2309	13488
2310	13106
2311	12469
2312	13909
2313	11852
2314	13594
2315	12513
2316	13846
2317	12526
2318	13309
2319	13757
2320	14086
2321	15152
2322	15841
2323	14972
2324	18278
2325	19282
2326	20010
2327	26632
2328	28160
2329	26903
2330	23980
2331	24441
2332	26234
2333	30825
2334	25082
2335	24419
2336	19952
2337	21053
2338	16835
2339	18150
2340	18671
2341	16663
2342	18493
2343	17875
2344	19491
2345	18933
2346	19254
2347	20098
2348	24029
2349	28972
2350	30102
2351	32552
2352	35418
2353	31771
2354	33809
2355	38929
2356	38320
2357	27930
2358	30571
2359	25151
2360	23692
2361	29219
2362	18319
2363	18071
2364	14161
2365	17600
2366	19143
2367	16335
2368	19108
2369	18713
2370	21930
2371	21151
2372	19124
2373	15347
2374	17331
2375	21687
2376	21003
2377	19238
2378	25189
2379	26370
2380	25333
2381	24368
2382	27381
2383	19599
2384	19650
2385	17261
2386	17647
2387	17516
2388	17202
2389	19866
2390	16185
2391	16259
2392	16925
2393	17728
2394	16139
2395	15707
2396	14317
2397	15268
2398	16093
2399	13697
2400	14688
2401	13152
2402	16187
2403	14427
2404	16582
2405	16196
2406	16754
2407	17000
2408	16604
2409	17480
2410	21442
2411	19871
2412	23099
2413	26099
2414	26305
2415	24881
2416	28885
2417	32507
2418	29346
2419	29664
2420	31619
2421	29826
2422	24844
2423	18066
2424	18698
2425	18546
2426	20901
2427	21339
2428	24693
2429	24247
2430	20808
2431	29754
2432	24179
2433	15396
2434	15495
2435	17811
2436	15467
2437	13397
2438	16282
2439	17008
2440	13089
2441	13700
2442	14977
2443	15065
2444	14949
2445	16193
2446	15646
2447	16091
2448	14627
2449	15772
2450	18300
2451	15661
2452	16416
2453	16319
2454	17500
2455	14772
2456	16592
2457	15875
2458	15821
2459	15320
2460	16677
2461	15134
2462	16685
2463	14794
2464	13567
2465	14079
2466	15092
2467	15083
2468	16602
2469	16328
2470	22233
2471	26890
2472	34500
2473	41888
2474	41111
2475	40205
2476	47371
2477	44357
2478	48189
2479	45576
2480	44703
2481	47845
2482	42256
2483	53746
2484	53971
2485	44079
2486	43616
2487	37569
2488	51025
2489	49621
2490	46187
2491	40950
2492	49205
2493	46573
2494	46237
2495	35999
2496	35901
2497	37108
2498	37457
2499	45909
2500	43661
2501	42937
2502	36360
2503	35328
2504	44019
2505	51402
2506	34503
2507	38739
2508	42832
2509	51399
2510	43769
2511	47866
2512	61093
2513	54469
2514	47226
2515	40265
2516	50605
2517	56065
2518	51291
2519	46040
2520	36503
2521	41991
2522	47371
2523	34828
2524	35567
2525	44339
2526	49727
2527	48698
2528	54106
2529	53434
2530	53696
2531	41235
2532	43359
2533	48854
2534	43528
2535	27605
2536	29610
2537	31488
2538	28320
2539	27679
2540	23506
2541	28019
2542	26491
2543	24984
2544	25430
2545	27160
2546	28410
2547	27550
2548	29963
2549	31843
2550	33051
2551	31113
2552	22601
2553	24751
2554	22544
2555	23758
2556	28548
2557	34253
2558	28030
2559	29928
2560	22973
2561	26124
2562	24239
2563	26981
2564	25315
2565	28460
2566	26040
2567	24880
2568	30917
2569	28341
2570	30262
2571	34744
2572	40200
2573	43389
2574	46678
2575	53688
2576	55080
2577	59820
2578	60383
2579	62020
2580	57260
2581	58732
2582	51409
2583	49494
2584	38546
2585	40508
2586	45617
2587	38757
2588	37984
2589	34746
2590	36754
2591	38511
2592	34565
2593	29791
2594	27124
2595	27883
2596	27210
2597	35572
2598	26847
2599	36673
2600	33125
2601	34774
2602	33010
2603	33666
2604	32553
2605	37271
2606	39253
2607	44074
2608	41862
2609	51637
2610	41422
2611	54461
2612	41671
2613	48225
2614	57319
2615	38024
2616	41326
2617	36105
2618	41427
2619	60461
2620	55180
2621	50109
2622	43157
2623	36376
2624	39946
2625	39345
2626	39940
2627	38839
2628	42646
2629	43751
2630	45004
2631	39747
2632	35086
2633	42141
2634	32304
2635	33889
2636	28899
2637	20453
2638	23377
2639	22254
2640	18323
2641	18138
2642	18838
2643	19762
2644	13737
2645	17038
2646	15352
2647	15160
2648	14531
2649	15861
2650	15772
2651	17202
2652	15901
2653	13972
2654	17166
2655	18634
2656	22397
2657	26525
2658	27744
2659	24355
2660	27486
2661	29970
2662	29018
2663	28069
2664	26818
2665	25239
2666	27094
2667	28913
2668	32591
2669	26237
2670	25500
2671	26555
2672	23724
2673	26100
2674	27599
2675	29582
2676	25738
2677	31103
2678	31185
2679	37894
2680	34960
2681	33936
2682	36171
2683	41527
2684	36829
2685	42890
2686	36679
2687	34278
2688	36877
2689	42913
2690	41926
2691	43435
2692	39162
2693	35518
2694	28917
2695	30721
2696	30826
2697	27754
2698	27315
2699	20506
2700	21654
2701	15318
2702	16706
2703	19959
2704	18988
2705	20289
2706	19588
2707	23673
2708	29904
2709	31894
2710	29750
2711	34557
2712	31733
2713	34784
2714	40027
2715	35467
2716	32669
2717	34549
2718	29760
2719	28060
2720	24782
2721	21894
2722	20249
2723	21719
2724	21187
2725	20501
2726	22318
2727	22410
2728	23405
2729	24848
2730	15688
2731	15148
2732	14537
2733	23208
2734	22860
2735	19133
2736	19640
2737	16196
2738	19052
2739	19503
2740	18147
2741	17965
2742	17232
2743	16367
2744	15376
2745	16147
2746	15098
2747	15313
2748	15977
2749	14299
2750	12719
2751	12650
2752	12378
2753	15519
2754	14557
2755	15300
2756	14459
2757	12919
2758	14505
2759	12449
2760	13179
2761	12716
2762	12496
2763	14486
2764	16410
2765	16556
2766	14532
2767	16279
2768	13932
2769	14172
2770	15937
2771	13141
2772	15978
2773	11798
2774	14410
2775	14653
2776	15994
2777	17017
2778	17358
2779	15476
2780	15206
2781	13103
2782	19252
2783	23667
2784	22804
2785	18167
2786	19325
2787	21296
2788	19246
2789	22793
2790	20489
2791	23105
2792	28673
2793	29660
2794	31724
2795	34880
2796	28830
2797	33172
2798	34211
2799	25073
2800	29287
2801	24409
2802	34390
2803	29664
2804	30251
2805	30022
2806	28514
2807	32743
2808	33192
2809	29484
2810	39171
2811	34019
2812	35830
2813	36919
2814	33693
2815	34708
2816	37417
2817	40721
2818	34744
2819	39085
2820	35438
2821	39031
2822	39283
2823	39266
2824	42505
2825	41556
2826	46360
2827	43857
2828	42874
2829	57395
2830	42592
2831	46920
2832	49622
2833	46777
2834	41383
2835	40260
2836	36949
2837	35793
2838	38093
2839	43759
2840	58366
2841	53710
2842	48476
2843	47963
2844	37312
2845	44734
2846	50958
2847	44644
2848	44009
2849	33864
2850	38552
2851	41334
2852	35892
2853	42288
2854	38409
2855	161
2856	17267
2857	31053
2858	31656
2859	22981
2860	33589
2861	32152
2862	33536
2863	36588
2864	31309
2865	30665
2866	29515
2867	34844
2868	30946
2869	29490
2870	31435
2871	32442
2872	29308
2873	28980
2874	34326
2875	39014
2876	33450
2877	34456
2878	35317
2879	35227
2880	36398
2881	38922
2882	43932
2883	37032
2884	39291
2885	37490
2886	48395
2887	48131
2888	43433
2889	36354
2890	32648
2891	29880
2892	45671
2893	38643
2894	32810
2895	41392
2896	40638
2897	33343
2898	38215
2899	41798
2900	35887
2901	38987
2902	40501
2903	31684
2904	29722
2905	32516
2906	64
2907	0
2908	199
2909	665
2910	37243
2911	43049
2912	34550
2913	36703
2914	33105
2915	34319
2916	34582
2917	35539
2918	39353
2919	46765
2920	50418
2921	39890
2922	46548
2923	42711
2924	43507
2925	39525
2926	3097
2927	0
