	K562_combined
0	15504
1	37536
2	63710
3	49675
4	41402
5	51234
6	59594
7	53624
8	52034
9	47675
10	44698
11	57973
12	60761
13	65764
14	54758
15	55071
16	59583
17	57484
18	51697
19	49253
20	50753
21	38249
22	39554
23	36411
24	35389
25	38759
26	38380
27	43913
28	40726
29	38175
30	38784
31	34309
32	26496
33	32011
34	29456
35	27375
36	30448
37	31590
38	28187
39	29773
40	33349
41	37730
42	39456
43	36431
44	41218
45	39942
46	46197
47	43529
48	40481
49	51952
50	45521
51	53808
52	55830
53	52613
54	48361
55	46194
56	56817
57	63388
58	52838
59	56730
60	63257
61	60353
62	59878
63	60124
64	60071
65	65766
66	62012
67	64208
68	62604
69	66551
70	65218
71	68844
72	76525
73	72170
74	54424
75	50211
76	46842
77	45038
78	42463
79	37063
80	34391
81	32947
82	29566
83	26240
84	24154
85	24848
86	21820
87	24646
88	22963
89	21763
90	23807
91	24101
92	22338
93	24055
94	22202
95	24784
96	24319
97	23227
98	23136
99	24361
100	25011
101	30763
102	27690
103	24073
104	34310
105	32275
106	28388
107	28753
108	23148
109	28905
110	27653
111	25452
112	25960
113	24405
114	26547
115	27479
116	26811
117	26659
118	29723
119	27464
120	24393
121	23381
122	22160
123	24904
124	22485
125	23399
126	25429
127	26844
128	27409
129	26987
130	35331
131	41574
132	43511
133	43706
134	44657
135	45271
136	33309
137	37975
138	45544
139	40807
140	39544
141	38332
142	36378
143	33301
144	35966
145	35833
146	26434
147	22795
148	25396
149	27071
150	37386
151	34498
152	31942
153	33228
154	28671
155	28812
156	22508
157	27947
158	24808
159	21379
160	29069
161	24155
162	32990
163	32718
164	33879
165	34042
166	33875
167	41547
168	44704
169	50902
170	54741
171	49878
172	51659
173	59371
174	53455
175	55082
176	52421
177	60593
178	57154
179	68203
180	68106
181	55664
182	49207
183	51398
184	43332
185	48835
186	54605
187	52275
188	55158
189	57005
190	54408
191	49953
192	55546
193	64902
194	68654
195	65918
196	64245
197	71274
198	51055
199	55396
200	56713
201	55908
202	47850
203	47108
204	42764
205	47891
206	45338
207	34898
208	47718
209	48122
210	47486
211	47527
212	30161
213	48273
214	39987
215	39847
216	37915
217	29338
218	20176
219	18615
220	24571
221	24625
222	30320
223	24193
224	21928
225	23584
226	21542
227	23814
228	18268
229	20502
230	26999
231	32408
232	16643
233	31302
234	30494
235	33083
236	37380
237	43194
238	43813
239	40784
240	42762
241	31701
242	25803
243	25488
244	26402
245	49993
246	42159
247	43264
248	43810
249	41252
250	42155
251	35809
252	43981
253	39353
254	41858
255	38567
256	37992
257	39933
258	44915
259	34670
260	28951
261	36315
262	35068
263	35156
264	31675
265	30085
266	28536
267	29540
268	26052
269	29412
270	29429
271	29058
272	28096
273	28410
274	33396
275	27164
276	23496
277	20055
278	24347
279	18568
280	18851
281	19051
282	18210
283	16026
284	12100
285	15780
286	14451
287	11109
288	10794
289	9087
290	7788
291	8467
292	7000
293	8633
294	11809
295	11506
296	8181
297	6631
298	14211
299	14520
300	8185
301	7970
302	5474
303	11469
304	8624
305	6058
306	9770
307	9642
308	2423
309	0
310	0
311	0
312	0
313	0
314	0
315	0
316	0
317	0
318	0
319	0
320	0
321	0
322	0
323	0
324	0
325	0
326	0
327	0
328	0
329	0
330	0
331	0
332	0
333	0
334	0
335	0
336	0
337	0
338	0
339	0
340	0
341	0
342	0
343	0
344	0
345	0
346	0
347	0
348	0
349	0
350	0
351	0
352	0
353	0
354	0
355	0
356	0
357	0
358	0
359	0
360	0
361	0
362	0
363	0
364	0
365	0
366	0
367	0
368	0
369	0
370	116028
371	27730
372	25664
373	31078
374	26184
375	31191
376	28791
377	28130
378	28288
379	28489
380	34159
381	41785
382	40484
383	42011
384	43317
385	47521
386	41796
387	36119
388	32417
389	36205
390	47203
391	52060
392	51758
393	57209
394	45949
395	51198
396	52001
397	43912
398	41108
399	39699
400	44378
401	44013
402	41551
403	39696
404	38053
405	44232
406	38729
407	39720
408	36216
409	39536
410	45197
411	44736
412	51992
413	51321
414	56360
415	51270
416	56570
417	51440
418	45817
419	58242
420	53586
421	58369
422	49347
423	53486
424	53370
425	48618
426	36940
427	28435
428	31291
429	27961
430	34072
431	34009
432	34815
433	35288
434	35420
435	32200
436	31327
437	32603
438	35621
439	36137
440	42671
441	44101
442	39595
443	34286
444	29027
445	28199
446	33904
447	31953
448	38035
449	34322
450	30160
451	38648
452	37169
453	29926
454	37090
455	33117
456	38349
457	32739
458	35059
459	35652
460	36723
461	33367
462	37085
463	34114
464	36402
465	34249
466	35807
467	37998
468	34277
469	39068
470	36373
471	41083
472	34091
473	42585
474	42183
475	51441
476	51526
477	43378
478	40326
479	44911
480	47775
481	39448
482	35957
483	33977
484	35486
485	29045
486	30954
487	27718
488	27828
489	23805
490	28560
491	36492
492	32095
493	32431
494	36098
495	40598
496	46289
497	32933
498	36719
499	29458
500	33855
501	28575
502	19414
503	21360
504	17754
505	20965
506	16401
507	18736
508	16525
509	18225
510	18440
511	19150
512	17942
513	16688
514	18871
515	18133
516	17716
517	17945
518	16060
519	15972
520	18824
521	17637
522	15108
523	17410
524	16768
525	15568
526	17206
527	17164
528	19815
529	18148
530	17321
531	16973
532	14816
533	14938
534	15411
535	17593
536	17935
537	19149
538	15271
539	15219
540	15269
541	14416
542	16638
543	18394
544	17502
545	16424
546	16109
547	16369
548	17091
549	18293
550	14968
551	18378
552	15015
553	14912
554	15577
555	19812
556	17421
557	17578
558	22162
559	21085
560	24725
561	22818
562	24869
563	25503
564	30590
565	28107
566	27476
567	24952
568	25893
569	28050
570	26251
571	31186
572	30181
573	33641
574	22437
575	26247
576	25596
577	26029
578	22256
579	26027
580	29888
581	38194
582	41189
583	38886
584	37325
585	37050
586	39177
587	40555
588	34213
589	36488
590	44852
591	41262
592	42774
593	46384
594	37237
595	28324
596	29277
597	27149
598	23518
599	22840
600	23834
601	27008
602	23243
603	23197
604	20857
605	21123
606	19225
607	20610
608	18089
609	21252
610	17740
611	17352
612	15784
613	16675
614	16744
615	17901
616	16303
617	18153
618	14348
619	17318
620	19462
621	17818
622	17682
623	16880
624	18295
625	17833
626	17792
627	17516
628	17494
629	15579
630	17016
631	17646
632	16753
633	16382
634	17198
635	15149
636	19657
637	18858
638	18248
639	18301
640	20355
641	17463
642	17652
643	20353
644	20399
645	19480
646	19383
647	25318
648	29870
649	26336
650	34125
651	41671
652	39181
653	46761
654	47715
655	38470
656	39766
657	44237
658	44617
659	42950
660	43263
661	45578
662	36623
663	42029
664	38043
665	39217
666	40567
667	32828
668	38723
669	39437
670	39459
671	38387
672	37568
673	45870
674	48599
675	47888
676	42978
677	44790
678	35770
679	40313
680	36384
681	35920
682	34206
683	36324
684	35220
685	35359
686	38187
687	40228
688	30559
689	27576
690	32684
691	22263
692	22735
693	21275
694	29538
695	24918
696	33123
697	39023
698	37771
699	29823
700	34333
701	32818
702	31945
703	30715
704	24641
705	31241
706	20279
707	23310
708	20449
709	24531
710	18676
711	20232
712	20747
713	19773
714	16742
715	17422
716	18706
717	19085
718	19581
719	19483
720	19916
721	19009
722	19026
723	19281
724	19128
725	19493
726	18463
727	17023
728	17130
729	18923
730	18871
731	17146
732	18049
733	13268
734	15643
735	15431
736	16434
737	17014
738	17960
739	16597
740	14610
741	13314
742	12082
743	15253
744	18284
745	20736
746	18798
747	26005
748	22776
749	25187
750	18332
751	18194
752	25116
753	23027
754	21008
755	20942
756	19749
757	16794
758	15203
759	17210
760	17668
761	17790
762	16223
763	16133
764	13746
765	15200
766	16335
767	16050
768	15208
769	15011
770	18292
771	13979
772	15239
773	17799
774	16914
775	16620
776	16526
777	18939
778	16644
779	20658
780	16000
781	16604
782	16746
783	18944
784	15689
785	19625
786	20630
787	17429
788	24901
789	32325
790	39187
791	24801
792	16878
793	14442
794	13661
795	9479
796	12130
797	12372
798	10504
799	11700
800	10654
801	10100
802	10860
803	10735
804	9701
805	9172
806	9766
807	10202
808	10113
809	9038
810	10770
811	10001
812	10322
813	10781
814	11500
815	8683
816	10994
817	10535
818	10779
819	10713
820	10443
821	8181
822	10614
823	11232
824	10859
825	9652
826	9022
827	10125
828	10915
829	7992
830	9453
831	10602
832	9414
833	9892
834	10931
835	10363
836	10652
837	9172
838	12741
839	12598
840	12577
841	12229
842	13846
843	14036
844	16372
845	20341
846	22893
847	23990
848	21327
849	18907
850	20608
851	18275
852	20404
853	18693
854	15705
855	17422
856	19552
857	21949
858	20572
859	19460
860	21147
861	21758
862	23368
863	26974
864	29294
865	27188
866	27074
867	24593
868	27719
869	27229
870	29252
871	27949
872	30271
873	33258
874	34204
875	30941
876	25017
877	32875
878	29069
879	32768
880	28928
881	26566
882	25001
883	19901
884	30013
885	26784
886	23185
887	20782
888	21569
889	24912
890	19920
891	25868
892	24741
893	27650
894	23657
895	20146
896	21113
897	20264
898	18711
899	20180
900	20098
901	21539
902	18613
903	18239
904	21716
905	25553
906	27068
907	21081
908	25099
909	28588
910	28341
911	27211
912	26958
913	25364
914	22206
915	22073
916	24851
917	27514
918	22176
919	31166
920	26239
921	36725
922	30690
923	28867
924	36435
925	30648
926	33273
927	32974
928	37128
929	34653
930	31193
931	30021
932	28084
933	22398
934	24067
935	27211
936	22525
937	25596
938	23440
939	24792
940	35490
941	30018
942	25637
943	28488
944	26680
945	25509
946	24245
947	29405
948	28575
949	24755
950	24022
951	24409
952	23399
953	24959
954	27841
955	26824
956	25470
957	20434
958	26686
959	28096
960	23237
961	21965
962	24805
963	28777
964	22554
965	25838
966	26661
967	31389
968	24749
969	24454
970	26824
971	25285
972	24692
973	26104
974	25316
975	23277
976	19876
977	20267
978	20706
979	18607
980	16274
981	17560
982	13693
983	15574
984	13243
985	10701
986	12195
987	12131
988	11156
989	10953
990	11357
991	11658
992	11566
993	11958
994	11686
995	9397
996	10144
997	12416
998	11740
999	12279
1000	11970
1001	10289
1002	11002
1003	11831
1004	11661
1005	11551
1006	11420
1007	11995
1008	10776
1009	10911
1010	8771
1011	9482
1012	9833
1013	10760
1014	10075
1015	11124
1016	11103
1017	9941
1018	11070
1019	9880
1020	10632
1021	9947
1022	9895
1023	10428
1024	11194
1025	12536
1026	13881
1027	10857
1028	13362
1029	11296
1030	13054
1031	11984
1032	16094
1033	22031
1034	20542
1035	25773
1036	17698
1037	17595
1038	20102
1039	15277
1040	15072
1041	3373
1042	0
1043	0
1044	13321
1045	17574
1046	18203
1047	20583
1048	22012
1049	25305
1050	24902
1051	22517
1052	22881
1053	22562
1054	20414
1055	23073
1056	33802
1057	26248
1058	21037
1059	22613
1060	17553
1061	22395
1062	24161
1063	22551
1064	25399
1065	28690
1066	26962
1067	23621
1068	25620
1069	23117
1070	22738
1071	22699
1072	23031
1073	18995
1074	20944
1075	20494
1076	18418
1077	20267
1078	16603
1079	17941
1080	19657
1081	18557
1082	18515
1083	20488
1084	25719
1085	23394
1086	27130
1087	19873
1088	17953
1089	22172
1090	22450
1091	20453
1092	22708
1093	20510
1094	26717
1095	26198
1096	30353
1097	22789
1098	23759
1099	25370
1100	25480
1101	23096
1102	24314
1103	26492
1104	31756
1105	31830
1106	28560
1107	26718
1108	31517
1109	29477
1110	31196
1111	29310
1112	30215
1113	32298
1114	32698
1115	30626
1116	26607
1117	31562
1118	26289
1119	26699
1120	26852
1121	28426
1122	27406
1123	27741
1124	23281
1125	23544
1126	25677
1127	24500
1128	25550
1129	26133
1130	23744
1131	23331
1132	17659
1133	21171
1134	25184
1135	23062
1136	21828
1137	20944
1138	22575
1139	25403
1140	26022
1141	18496
1142	21894
1143	24246
1144	21778
1145	22949
1146	21916
1147	21529
1148	20883
1149	26261
1150	30469
1151	27238
1152	24462
1153	16556
1154	16649
1155	14679
1156	15208
1157	11885
1158	11645
1159	10195
1160	12133
1161	11351
1162	10542
1163	11317
1164	11321
1165	9284
1166	10478
1167	9758
1168	9780
1169	9453
1170	10713
1171	10326
1172	10898
1173	10512
1174	9215
1175	10706
1176	10881
1177	9729
1178	11371
1179	11826
1180	11032
1181	9873
1182	10711
1183	13460
1184	16429
1185	18693
1186	17022
1187	15682
1188	17526
1189	17690
1190	16395
1191	20782
1192	19862
1193	19784
1194	15623
1195	17448
1196	19545
1197	22808
1198	19359
1199	21817
1200	27893
1201	27872
1202	29271
1203	25755
1204	26545
1205	27815
1206	24452
1207	26370
1208	23814
1209	22888
1210	25137
1211	18890
1212	22221
1213	27824
1214	25717
1215	22281
1216	27222
1217	21213
1218	26275
1219	23875
1220	24505
1221	26219
1222	24472
1223	19220
1224	14673
1225	13921
1226	11142
1227	13039
1228	10754
1229	11921
1230	12279
1231	11746
1232	15188
1233	15788
1234	10259
1235	11664
1236	9873
1237	9673
1238	11363
1239	10421
1240	10130
1241	9816
1242	10738
1243	9633
1244	9827
1245	9206
1246	9504
1247	8617
1248	9455
1249	10830
1250	9490
1251	8550
1252	7576
1253	8507
1254	9144
1255	9576
1256	9538
1257	9806
1258	8933
1259	9253
1260	8259
1261	8222
1262	8866
1263	7675
1264	8082
1265	9670
1266	8180
1267	9821
1268	8898
1269	9077
1270	9441
1271	9128
1272	10375
1273	8899
1274	8510
1275	9152
1276	9702
1277	9966
1278	11416
1279	7933
1280	8490
1281	8248
1282	8975
1283	9010
1284	7706
1285	8159
1286	8731
1287	7039
1288	8667
1289	8610
1290	8187
1291	9263
1292	7292
1293	8938
1294	9047
1295	8877
1296	9039
1297	9837
1298	10008
1299	8685
1300	8501
1301	9290
1302	10935
1303	11357
1304	9427
1305	8691
1306	8742
1307	8376
1308	9805
1309	8845
1310	8513
1311	8574
1312	9946
1313	8843
1314	8829
1315	8391
1316	8393
1317	8908
1318	8336
1319	8346
1320	9363
1321	10610
1322	9387
1323	9613
1324	10511
1325	10577
1326	12745
1327	15194
1328	10585
1329	8075
1330	9480
1331	10597
1332	7783
1333	8848
1334	8667
1335	8130
1336	8310
1337	8391
1338	8954
1339	9299
1340	10413
1341	9713
1342	9970
1343	9748
1344	11063
1345	10647
1346	13403
1347	12480
1348	11246
1349	15805
1350	15649
1351	18053
1352	22336
1353	20121
1354	17443
1355	16230
1356	18784
1357	23277
1358	20818
1359	22750
1360	22665
1361	23040
1362	22180
1363	15816
1364	12339
1365	12257
1366	11228
1367	11178
1368	8409
1369	10953
1370	9477
1371	11213
1372	9331
1373	9205
1374	8942
1375	8039
1376	8419
1377	10102
1378	8327
1379	9043
1380	8283
1381	8237
1382	9201
1383	9013
1384	8891
1385	9191
1386	8923
1387	9439
1388	8972
1389	8095
1390	9653
1391	8203
1392	7340
1393	9934
1394	9652
1395	9020
1396	8703
1397	8496
1398	9527
1399	9107
1400	8281
1401	10561
1402	10501
1403	9787
1404	10488
1405	10329
1406	10727
1407	11201
1408	9475
1409	9817
1410	10057
1411	11953
1412	10311
1413	20522
1414	10240
1415	10096
1416	16046
1417	15783
1418	18576
1419	13976
1420	11221
1421	10676
1422	9428
1423	9086
1424	9216
1425	10135
1426	11623
1427	10850
1428	13034
1429	11843
1430	17172
1431	15099
1432	17867
1433	16394
1434	18122
1435	19242
1436	25767
1437	26185
1438	27399
1439	21567
1440	21064
1441	25097
1442	22291
1443	27597
1444	27253
1445	15235
1446	6490
1447	23956
1448	18497
1449	17600
1450	20856
1451	17217
1452	17312
1453	19756
1454	15098
1455	22558
1456	21168
1457	22126
1458	20397
1459	19985
1460	19169
1461	20091
1462	19860
1463	17223
1464	18885
1465	17638
1466	18363
1467	15127
1468	16955
1469	16334
1470	15473
1471	16585
1472	14574
1473	13763
1474	14438
1475	14858
1476	16690
1477	17530
1478	15344
1479	16334
1480	16769
1481	21261
1482	17630
1483	17346
1484	16383
1485	19429
1486	17813
1487	22452
1488	22199
1489	19573
1490	25582
1491	22001
1492	20663
1493	23441
1494	17291
1495	20777
1496	19471
1497	18185
1498	16982
1499	15305
1500	16654
1501	19191
1502	13893
1503	14198
1504	13432
1505	13961
1506	17438
1507	16785
1508	14000
1509	16449
1510	12629
1511	16557
1512	18045
1513	19699
1514	9532
1515	10789
1516	17033
1517	18652
1518	16982
1519	17510
1520	15869
1521	19403
1522	17928
1523	16752
1524	16613
1525	17789
1526	18666
1527	16870
1528	20270
1529	21312
1530	20126
1531	17880
1532	17395
1533	17210
1534	18036
1535	17302
1536	19871
1537	18428
1538	21200
1539	18063
1540	20698
1541	18825
1542	21188
1543	23756
1544	17322
1545	20937
1546	19118
1547	24087
1548	25510
1549	22605
1550	21233
1551	20452
1552	19954
1553	20007
1554	28334
1555	22930
1556	27563
1557	25313
1558	22775
1559	21918
1560	9423
1561	0
