	K562_combined
0	0.0
1	0.0
2	0.0
3	0.0
4	0.0
5	0.0
6	0.0
7	0.0
8	0.0
9	0.0
10	0.0
11	0.0
12	0.0
13	0.0
14	0.0
15	0.0
16	0.0
17	0.0
18	0.0
19	0.0
20	0.0
21	0.0
22	0.0
23	0.0
24	0.0
25	0.0
26	0.0
27	0.0
28	0.0
29	0.0
30	0.0
31	0.0
32	0.0
33	0.0
34	0.0
35	0.0
36	0.0
37	0.0
38	0.0
39	0.0
40	0.0
41	0.0
42	0.0
43	0.0
44	0.0
45	0.0
46	0.0
47	0.0
48	0.0
49	0.0
50	0.0
51	0.0
52	0.0
53	0.0
54	0.0
55	0.0
56	0.0
57	0.0
58	0.0
59	0.0
60	0.0
61	0.0
62	0.0
63	0.0
64	0.0
65	0.0
66	0.0
67	0.0
68	0.0
69	0.0
70	0.0
71	0.0
72	0.0
73	0.0
74	0.0
75	0.0
76	0.0
77	0.0
78	0.0
79	0.0
80	0.0
81	0.0
82	0.0
83	0.0
84	0.0
85	0.0
86	0.0
87	0.0
88	0.0
89	0.0
90	0.0
91	0.0
92	0.0
93	0.0
94	0.0
95	0.0
96	0.0
97	0.0
98	0.0
99	0.0
100	0.0
101	0.0
102	0.0
103	0.0
104	0.0
105	0.0
106	0.0
107	0.0
108	0.0
109	0.0
110	0.0
111	0.0
112	0.0
113	0.0
114	0.0
115	0.0
116	0.0
117	0.0
118	0.0
119	0.0
120	0.0
121	0.0
122	0.0
123	0.0
124	0.0
125	0.0
126	0.0
127	0.0
128	0.0
129	0.0
130	0.0
131	0.0
132	0.0
133	0.0
134	0.0
135	0.0
136	0.0
137	0.0
138	0.0
139	0.0
140	0.0
141	0.0
142	0.0
143	0.0
144	0.0
145	0.0
146	0.0
147	0.0
148	0.0
149	0.0
150	0.0
151	0.0
152	0.0
153	0.0
154	0.0
155	0.0
156	0.0
157	0.0
158	0.0
159	0.0
160	0.0
161	0.0
162	0.0
163	0.0
164	0.0
165	0.0
166	0.0
167	0.0
168	0.0
169	0.0
170	0.0
171	0.0
172	0.0
173	0.0
174	0.0
175	0.0
176	0.0
177	0.0
178	0.0
179	0.0
180	0.0
181	0.0
182	0.0
183	0.0
184	0.0
185	0.0
186	0.0
187	0.0
188	0.0
189	0.0
190	0.0
191	0.0
192	0.0
193	0.0
194	0.0
195	0.0
196	0.0
197	0.0
198	0.0
199	0.0
200	0.0
201	0.0
202	0.0
203	0.0
204	0.0
205	0.0
206	0.0
207	0.0
208	0.0
209	0.0
210	0.0
211	0.0
212	0.0
213	0.0
214	0.0
215	0.0
216	0.0
217	0.0
218	0.0
219	0.0
220	0.0
221	0.0
222	0.0
223	0.0
224	0.0
225	0.0
226	0.0
227	0.0
228	0.0
229	0.0
230	0.0
231	0.0
232	0.0
233	0.0
234	0.0
235	0.0
236	0.0
237	0.0
238	0.0
239	0.0
240	0.0
241	0.0
242	0.0
243	0.0
244	0.0
245	0.0
246	0.0
247	0.0
248	0.0
249	0.0
250	0.0
251	0.0
252	0.0
253	0.0
254	0.0
255	0.0
256	0.0
257	0.0
258	0.0
259	0.0
260	0.0
261	0.0
262	0.0
263	0.0
264	0.0
265	0.0
266	0.0
267	0.0
268	0.0
269	0.0
270	0.0
271	0.0
272	0.0
273	0.0
274	0.0
275	0.0
276	0.0
277	0.0
278	0.0
279	0.0
280	0.0
281	0.0
282	0.0
283	0.0
284	0.0
285	0.0
286	0.0
287	0.0
288	0.0
289	0.0
290	0.0
291	0.0
292	0.0
293	0.0
294	0.0
295	0.0
296	0.0
297	0.0
298	0.0
299	0.0
300	0.0
301	0.0
302	0.0
303	0.0
304	0.0
305	0.0
306	0.0
307	0.0
308	0.0
309	0.0
310	0.0
311	0.0
312	0.0
313	0.0
314	0.0
315	0.0
316	0.0
317	0.0
318	0.0
319	0.0
320	0.0
321	5136.0
322	5795.0
323	4317.0
324	4109.0
325	4761.0
326	5080.0
327	6445.0
328	4312.0
329	2551.0
330	1629.0
331	1442.0
332	2067.0
333	1417.0
334	0.0
335	0.0
336	5878.0
337	72836.0
338	61184.0
339	15157.0
340	52097.0
341	99238.0
342	68705.0
343	22061.0
344	56837.0
345	41106.0
346	21479.0
347	19588.0
348	36820.0
349	36342.0
350	44811.0
351	49450.0
352	45466.0
353	57955.0
354	51675.0
355	45553.0
356	48073.0
357	43321.0
358	43486.0
359	50714.0
360	59241.0
361	56167.0
362	60012.0
363	53267.0
364	55393.0
365	57875.0
366	63200.0
367	54422.0
368	67097.0
369	57748.0
370	63001.0
371	57710.0
372	45631.0
373	7634.0
374	4801.0
375	7284.0
376	18422.0
377	26484.0
378	38618.0
379	137730.0
380	134497.0
381	147745.0
382	169844.0
383	185459.0
384	162001.0
385	180096.0
386	166277.0
387	163155.0
388	176639.0
389	152813.0
390	149307.0
391	162122.0
392	187211.0
393	205085.0
394	148963.0
395	193441.0
396	176871.0
397	176817.0
398	182982.0
399	150311.0
400	190075.0
401	157761.0
402	145084.0
403	134876.0
404	144388.0
405	130373.0
406	54843.0
407	7431.0
408	7986.0
409	8763.0
410	1654.0
411	0.0
412	3434.0
413	3332.0
414	103591.0
415	183879.0
416	211287.0
417	192807.0
418	185390.0
419	181192.0
420	142192.0
421	128858.0
422	180656.0
423	186594.0
424	189315.0
425	207106.0
426	206374.0
427	199801.0
428	166520.0
429	58757.0
430	8847.0
431	29207.0
432	22677.0
433	8390.0
434	13979.0
435	24277.0
436	49766.0
437	8135.0
438	173932.0
439	218540.0
440	244758.0
441	233529.0
442	235444.0
443	235240.0
444	216705.0
445	234602.0
446	233654.0
447	239770.0
448	204205.0
449	155373.0
450	186262.0
451	188419.0
452	64658.0
453	105557.0
454	191632.0
455	196580.0
456	201077.0
457	244448.0
458	264315.0
459	201115.0
460	303519.0
461	297245.0
462	299027.0
463	322286.0
464	278950.0
465	311454.0
466	241701.0
467	273704.0
468	252445.0
469	324465.0
470	369379.0
471	383952.0
472	228469.0
473	21904.0
474	25608.0
475	30287.0
476	26978.0
477	34910.0
478	33890.0
479	34572.0
480	32279.0
481	37743.0
482	37008.0
483	33427.0
484	40269.0
485	20584.0
486	11636.0
487	35736.0
488	27870.0
489	28896.0
490	35490.0
491	27144.0
492	31139.0
493	26614.0
494	27193.0
495	30000.0
496	37540.0
497	34060.0
498	38271.0
499	31747.0
500	26653.0
501	26227.0
502	31191.0
503	33398.0
504	31297.0
505	32157.0
506	28190.0
507	29140.0
508	8110.0
509	25526.0
510	26994.0
511	27976.0
512	25634.0
513	19396.0
514	25716.0
515	36546.0
516	30296.0
517	30650.0
518	27705.0
519	29183.0
520	28193.0
521	29787.0
522	37126.0
523	33978.0
524	29358.0
525	30865.0
526	30624.0
527	31738.0
528	24742.0
529	26880.0
530	23653.0
531	24880.0
532	24426.0
533	26286.0
534	30283.0
535	33403.0
536	36589.0
537	36800.0
538	36986.0
539	41247.0
540	41642.0
541	40772.0
542	29417.0
543	31506.0
544	31121.0
545	24890.0
546	28986.0
547	27104.0
548	25944.0
549	26275.0
550	24388.0
551	24913.0
552	27651.0
553	27191.0
554	25579.0
555	23040.0
556	30446.0
557	28350.0
558	28616.0
559	29974.0
560	31232.0
561	35303.0
562	33565.0
563	25024.0
564	12065.0
565	22832.0
566	23048.0
567	26540.0
568	29488.0
569	24084.0
570	28756.0
571	20392.0
572	26884.0
573	24914.0
574	24002.0
575	24266.0
576	27440.0
577	24228.0
578	25898.0
579	28602.0
580	30101.0
581	27186.0
582	35378.0
583	34815.0
584	37248.0
585	38352.0
586	34119.0
587	30224.0
588	36316.0
589	32934.0
590	33145.0
591	39116.0
592	32056.0
593	32082.0
594	32612.0
595	37166.0
596	32219.0
597	33297.0
598	34491.0
599	40973.0
600	35230.0
601	36511.0
602	33097.0
603	40127.0
604	37362.0
605	30560.0
606	31397.0
607	30635.0
608	35927.0
609	27003.0
610	26055.0
611	28193.0
612	36072.0
613	35143.0
614	37857.0
615	34775.0
616	41350.0
617	38213.0
618	39358.0
619	32646.0
620	42125.0
621	39534.0
622	40136.0
623	35891.0
624	30190.0
625	32561.0
626	31349.0
627	31865.0
628	32201.0
629	41079.0
630	37748.0
631	33159.0
632	34361.0
633	34400.0
634	36455.0
635	36744.0
636	31438.0
637	33093.0
638	32267.0
639	30841.0
640	36462.0
641	35160.0
642	36955.0
643	37223.0
644	33523.0
645	36664.0
646	41163.0
647	33614.0
648	28396.0
649	29521.0
650	24147.0
651	24406.0
652	24105.0
653	21836.0
654	22287.0
655	27816.0
656	31456.0
657	29183.0
658	30959.0
659	30540.0
660	33473.0
661	6685.0
662	30879.0
663	27978.0
664	33523.0
665	32556.0
666	24492.0
667	26360.0
668	23883.0
669	22382.0
670	19008.0
671	17709.0
672	17475.0
673	19829.0
674	20521.0
675	14844.0
676	17463.0
677	16053.0
678	17514.0
679	15278.0
680	13008.0
681	14026.0
682	14555.0
683	15391.0
684	15185.0
685	17311.0
686	16501.0
687	13908.0
688	13193.0
689	14413.0
690	13498.0
691	14474.0
692	13523.0
693	13274.0
694	11436.0
695	13352.0
696	13497.0
697	14791.0
698	12242.0
699	12342.0
700	16240.0
701	15207.0
702	15802.0
703	16896.0
704	17275.0
705	19539.0
706	18985.0
707	21798.0
708	26329.0
709	30226.0
710	33273.0
711	27340.0
712	33688.0
713	26115.0
714	33077.0
715	39187.0
716	34282.0
717	34543.0
718	34625.0
719	34492.0
720	34545.0
721	24009.0
722	35151.0
723	23790.0
724	24929.0
725	28430.0
726	27022.0
727	30020.0
728	30644.0
729	37074.0
730	39234.0
731	35471.0
732	42075.0
733	36901.0
734	36411.0
735	50543.0
736	41314.0
737	40443.0
738	37276.0
739	33705.0
740	32969.0
741	28545.0
742	29410.0
743	30848.0
744	31101.0
745	31375.0
746	29569.0
747	30045.0
748	35599.0
749	31044.0
750	35432.0
751	35760.0
752	38384.0
753	35604.0
754	29757.0
755	30386.0
756	33346.0
757	36144.0
758	36128.0
759	39251.0
760	37026.0
761	38944.0
762	37066.0
763	34759.0
764	36638.0
765	38355.0
766	33581.0
767	34949.0
768	37657.0
769	34084.0
770	37889.0
771	38797.0
772	35011.0
773	38203.0
774	35864.0
775	19409.0
776	36037.0
777	30737.0
778	31131.0
779	31814.0
780	30258.0
781	34720.0
782	36125.0
783	33875.0
784	32284.0
785	27588.0
786	32816.0
787	30028.0
788	33764.0
789	36874.0
790	32168.0
791	35143.0
792	36436.0
793	35841.0
794	38464.0
795	37941.0
796	34269.0
797	41819.0
798	40132.0
799	31776.0
800	37472.0
801	26926.0
802	33656.0
803	30613.0
804	27899.0
805	30391.0
806	36567.0
807	40340.0
808	42017.0
809	34719.0
810	29966.0
811	32184.0
812	32287.0
813	32477.0
814	33889.0
815	35014.0
816	29704.0
817	31887.0
818	32676.0
819	30865.0
820	37852.0
821	38094.0
822	35054.0
823	28190.0
824	27061.0
825	30922.0
826	33104.0
827	32480.0
828	34440.0
829	34692.0
830	27773.0
831	30798.0
832	31787.0
833	34879.0
834	37719.0
835	36506.0
836	38464.0
837	38450.0
838	43184.0
839	37347.0
840	32044.0
841	38058.0
842	39309.0
843	36803.0
844	41070.0
845	35376.0
846	28682.0
847	37233.0
848	26367.0
849	31366.0
850	26553.0
851	33238.0
852	31559.0
853	32906.0
854	30505.0
855	34498.0
856	42311.0
857	33220.0
858	30299.0
859	26595.0
860	34814.0
861	38943.0
862	37328.0
863	34336.0
864	33246.0
865	34794.0
866	33034.0
867	33457.0
868	36627.0
869	38747.0
870	37177.0
871	31833.0
872	33582.0
873	32279.0
874	28994.0
875	30371.0
876	27679.0
877	24269.0
878	23671.0
879	21441.0
880	22919.0
881	22457.0
882	20430.0
883	23685.0
884	27979.0
885	26290.0
886	29999.0
887	30931.0
888	35654.0
889	34220.0
890	28590.0
891	26129.0
892	23741.0
893	25733.0
894	23148.0
895	26862.0
896	23136.0
897	26340.0
898	28222.0
899	27380.0
900	26663.0
901	33152.0
902	31725.0
903	26278.0
904	27397.0
905	27112.0
906	26555.0
907	24469.0
908	26397.0
909	27947.0
910	24089.0
911	28196.0
912	31959.0
913	33651.0
914	29218.0
915	25504.0
916	31461.0
917	28087.0
918	31548.0
919	34456.0
920	31897.0
921	29474.0
922	26359.0
923	23956.0
924	23129.0
925	21746.0
926	27001.0
927	27709.0
928	35557.0
929	26676.0
930	31163.0
931	34216.0
932	31887.0
933	32949.0
934	33548.0
935	33408.0
936	29242.0
937	32679.0
938	33297.0
939	34297.0
940	30601.0
941	25135.0
942	34138.0
943	34309.0
944	31816.0
945	29026.0
946	29405.0
947	30078.0
948	24082.0
949	28517.0
950	28284.0
951	24696.0
952	24625.0
953	26303.0
954	25934.0
955	24072.0
956	21409.0
957	20968.0
958	20857.0
959	25291.0
960	28335.0
961	29234.0
962	21204.0
963	29341.0
964	30264.0
965	22711.0
966	22483.0
967	21004.0
968	21778.0
969	24254.0
970	21448.0
971	20453.0
972	20067.0
973	20934.0
974	21210.0
975	22974.0
976	20611.0
977	20804.0
978	20306.0
979	17089.0
980	17276.0
981	21016.0
982	22547.0
983	18822.0
984	19812.0
985	18267.0
986	19022.0
987	16932.0
988	19713.0
989	20751.0
990	19896.0
991	22863.0
992	21561.0
993	23057.0
994	27595.0
995	25173.0
996	27728.0
997	23689.0
998	25983.0
999	27738.0
1000	22494.0
1001	30819.0
1002	23642.0
1003	25847.0
1004	30782.0
1005	28169.0
1006	29016.0
1007	9953.0
1008	22088.0
1009	26801.0
1010	32732.0
1011	31740.0
1012	26471.0
1013	27587.0
1014	25424.0
1015	27503.0
1016	31032.0
1017	24623.0
1018	28455.0
1019	32074.0
1020	35228.0
1021	31634.0
1022	25202.0
1023	23866.0
1024	8786.0
1025	0.0
1026	0.0
