	K562_combined
0	0
1	22420
2	22598
3	27340
4	30649
5	38645
6	41965
7	44763
8	34823
9	36067
10	38470
11	39997
12	40489
13	40102
14	43390
15	34038
16	40830
17	36893
18	34874
19	35353
20	35134
21	34650
22	35759
23	45107
24	32136
25	38229
26	37911
27	33993
28	37063
29	31472
30	26192
31	8363
32	27102
33	29126
34	27429
35	30445
36	29018
37	28391
38	30309
39	31368
40	26929
41	32338
42	34063
43	26857
44	30443
45	33747
46	30714
47	30560
48	31640
49	33306
50	32318
51	31146
52	36663
53	32701
54	30198
55	40558
56	32211
57	37354
58	32837
59	36944
60	40358
61	36862
62	37351
63	41055
64	38722
65	35077
66	32442
67	36850
68	37172
69	28957
70	27095
71	30321
72	32708
73	36763
74	34446
75	38624
76	38776
77	40474
78	35551
79	33750
80	41388
81	43046
82	37838
83	43299
84	36445
85	29138
86	28298
87	25909
88	24883
89	23727
90	25454
91	31992
92	31787
93	35639
94	30710
95	33307
96	29718
97	31044
98	33001
99	35413
100	36638
101	38872
102	33124
103	32894
104	24087
105	22724
106	21930
107	22125
108	27370
109	28152
110	33464
111	32025
112	38597
113	38983
114	40416
115	39102
116	33679
117	26620
118	31421
119	28584
120	31667
121	27942
122	22797
123	16874
124	16603
125	15123
126	15493
127	16334
128	12903
129	13850
130	13324
131	14909
132	14202
133	15574
134	15170
135	14333
136	14936
137	14587
138	13595
139	12639
140	13516
141	12209
142	10797
143	12879
144	12059
145	11678
146	12311
147	11351
148	12445
149	13758
150	11846
151	12321
152	11965
153	11557
154	13408
155	13604
156	12887
157	15343
158	15508
159	19338
160	17109
161	15650
162	15434
163	13955
164	13173
165	12693
166	12639
167	14473
168	11118
169	12850
170	10986
171	11341
172	12923
173	14425
174	16124
175	16929
176	18147
177	16540
178	21074
179	17106
180	21460
181	16197
182	20097
183	19968
184	17837
185	17516
186	20977
187	17501
188	17880
189	17167
190	17487
191	17848
192	15671
193	13467
194	12306
195	12725
196	12026
197	14960
198	24291
199	14871
200	15877
201	15519
202	14349
203	14507
204	20810
205	16419
206	22606
207	19929
208	29216
209	25007
210	24955
211	25542
212	25111
213	18335
214	17733
215	17211
216	14959
217	15121
218	13701
219	12851
220	12475
221	12868
222	12221
223	12504
224	13379
225	12014
226	12781
227	12807
228	11907
229	11759
230	13527
231	10825
232	12248
233	15013
234	12159
235	12897
236	13471
237	16481
238	16041
239	14028
240	14759
241	13323
242	10775
243	9255
244	13830
245	14732
246	9852
247	13221
248	10618
249	13508
250	10891
251	10624
252	11041
253	12301
254	12469
255	11355
256	12235
257	14418
258	13452
259	13095
260	15608
261	15565
262	17608
263	14009
264	16931
265	24106
266	21656
267	19485
268	20877
269	20294
270	20584
271	23200
272	27414
273	26647
274	23718
275	25296
276	21898
277	23224
278	16494
279	15248
280	15793
281	14400
282	12401
283	12638
284	11713
285	10984
286	12534
287	11522
288	12529
289	9673
290	11821
291	10443
292	12777
293	13046
294	11930
295	10407
296	9607
297	12207
298	11248
299	11721
300	12129
301	10143
302	8315
303	10362
304	11329
305	11783
306	10306
307	11154
308	11254
309	12067
310	11835
311	12279
312	11964
313	13303
314	9953
315	11928
316	11842
317	12367
318	12492
319	10664
320	12962
321	13733
322	14678
323	19493
324	19904
325	17487
326	18083
327	21204
328	18985
329	21569
330	23948
331	21985
332	20640
333	20135
334	23139
335	18788
336	13008
337	13997
338	13943
339	12425
340	13019
341	14952
342	12056
343	13974
344	14548
345	14290
346	17672
347	19917
348	21959
349	25897
350	27698
351	24688
352	29375
353	29645
354	27100
355	25452
356	31379
357	33129
358	34994
359	29577
360	31380
361	26750
362	27934
363	25172
364	24039
365	24390
366	21045
367	24554
368	25802
369	26453
370	26750
371	27142
372	26011
373	25316
374	23670
375	24277
376	22433
377	19738
378	17459
379	17006
380	16316
381	15525
382	15391
383	15835
384	18255
385	19962
386	16910
387	18282
388	18472
389	22865
390	18907
391	23303
392	21766
393	18753
394	18528
395	20444
396	21616
397	20716
398	23725
399	23142
400	18951
401	20036
402	16348
403	18241
404	18041
405	17443
406	17782
407	22354
408	19069
409	20270
410	18011
411	17846
412	17978
413	23615
414	23847
415	20983
416	26113
417	19238
418	23279
419	23482
420	20582
421	22488
422	23243
423	23329
424	20044
425	25093
426	23449
427	17389
428	19803
429	20850
430	20101
431	20976
432	20567
433	20076
434	16464
435	14988
436	14706
437	12026
438	12367
439	14320
440	13032
441	11977
442	13566
443	14247
444	18719
445	21935
446	24976
447	30792
448	28713
449	22070
450	25549
451	23378
452	21506
453	25169
454	25074
455	25362
456	26571
457	26706
458	29028
459	26978
460	31549
461	30183
462	34645
463	35194
464	28561
465	30497
466	37496
467	26379
468	22130
469	20266
470	22021
471	21101
472	27743
473	23529
474	21003
475	19676
476	18877
477	21619
478	19897
479	21672
480	18024
481	19289
482	20660
483	15712
484	16773
485	19190
486	17933
487	17705
488	17945
489	20343
490	17404
491	17789
492	20326
493	18882
494	19599
495	21077
496	19890
497	20860
498	24674
499	28214
500	28120
501	23662
502	24664
503	28108
504	28729
505	30938
506	25825
507	29585
508	25582
509	24220
510	22632
511	25825
512	23581
513	22372
514	17422
515	3085
516	21137
517	17543
518	18151
519	15407
520	612
521	12667
522	19109
523	12568
524	26788
525	18812
526	10521
527	0
528	0
529	0
530	0
531	0
532	0
533	0
534	0
535	0
536	0
537	0
538	0
539	0
540	0
541	0
542	0
543	0
544	0
545	0
546	0
547	0
548	0
549	0
550	0
551	0
552	0
553	0
554	0
555	0
556	0
557	0
558	0
559	0
560	0
561	0
562	0
563	0
564	0
565	0
566	0
567	0
568	0
569	0
570	0
571	0
572	0
573	0
574	0
575	0
576	0
577	0
578	0
579	0
580	0
581	0
582	0
583	0
584	0
585	0
586	0
587	0
588	9142
589	13281
590	26959
591	36982
592	39107
593	10670
594	0
595	0
596	17592
597	20242
598	22573
599	33448
600	34623
601	42382
602	53233
603	53736
604	57021
605	64595
606	54552
607	45605
608	51136
609	50058
610	44316
611	56011
612	51780
613	51872
614	49724
615	52839
616	59654
617	50633
618	49727
619	45157
620	47362
621	48343
622	61903
623	60328
624	66766
625	60536
626	58010
627	54021
628	52678
629	55426
630	41372
631	52147
632	45667
633	40517
634	43565
635	43969
636	49762
637	54722
638	64925
639	47135
640	60372
641	51987
642	47491
643	43307
644	49242
645	50529
646	57223
647	55687
648	56467
649	57932
650	52102
651	47180
652	53000
653	54226
654	49435
655	46384
656	41920
657	56675
658	56479
659	47679
660	43264
661	41217
662	54475
663	45965
664	43274
665	50013
666	49863
667	47174
668	51196
669	54247
670	58111
671	52082
672	42742
673	46184
674	52306
675	45752
676	51021
677	54888
678	52343
679	38871
680	49589
681	47675
682	53126
683	55588
684	50851
685	48255
686	49667
687	52582
688	48972
689	51946
690	51590
691	55554
692	52621
693	54362
694	54948
695	59640
696	49800
697	42285
698	2197
699	43928
700	51635
701	60644
702	49472
703	54904
704	56609
705	52926
706	50309
707	46436
708	54477
709	52985
710	55550
711	49730
712	42947
713	45038
714	53088
715	49794
716	54494
717	62625
718	60459
719	59172
720	47007
721	39054
722	50043
723	56096
724	47940
725	48667
726	41092
727	41416
728	43851
729	45823
730	45959
731	46037
732	49545
733	46999
734	51404
735	62678
736	51305
737	47759
738	49361
739	53830
740	52733
741	56970
742	43602
743	43553
744	45356
745	55742
746	56888
747	55023
748	48378
749	54962
750	52470
751	55300
752	47276
753	47976
754	42059
755	37241
756	35935
757	28686
758	26820
759	25121
760	20954
761	23678
762	18518
763	21949
764	19536
765	20060
766	19874
767	17123
768	15213
769	18633
770	21321
771	18262
772	18379
773	18192
774	19414
775	21883
776	17583
777	20552
778	22603
779	23530
780	24450
781	29035
782	26244
783	27932
784	29163
785	27897
786	39055
787	33342
788	41688
789	37381
790	38608
791	44374
792	51932
793	49850
794	49955
795	52818
796	44410
797	36815
798	40645
799	52829
800	44693
801	46261
802	43891
803	37144
804	41762
805	47331
806	51704
807	35455
808	33492
809	30679
810	32689
811	32711
812	29966
813	31672
814	32072
815	28428
816	29748
817	28195
818	25147
819	24171
820	23513
821	24312
822	23572
823	24540
824	20346
825	23385
826	25378
827	36625
828	26237
829	28266
830	27290
831	28024
832	26556
833	28199
834	31483
835	32000
836	35341
837	37306
838	33445
839	38764
840	36015
841	49974
842	46951
843	51553
844	48881
845	50804
846	52736
847	46042
848	38070
849	42462
850	34233
851	45820
852	47333
853	41814
854	42480
855	41965
856	45795
857	43296
858	47200
859	41977
860	52218
861	50302
862	47192
863	48295
864	44276
865	54505
866	46708
867	41736
868	43200
869	46830
870	43163
871	53314
872	41667
873	41889
874	49127
875	39869
876	35930
877	40461
878	46988
879	52262
880	46987
881	49040
882	48177
883	44836
884	34086
885	37610
886	34554
887	39471
888	57381
889	60766
890	63317
891	55943
892	54057
893	52526
894	48836
895	52673
896	45142
897	49870
898	44410
899	52588
900	47802
901	41275
902	37286
903	46714
904	42741
905	43908
906	56593
907	47871
908	41268
909	38344
910	34946
911	44000
912	43525
913	45912
914	44189
915	52842
916	56422
917	49075
918	54021
919	65138
920	62531
921	55827
922	51691
923	48424
924	46882
925	41172
926	50377
927	50690
928	40475
929	33274
930	42757
931	37489
932	37253
933	37977
934	43101
935	47984
936	41124
937	36437
938	40267
939	33581
940	36077
941	39283
942	48752
943	40630
944	48018
945	48343
946	51766
947	41368
948	51149
949	56712
950	59246
951	44778
952	41353
953	48371
954	48740
955	46680
956	49229
957	48101
958	54728
959	50845
960	57862
961	49390
962	43297
963	46150
964	55684
965	44952
966	51530
967	57428
968	53042
969	50351
970	49342
971	54937
972	56438
973	58346
974	54690
975	61671
976	52604
977	57883
978	54323
979	62498
980	58911
981	62420
982	59350
983	46820
984	50489
985	58660
986	59620
987	47555
988	61265
989	58517
990	42859
991	45984
992	52429
993	50749
994	43827
995	42288
996	39547
997	39240
998	44672
999	55457
1000	45332
1001	51040
1002	49264
1003	46191
1004	49128
1005	45510
1006	42239
1007	38419
1008	41646
1009	43005
1010	40329
1011	49567
1012	39758
1013	38757
1014	42532
1015	37490
1016	36171
1017	33219
1018	29272
1019	32065
1020	29881
1021	25978
1022	21911
1023	25770
1024	26811
1025	27526
1026	25183
1027	25214
1028	24457
1029	22828
1030	25522
1031	29623
1032	28772
1033	35471
1034	34111
1035	48220
1036	38519
1037	38292
1038	41266
1039	39625
1040	39437
1041	32111
1042	33340
1043	50075
1044	47455
1045	50547
1046	51387
1047	52777
1048	47992
1049	40257
1050	42319
1051	36167
1052	28627
1053	39798
1054	35184
1055	35428
1056	35453
1057	24926
1058	18059
1059	17514
1060	19660
1061	18590
1062	18062
1063	17728
1064	23013
1065	27229
1066	18902
1067	16414
1068	17637
1069	16640
1070	17014
1071	16791
1072	21445
1073	19478
1074	25922
1075	17501
1076	15953
1077	16103
1078	15287
1079	14340
1080	17489
1081	16166
1082	15031
1083	16305
1084	16987
1085	16146
1086	17923
1087	15428
1088	14037
1089	18398
1090	19600
1091	19293
1092	19793
1093	19443
1094	22509
1095	27375
1096	24212
1097	25279
1098	43928
1099	52217
1100	47540
1101	42123
1102	46106
1103	44082
1104	39034
1105	39767
1106	36535
1107	35837
1108	41337
1109	36355
1110	40288
1111	54325
1112	41246
1113	47944
1114	41959
1115	38060
1116	41640
1117	44959
1118	41156
1119	52822
1120	57874
1121	49297
1122	48755
1123	56404
1124	38993
1125	36176
1126	38481
1127	38272
1128	30093
1129	32592
1130	37892
1131	30649
1132	35979
1133	35110
1134	40466
1135	46160
1136	39617
1137	45055
1138	42284
1139	45546
1140	42641
1141	39703
1142	41892
1143	40111
1144	40445
1145	37120
1146	38687
1147	37461
1148	39099
1149	37214
1150	38860
1151	53199
1152	41313
1153	35596
1154	38221
1155	34587
1156	29850
1157	39698
1158	36773
1159	33929
1160	34463
1161	35976
1162	30282
1163	35983
1164	24457
1165	33372
1166	31823
1167	32060
1168	22475
1169	22618
1170	28637
1171	27444
1172	32538
1173	29370
1174	24278
1175	27652
1176	25440
1177	26371
1178	27522
1179	22735
1180	23563
1181	24100
1182	23094
1183	21448
1184	22591
1185	25422
1186	20144
1187	26236
1188	21257
1189	23590
1190	24278
1191	24745
1192	28869
1193	29740
1194	26217
1195	25592
1196	24080
1197	30048
1198	32527
1199	32837
1200	31274
1201	35129
1202	35458
1203	30295
1204	35211
1205	35314
1206	29119
1207	32288
1208	35076
1209	42799
1210	31761
1211	37452
1212	40167
1213	49140
1214	47128
1215	42716
1216	48122
1217	33307
1218	30754
1219	43151
1220	37676
1221	30354
1222	5775
1223	39221
1224	11206
1225	23862
1226	44186
1227	48040
1228	40723
1229	39663
1230	41298
1231	37661
1232	33322
1233	35859
1234	37106
1235	34536
1236	37944
1237	42218
1238	30524
1239	27253
1240	26595
1241	31550
1242	36076
1243	37386
1244	39142
1245	42506
1246	41028
1247	37508
1248	42552
1249	42601
1250	46627
1251	38405
1252	44309
1253	42533
1254	45498
1255	29561
1256	37898
1257	40703
1258	19424
1259	8308
1260	0
