	K562_combined
0	48910
1	66999
2	27282
3	23225
4	27450
5	25013
6	24116
7	24106
8	27128
9	35932
10	32545
11	31323
12	35620
13	44161
14	29480
15	37836
16	30244
17	36638
18	38623
19	34918
20	21264
21	34185
22	29791
23	32439
24	31673
25	35411
26	31357
27	27674
28	14070
29	15112
30	28170
31	35880
32	36480
33	42461
34	47275
35	35916
36	42155
37	56684
38	41428
39	45181
40	46854
41	39826
42	34377
43	39670
44	46471
45	45148
46	36675
47	48132
48	53411
49	51867
50	45041
51	48183
52	45098
53	44234
54	44332
55	50764
56	40365
57	45570
58	36664
59	49652
60	45483
61	46498
62	37317
63	39984
64	40814
65	35769
66	40405
67	32953
68	35822
69	33103
70	32390
71	41799
72	34447
73	32986
74	33214
75	36473
76	39618
77	29687
78	32982
79	32503
80	34846
81	28974
82	32050
83	35755
84	41054
85	45368
86	40653
87	38696
88	34953
89	36546
90	36578
91	40761
92	41926
93	41908
94	30872
95	41021
96	37705
97	41986
98	37278
99	35978
100	40031
101	30249
102	32525
103	31671
104	28687
105	26887
106	25204
107	30567
108	29709
109	28885
110	26423
111	26595
112	28485
113	27210
114	27718
115	28727
116	36040
117	33217
118	32371
119	36275
120	36953
121	35965
122	34739
123	35141
124	36204
125	43816
126	43463
127	42565
128	44895
129	42707
130	40952
131	49754
132	49115
133	50090
134	57012
135	50775
136	41858
137	50637
138	60791
139	48020
140	53699
141	48082
142	49368
143	42358
144	40154
145	42039
146	37502
147	38151
148	30969
149	33013
150	35925
151	31881
152	35796
153	32643
154	32830
155	38734
156	40368
157	33981
158	34840
159	34925
160	38746
161	34888
162	42844
163	48593
164	45068
165	41973
166	42761
167	41890
168	49769
169	38117
170	48477
171	40947
172	26566
173	39169
174	36040
175	27534
176	19553
177	27893
178	26933
179	22538
180	22305
181	26656
182	24086
183	5775
184	1774
185	828
186	673
187	10377
188	16434
189	10470
190	24133
191	26543
192	27653
193	28684
194	33847
195	34202
196	34698
197	31301
198	36632
199	34610
200	50835
201	39259
202	50594
203	59472
204	61749
205	60884
206	61396
207	41789
208	41696
209	36188
210	36671
211	35531
212	27075
213	27256
214	22856
215	19481
216	19546
217	17955
218	18883
219	18466
220	18713
221	15472
222	15779
223	16205
224	16101
225	18075
226	18935
227	16384
228	20990
229	17690
230	18624
231	16204
232	14405
233	16583
234	16912
235	15315
236	16236
237	14976
238	15686
239	16289
240	17034
241	13714
242	14472
243	15153
244	15030
245	13107
246	14240
247	14511
248	14537
249	17671
250	15323
251	16136
252	20911
253	17164
254	19702
255	14843
256	19944
257	21974
258	16447
259	16126
260	18164
261	22259
262	22226
263	31129
264	27375
265	29696
266	30552
267	31786
268	30492
269	24954
270	30108
271	29399
272	26757
273	20064
274	19013
275	20080
276	19352
277	20001
278	17119
279	19199
280	16540
281	18100
282	18166
283	15317
284	16334
285	17500
286	16966
287	17682
288	15888
289	16043
290	17316
291	17439
292	17467
293	17483
294	19065
295	21428
296	23285
297	31716
298	23078
299	23378
300	25662
301	27578
302	28889
303	29059
304	25481
305	21626
306	23381
307	24471
308	26858
309	31349
310	32281
311	30148
312	28674
313	32474
314	29231
315	27123
316	26902
317	27595
318	30505
319	31485
320	33759
321	33052
322	32036
323	31579
324	35758
325	30365
326	23761
327	25562
328	23527
329	23777
330	19735
331	22712
332	24998
333	23812
334	22409
335	25142
336	23699
337	23103
338	22882
339	23229
340	26181
341	23982
342	21408
343	20262
344	21190
345	26966
346	26254
347	28752
348	30024
349	37270
350	39317
351	43293
352	37375
353	39615
354	34651
355	38634
356	32667
357	26017
358	25502
359	24882
360	29213
361	25540
362	22372
363	21982
364	21093
365	18377
366	19250
367	17319
368	17986
369	19045
370	17757
371	21442
372	16299
373	19472
374	15049
375	14656
376	14308
377	16004
378	14208
379	12902
380	13699
381	14263
382	13654
383	14025
384	13650
385	16597
386	14439
387	15111
388	14178
389	15521
390	15979
391	14030
392	12868
393	15674
394	14647
395	15638
396	13284
397	17484
398	15703
399	14474
400	13189
401	16066
402	13462
403	16244
404	13926
405	13204
406	14242
407	15108
408	18299
409	16538
410	16487
411	17083
412	19132
413	22895
414	20113
415	19980
416	17406
417	16829
418	14556
419	17600
420	18130
421	14890
422	16004
423	13979
424	14642
425	14967
426	15172
427	13905
428	16281
429	15640
430	14059
431	14512
432	17307
433	16640
434	13338
435	17775
436	14839
437	17260
438	15595
439	16143
440	16355
441	17963
442	14599
443	14771
444	14535
445	16489
446	15039
447	18331
448	18263
449	22149
450	21333
451	16323
452	20209
453	18526
454	19266
455	19415
456	20421
457	21978
458	20413
459	18370
460	20795
461	19928
462	19150
463	18577
464	21099
465	16946
466	16749
467	19985
468	18595
469	18637
470	20902
471	19863
472	15153
473	17552
474	20791
475	18430
476	17207
477	18071
478	22489
479	21832
480	23006
481	24565
482	27427
483	28250
484	28398
485	24357
486	23214
487	27006
488	30368
489	28177
490	29653
491	34908
492	34664
493	30209
494	28994
495	34787
496	38170
497	30337
498	31716
499	34344
500	36392
501	37696
502	38295
503	34780
504	34324
505	36639
506	38586
507	32049
508	39479
509	35468
510	32333
511	39536
512	38968
513	37579
514	37007
515	37854
516	38707
517	37599
518	43333
519	39732
520	36804
521	35518
522	31630
523	31749
524	34333
525	30683
526	38285
527	34894
528	30735
529	36618
530	36709
531	31861
532	29297
533	28142
534	26220
535	35589
536	38511
537	40611
538	28099
539	28302
540	27945
541	29072
542	29774
543	21719
544	22901
545	20685
546	22630
547	16984
548	16892
549	16053
550	14063
551	17763
552	16518
553	17751
554	15725
555	15925
556	15456
557	13852
558	15087
559	14925
560	15223
561	12144
562	15289
563	12663
564	15435
565	13011
566	13347
567	16085
568	16416
569	14553
570	11375
571	15538
572	17358
573	21508
574	19687
575	20142
576	17230
577	14777
578	13157
579	12609
580	14186
581	14810
582	15516
583	12832
584	12970
585	12331
586	12996
587	13280
588	11859
589	14250
590	11931
591	14253
592	14371
593	12596
594	13626
595	13318
596	13123
597	14110
598	13482
599	10874
600	14466
601	12356
602	13209
603	13976
604	13843
605	12678
606	14136
607	14821
608	13782
609	13734
610	15309
611	13689
612	14070
613	15453
614	15356
615	15578
616	15538
617	14314
618	13038
619	13016
620	12558
621	15776
622	15851
623	16062
624	17308
625	15590
626	16148
627	14343
628	11636
629	13753
630	16465
631	14070
632	13010
633	13184
634	13379
635	12771
636	8566
637	14465
638	16172
639	19071
640	21853
641	20481
642	16419
643	17428
644	18339
645	16614
646	16053
647	11564
648	14010
649	13042
650	13015
651	14690
652	15177
653	13353
654	13381
655	14850
656	10866
657	13547
658	15527
659	12190
660	12443
661	14100
662	15127
663	11492
664	16039
665	11752
666	13438
667	11838
668	11899
669	14620
670	13253
671	15785
672	15409
673	13403
674	17605
675	13644
676	14089
677	15335
678	11522
679	16943
680	14990
681	15348
682	15178
683	13705
684	15409
685	15389
686	16981
687	13196
688	13091
689	15104
690	13676
691	12084
692	12167
693	12940
694	11435
695	7253
696	5025
697	13068
698	12276
699	11670
700	13127
701	12263
702	16305
703	12443
704	15159
705	13567
706	11458
707	16459
708	13104
709	13841
710	12915
711	11971
712	12180
713	12687
714	16612
715	12965
716	11356
717	15749
718	17214
719	14403
720	14912
721	13372
722	15557
723	15294
724	14125
725	15230
726	17978
727	19314
728	16664
729	17059
730	16248
731	15180
732	16401
733	18068
734	17882
735	17549
736	18157
737	18866
738	19391
739	19523
740	23079
741	18509
742	20235
743	18628
744	20961
745	19347
746	18851
747	20184
748	26771
749	27130
750	25442
751	30096
752	36933
753	37898
754	31711
755	31732
756	37393
757	35416
758	33652
759	36110
760	35062
761	40599
762	39798
763	41535
764	42238
765	39660
766	39005
767	37668
768	38674
769	40118
770	46864
771	38902
772	42824
773	45617
774	42380
775	41022
776	38066
777	40087
778	38675
779	41144
780	40461
781	38511
782	42395
783	39771
784	33047
785	38899
786	34240
787	42190
788	42792
789	44331
790	38650
791	38697
792	41734
793	44021
794	39903
795	39111
796	44497
797	38957
798	39337
799	42897
800	47966
801	42296
802	33937
803	42126
804	51986
805	48937
806	53200
807	41732
808	41485
809	40281
810	46542
811	43819
812	41015
813	39664
814	35942
815	32682
816	33835
817	38067
818	36599
819	31224
820	29912
821	29358
822	26966
823	27956
824	30113
825	29260
826	29184
827	24198
828	24757
829	25419
830	27148
831	28448
832	26418
833	25677
834	27046
835	26261
836	30735
837	25422
838	34750
839	29142
840	30470
841	27928
842	30021
843	31787
844	34591
845	30108
846	26963
847	26499
848	22059
849	22796
850	26178
851	20290
852	18856
853	20626
854	17451
855	16048
856	17116
857	17676
858	15627
859	15795
860	15359
861	13886
862	14654
863	14119
864	15445
865	12663
866	13657
867	14421
868	14653
869	13506
870	11135
871	14890
872	14452
873	14380
874	11731
875	13847
876	13699
877	16419
878	14665
879	12542
880	14355
881	13422
882	15816
883	14087
884	14612
885	12964
886	14121
887	14758
888	12704
889	15549
890	13043
891	14867
892	18307
893	23638
894	22752
895	16689
896	15684
897	16259
898	13005
899	15866
900	13742
901	14101
902	14668
903	16090
904	12911
905	13094
906	13642
907	13514
908	12906
909	12999
910	14348
911	14981
912	14605
913	14627
914	13178
915	14711
916	12976
917	13236
918	14190
919	15494
920	14764
921	12924
922	13746
923	16338
924	16330
925	16385
926	13544
927	16619
928	15391
929	16198
930	14797
931	14389
932	16589
933	16231
934	41435
935	14494
936	13907
937	16970
938	14671
939	14116
940	14510
941	14395
942	15216
943	14328
944	15933
945	14509
946	17549
947	23026
948	22292
949	25600
950	25516
951	32306
952	24840
953	26013
954	26801
955	27174
956	28838
957	27221
958	34084
959	30064
960	32429
961	29275
962	37719
963	39923
964	47715
965	47495
966	41057
967	33385
968	32346
969	36478
970	33166
971	35366
972	30641
973	31798
974	36497
975	41225
976	38843
977	32893
978	35693
979	34578
980	24557
981	28215
982	72173
983	35948
984	29809
985	25580
986	9271
987	0
988	0
989	2198
990	18174
991	10249
992	26374
993	17776
994	0
995	0
996	0
997	0
998	0
999	0
1000	0
1001	0
1002	0
1003	0
1004	0
1005	0
1006	0
1007	0
1008	0
1009	0
1010	0
1011	0
1012	0
1013	0
1014	0
1015	0
1016	0
1017	0
1018	0
1019	0
1020	0
1021	0
1022	0
1023	0
1024	0
1025	0
1026	0
1027	0
1028	0
1029	0
1030	0
1031	0
1032	0
1033	0
1034	0
1035	0
1036	0
1037	0
1038	0
1039	0
1040	0
1041	0
1042	0
1043	0
1044	0
1045	0
1046	0
1047	0
1048	0
1049	0
1050	0
1051	0
1052	0
1053	9407
1054	28365
1055	27926
1056	24095
1057	23965
1058	21320
1059	23728
1060	22632
1061	23087
1062	21886
1063	21424
1064	28056
1065	22588
1066	22440
1067	27052
1068	25306
1069	36092
1070	35459
1071	36451
1072	36521
1073	33024
1074	37347
1075	31302
1076	30130
1077	33746
1078	32320
1079	29299
1080	27858
1081	27313
1082	28792
1083	28514
1084	36553
1085	29575
1086	30173
1087	40255
1088	35483
1089	38533
1090	32874
1091	35117
1092	26753
1093	29347
1094	28588
1095	33700
1096	32156
1097	27691
1098	32748
1099	28941
1100	30547
1101	37277
1102	30210
1103	31054
1104	32193
1105	34748
1106	30061
1107	30023
1108	46592
1109	35346
1110	32211
1111	31603
1112	30376
1113	30526
1114	25957
1115	31956
1116	31255
1117	29667
1118	26686
1119	29154
1120	30052
1121	30735
1122	31503
1123	40039
1124	49180
1125	42719
1126	33445
1127	42596
1128	41402
1129	29187
1130	44743
1131	44082
1132	38392
1133	38524
1134	32495
1135	39764
1136	38830
1137	39558
1138	40620
1139	36660
1140	34716
1141	29974
1142	32985
1143	37280
1144	32772
1145	35438
1146	39853
1147	40030
1148	35164
1149	38612
1150	32183
1151	37371
1152	40595
1153	38081
1154	43928
1155	41215
1156	43306
1157	37083
1158	34472
1159	30404
1160	29604
1161	28101
1162	25519
1163	22719
1164	18236
1165	20807
1166	21746
1167	15879
1168	16715
1169	18638
1170	15273
1171	19030
1172	17416
1173	15247
1174	12604
1175	15128
1176	12000
1177	13933
1178	13033
1179	12530
1180	14565
1181	15130
1182	16129
1183	13754
1184	17428
1185	14898
1186	13733
1187	10767
1188	12173
1189	17089
1190	16878
1191	11464
1192	11135
1193	11625
1194	9124
1195	2621
1196	11619
1197	11597
1198	10515
1199	10670
1200	13933
1201	12985
1202	14597
1203	11438
1204	15302
1205	14306
1206	11450
1207	12725
1208	12087
1209	14075
1210	13199
1211	13526
1212	12628
1213	12542
1214	11897
1215	15761
1216	12468
1217	11859
1218	11888
1219	11545
1220	14057
1221	13264
1222	12048
1223	13607
1224	12141
1225	13180
1226	12956
1227	13910
1228	13077
1229	14015
1230	12329
1231	13977
1232	13514
1233	13194
1234	13830
1235	13668
1236	14810
1237	14671
1238	14711
1239	16045
1240	14799
1241	14643
1242	13207
1243	13694
1244	12774
1245	11411
1246	13657
1247	12241
1248	13859
1249	12015
1250	11018
1251	15143
1252	13264
1253	14093
1254	15051
1255	14612
1256	28109
1257	13444
1258	11455
1259	12184
1260	15462
1261	13347
1262	15416
1263	16286
1264	13365
1265	11985
1266	14812
1267	16384
1268	13821
1269	12109
1270	12699
1271	13753
1272	11405
1273	13069
1274	14899
1275	11894
1276	14052
1277	13070
1278	14343
1279	12992
1280	14632
1281	15307
1282	11925
1283	10299
1284	11448
1285	9125
1286	12539
1287	12619
1288	12904
1289	13062
1290	11092
1291	11313
1292	11425
1293	11503
1294	8905
1295	11251
1296	9898
1297	13276
1298	13288
1299	11307
1300	16034
1301	13653
1302	12401
1303	11624
1304	11567
1305	12988
1306	15506
1307	14274
1308	12493
1309	12167
1310	11578
1311	12111
1312	14660
1313	14329
1314	9722
1315	13450
1316	11549
1317	11997
1318	13064
1319	13383
1320	11216
1321	12889
1322	15195
1323	11761
1324	13326
1325	13523
1326	12266
1327	12174
1328	11278
1329	13122
1330	12715
1331	12904
1332	14488
1333	15322
1334	12082
1335	13395
1336	18985
1337	13959
1338	11748
1339	14537
1340	13328
1341	11569
1342	12652
1343	10187
1344	12599
1345	12471
1346	13211
1347	12140
1348	14500
1349	15054
1350	12172
1351	16026
1352	13698
1353	13790
1354	14772
1355	14004
1356	14707
1357	15924
1358	16862
1359	15361
1360	17341
1361	19127
1362	23023
1363	25159
1364	24295
1365	39908
1366	29509
1367	31286
1368	35401
1369	29136
1370	28947
1371	37520
1372	29524
1373	25063
1374	25241
1375	23804
1376	21106
1377	26441
1378	23926
1379	22915
1380	25283
1381	18981
1382	25554
1383	26391
1384	31965
1385	28580
1386	20459
1387	18848
1388	19587
1389	19833
1390	17758
1391	15455
1392	17333
1393	16976
1394	16326
1395	20144
1396	18981
1397	15560
1398	20380
1399	17644
1400	18130
1401	17314
1402	14219
1403	11962
1404	12579
1405	12988
1406	17106
1407	15777
1408	14982
1409	13734
1410	16604
1411	14124
1412	14550
1413	17557
1414	15597
1415	15134
1416	13799
1417	11674
1418	13367
1419	12076
1420	13687
1421	13981
1422	13155
1423	14862
1424	14676
1425	17638
1426	19276
1427	21656
1428	30032
1429	31699
1430	36317
1431	40014
1432	35850
1433	35198
1434	41120
1435	41779
1436	37953
1437	33971
1438	29991
1439	28476
1440	23404
1441	28587
1442	25910
1443	24370
1444	25344
1445	17958
1446	21074
1447	19887
1448	17149
1449	19154
1450	20432
1451	22451
1452	22030
1453	23458
1454	25591
1455	24394
1456	22258
1457	22074
1458	19902
1459	17467
1460	19122
1461	18818
1462	23776
1463	23136
1464	25617
1465	23781
1466	24821
1467	29110
1468	32429
1469	25790
1470	29786
1471	27708
1472	25564
1473	21837
1474	29990
1475	28917
1476	26286
1477	25724
1478	36576
1479	31787
1480	28315
1481	27411
1482	35101
1483	29313
1484	25991
1485	24999
1486	24380
1487	25016
1488	22787
1489	29385
1490	32126
1491	36294
1492	29255
1493	29827
1494	30453
1495	31797
1496	34652
1497	30099
1498	35862
1499	39143
1500	33686
1501	31207
1502	26945
1503	32973
1504	29570
1505	21191
1506	18729
1507	32491
1508	15105
1509	6287
1510	28093
1511	31618
1512	24421
1513	24839
1514	24443
1515	23386
1516	26526
1517	23862
1518	25243
1519	27869
1520	28216
1521	23534
1522	22019
1523	21740
1524	24674
1525	24543
1526	30031
1527	28042
1528	33755
1529	33517
1530	33234
1531	32645
1532	41549
1533	30649
1534	31057
1535	41572
1536	42077
1537	35721
1538	39483
1539	31746
1540	35922
1541	35224
1542	44850
1543	35582
1544	37333
1545	38793
1546	31937
1547	34722
1548	34411
1549	35876
1550	33846
1551	34124
1552	30716
1553	34234
1554	36459
1555	36775
1556	37110
1557	36636
1558	40235
1559	35985
1560	40229
1561	36075
1562	43800
1563	38522
1564	36308
1565	34361
1566	36007
1567	35166
1568	31699
1569	29846
1570	31017
1571	29955
1572	32529
1573	27942
1574	30493
1575	40026
1576	32125
1577	32039
1578	29193
1579	29545
1580	27823
1581	30157
1582	33274
1583	34199
1584	30065
1585	30122
1586	34756
1587	38709
1588	39342
1589	38517
1590	52708
1591	45882
1592	44609
1593	45444
1594	42597
1595	30896
1596	33869
1597	37265
1598	29344
1599	31851
1600	28940
1601	30743
1602	28912
1603	27739
1604	31497
1605	30335
1606	24992
1607	23262
1608	28709
1609	28080
1610	29288
1611	27536
1612	25132
1613	30153
1614	25113
1615	27297
1616	24892
1617	15502
1618	34977
1619	30924
1620	34502
1621	41079
1622	33298
1623	34277
1624	31689
1625	34003
1626	29671
1627	31110
1628	28005
1629	22492
1630	18913
1631	20885
1632	17157
1633	16428
1634	17586
1635	21719
1636	15575
1637	20221
1638	21423
1639	24164
1640	23586
1641	22773
1642	22060
1643	23998
1644	23876
1645	27719
1646	31993
1647	33740
1648	27628
1649	27785
1650	25671
1651	29215
1652	31714
1653	33551
1654	38659
1655	34478
1656	27413
1657	23685
1658	22643
1659	26949
1660	26915
1661	30574
1662	29129
1663	33961
1664	33520
1665	33665
1666	38781
1667	38726
1668	35495
1669	37012
1670	34881
1671	31914
1672	35270
1673	35681
1674	38692
1675	34647
1676	35355
1677	33385
1678	41909
1679	41176
1680	41048
1681	35162
1682	31565
1683	34385
1684	40236
1685	39024
1686	35423
1687	37897
1688	41440
1689	40255
1690	40320
1691	34538
1692	27343
1693	27094
1694	22730
1695	27477
1696	23708
1697	21920
1698	25138
1699	22266
1700	21484
1701	20236
1702	28304
1703	26187
1704	35250
1705	27900
1706	24150
1707	24520
1708	24696
1709	29087
1710	29083
1711	27680
1712	29976
1713	24965
1714	23825
1715	25639
1716	25481
1717	25778
1718	23531
1719	21305
1720	19461
1721	24696
1722	20306
1723	18235
1724	15962
1725	19344
1726	22410
1727	26384
1728	22157
1729	23353
1730	23765
1731	22941
1732	27839
1733	25311
1734	23481
1735	21859
1736	23540
1737	22544
1738	23099
1739	18539
1740	18150
1741	17893
1742	15843
1743	17799
1744	18434
1745	18069
1746	21551
1747	21870
1748	25203
1749	24423
1750	19439
1751	24456
1752	22645
1753	22582
1754	26094
1755	32042
1756	44047
1757	41358
1758	41709
1759	42287
1760	38324
1761	36909
1762	38054
1763	38176
1764	30869
1765	31885
1766	38415
1767	35643
1768	31979
1769	29109
1770	25793
1771	24130
1772	22117
1773	25581
1774	18074
1775	24948
1776	22910
1777	23391
1778	28415
1779	29975
1780	26606
1781	28171
1782	31603
1783	29989
1784	35382
1785	31621
1786	27511
1787	27924
1788	31487
1789	32562
1790	31330
1791	30911
1792	29659
1793	33930
1794	31264
1795	28532
1796	29550
1797	31654
1798	30457
1799	35563
1800	29441
1801	26555
1802	22292
1803	23868
1804	22643
1805	17896
1806	17479
1807	19638
1808	17145
1809	18843
1810	16287
1811	16956
1812	15745
1813	17026
1814	17423
1815	17660
1816	14925
1817	17552
1818	16060
1819	15033
1820	12733
1821	13013
1822	14026
1823	14987
1824	14831
1825	12617
1826	14318
1827	13870
1828	13485
1829	13581
1830	13220
1831	11719
1832	11343
1833	12669
1834	14659
1835	13295
1836	12336
1837	11594
1838	12889
1839	14261
1840	15151
1841	14164
1842	12470
1843	10757
1844	11233
1845	13214
1846	15399
1847	11792
1848	13255
1849	13540
1850	11822
1851	10905
1852	12494
1853	13948
1854	13993
1855	12510
1856	12894
1857	13714
1858	13608
1859	16178
1860	15173
1861	15031
1862	13581
1863	13137
1864	13703
1865	13600
1866	12976
1867	11323
1868	13209
1869	12806
1870	12567
1871	11913
1872	11389
1873	14659
1874	12174
1875	13027
1876	13949
1877	13382
1878	11342
1879	11233
1880	14267
1881	14048
1882	13109
1883	12295
1884	12643
1885	13476
1886	13563
1887	13717
1888	12247
1889	13234
1890	13153
1891	12516
1892	13850
1893	19233
1894	23841
1895	21110
1896	17011
1897	17372
1898	19347
1899	21021
1900	21287
1901	27356
1902	32628
1903	27639
1904	27739
1905	34911
1906	35385
1907	37296
1908	36489
1909	31040
1910	28759
1911	26572
1912	28569
1913	24598
1914	25715
1915	26016
1916	22904
1917	21606
1918	18240
1919	18856
1920	22257
1921	24092
1922	30273
1923	29462
1924	29447
1925	23434
1926	25891
1927	22172
1928	20066
1929	16121
1930	17319
1931	16583
1932	16310
1933	14907
1934	18135
1935	13874
1936	13431
1937	14160
1938	14628
1939	13145
1940	13966
1941	12583
1942	13058
1943	13694
1944	14114
1945	13779
1946	10542
1947	14411
1948	15009
1949	15011
1950	14257
1951	13680
1952	14140
1953	14118
1954	13752
1955	13967
1956	15468
1957	11928
1958	10327
1959	14045
1960	13460
1961	14379
1962	15367
1963	13308
1964	13360
1965	14547
1966	17508
1967	13390
1968	12490
1969	13807
1970	13670
1971	11955
1972	13673
1973	11639
1974	14268
1975	15608
1976	12421
1977	17673
1978	16463
1979	16666
1980	18196
1981	22927
1982	25645
1983	30821
1984	25140
1985	21113
1986	24406
1987	33305
1988	38543
1989	34502
1990	26588
1991	37196
1992	33789
1993	33189
1994	38968
1995	38556
1996	36319
1997	37058
1998	39278
1999	34808
2000	32827
2001	26401
2002	22839
2003	24177
2004	22701
2005	21634
2006	23848
2007	23936
2008	25577
2009	26745
2010	22990
2011	24358
2012	26215
2013	27522
2014	29963
2015	37253
2016	26960
2017	30297
2018	21183
2019	19035
2020	18454
2021	15268
2022	15403
2023	16126
2024	16738
2025	16109
2026	13046
2027	13273
2028	12904
2029	15582
2030	15135
2031	12873
2032	11923
2033	13796
2034	11693
2035	14411
2036	16690
2037	15487
2038	13791
2039	12299
2040	14389
2041	15129
2042	13235
2043	12720
2044	13340
2045	18010
2046	14553
2047	16193
2048	13965
2049	16641
2050	15907
2051	17213
2052	13774
2053	15536
2054	15550
2055	14808
2056	10664
2057	14702
2058	14882
2059	16478
2060	18854
2061	24335
2062	20644
2063	25932
2064	28657
2065	29718
2066	29326
2067	32803
2068	27970
2069	29308
2070	36371
2071	30020
2072	30234
2073	40519
2074	32073
2075	39867
2076	29727
2077	26619
2078	37883
2079	27813
2080	32949
2081	30028
2082	25890
2083	24861
2084	24412
2085	21421
2086	20003
2087	16885
2088	16641
2089	14153
2090	13040
2091	13343
2092	13797
2093	13991
2094	15934
2095	14967
2096	15387
2097	15944
2098	14422
2099	11465
2100	13372
2101	11558
2102	13024
2103	13467
2104	13628
2105	13676
2106	11770
2107	13691
2108	16259
2109	14461
2110	16505
2111	13978
2112	13838
2113	15269
2114	12250
2115	14343
2116	18728
2117	18057
2118	19587
2119	22774
2120	22716
2121	28930
2122	26781
2123	24574
2124	21231
2125	23594
2126	23705
2127	27501
2128	21955
2129	22716
2130	23115
2131	20197
2132	29136
2133	25201
2134	26411
2135	22839
2136	24131
2137	26468
2138	29351
2139	24346
2140	21656
2141	21173
2142	20252
2143	17975
2144	27454
2145	21500
2146	16788
2147	16646
2148	17124
2149	14390
2150	15039
2151	12904
2152	13724
2153	14426
2154	12623
2155	14705
2156	15479
2157	13863
2158	11568
2159	15281
2160	15636
2161	13474
2162	14041
2163	15334
2164	15526
2165	15856
2166	17787
2167	18440
2168	17869
2169	18070
2170	22616
2171	24913
2172	33156
2173	27139
2174	25441
2175	21342
2176	25213
2177	29287
2178	41193
2179	32163
2180	36655
2181	33497
2182	36107
2183	33435
2184	37869
2185	34913
2186	34574
2187	32677
2188	29792
2189	34127
2190	35771
2191	35195
2192	33211
2193	32989
2194	32960
2195	31182
2196	24631
2197	28788
2198	33589
2199	31628
2200	27148
2201	32514
2202	30017
2203	28132
2204	32636
2205	31610
2206	37727
2207	36059
2208	32733
2209	35009
2210	34621
2211	31229
2212	37833
2213	38458
2214	38031
2215	35680
2216	36360
2217	35928
2218	37565
2219	37630
2220	34844
2221	38999
2222	41742
2223	41798
2224	33277
2225	29784
2226	25417
2227	29358
2228	26002
2229	24931
2230	23372
2231	20383
2232	15686
2233	15674
2234	12961
2235	15431
2236	13818
2237	11359
2238	14595
2239	16476
2240	12782
2241	15950
2242	11973
2243	13543
2244	12799
2245	11954
2246	13811
2247	11508
2248	14980
2249	11651
2250	13580
2251	15518
2252	12604
2253	13626
2254	13217
2255	17561
2256	12727
2257	14961
2258	21325
2259	27423
2260	30394
2261	31703
2262	29078
2263	27526
2264	35207
2265	32392
2266	26388
2267	27429
2268	26368
2269	31119
2270	31700
2271	34042
2272	30809
2273	31496
2274	29734
2275	22135
2276	20495
2277	19344
2278	15765
2279	15155
2280	14679
2281	15359
2282	13670
2283	15299
2284	15804
2285	16305
2286	17641
2287	19070
2288	14256
2289	17982
2290	19204
2291	17584
2292	15475
2293	12616
2294	13161
2295	14885
2296	13796
2297	14472
2298	15370
2299	16623
2300	12276
2301	11976
2302	12555
2303	11676
2304	15270
2305	12166
2306	16371
2307	14610
2308	14551
2309	16780
2310	19769
2311	18453
2312	15725
2313	15575
2314	14553
2315	13604
2316	11862
2317	11600
2318	13134
2319	11612
2320	10988
2321	12021
2322	11047
2323	9348
2324	12540
2325	10938
2326	11772
2327	14134
2328	12708
2329	9850
2330	10984
2331	11292
2332	10208
2333	9437
2334	9947
2335	12340
2336	13060
2337	12774
2338	13265
2339	12676
2340	9840
2341	15055
2342	12758
2343	13544
2344	12073
2345	11901
2346	11419
2347	13061
2348	13460
2349	13759
2350	14285
2351	11014
2352	12074
2353	11295
2354	11376
2355	9847
2356	12915
2357	11448
2358	12755
2359	13281
2360	12868
2361	11854
2362	12101
2363	11385
2364	11311
2365	11840
2366	11820
2367	14680
2368	12324
2369	12580
2370	13279
2371	12561
2372	14883
2373	13041
2374	12686
2375	14827
2376	13503
2377	13524
2378	14143
2379	15673
2380	13220
2381	13083
2382	16410
2383	21291
2384	22245
2385	21439
2386	17629
2387	17358
2388	15214
2389	22627
2390	20443
2391	14964
2392	29391
2393	26848
2394	26775
2395	31640
2396	27053
2397	22809
2398	26808
2399	23278
2400	23502
2401	22991
2402	31417
2403	23705
2404	24318
2405	21667
2406	16601
2407	18486
2408	26685
2409	19992
2410	21061
2411	17063
2412	17156
2413	17358
2414	15642
2415	13796
2416	14958
2417	14114
2418	17507
2419	24766
2420	15241
2421	15315
2422	15104
2423	11846
2424	13837
2425	13682
2426	14950
2427	13827
2428	13387
2429	13924
2430	16594
2431	13594
2432	13976
2433	13344
2434	13648
2435	13647
2436	13956
2437	15404
2438	17927
2439	15456
2440	15054
2441	17396
2442	20424
2443	22158
2444	25052
2445	20758
2446	17595
2447	15064
2448	19104
2449	24091
2450	23981
2451	27017
2452	33757
2453	31728
2454	36208
2455	28942
2456	29602
2457	33498
2458	33160
2459	31119
2460	30234
2461	27395
2462	23911
2463	28798
2464	28510
2465	29749
2466	30157
2467	27134
2468	27549
2469	33479
2470	37804
2471	27699
2472	35434
2473	37339
2474	42035
2475	34897
2476	38887
2477	27750
2478	27290
2479	29420
2480	23798
2481	26117
2482	26883
2483	29584
2484	32173
2485	38150
2486	35518
2487	29296
2488	32061
2489	32143
2490	36296
2491	25547
2492	23692
2493	19626
2494	19277
2495	17904
2496	17136
2497	14203
2498	16064
2499	17352
2500	14546
2501	17030
2502	14207
2503	18602
2504	17889
2505	15758
2506	12803
2507	15569
2508	16827
2509	16303
2510	17462
2511	17619
2512	22786
2513	14923
2514	15432
2515	15594
2516	13693
2517	13681
2518	14852
2519	13398
2520	12722
2521	14922
2522	15315
2523	15462
2524	16884
2525	14924
2526	13302
2527	15492
2528	13643
2529	15346
2530	17402
2531	16648
2532	18917
2533	17791
2534	16507
2535	12443
2536	17285
2537	17734
2538	16290
2539	17083
2540	18853
2541	16627
2542	20650
2543	19062
2544	20404
2545	18093
2546	24590
2547	27383
2548	23940
2549	21922
2550	26426
2551	24238
2552	24066
2553	25988
2554	23498
2555	23525
2556	24545
2557	24192
2558	19629
2559	28939
2560	25286
2561	19239
2562	22389
2563	21434
2564	18800
2565	21660
2566	24441
2567	22905
2568	25759
2569	29001
2570	26744
2571	25287
2572	32633
2573	30266
2574	29904
2575	32760
2576	33350
2577	36518
2578	35381
2579	38600
2580	36536
2581	30571
2582	31693
2583	33484
2584	39549
2585	36818
2586	37441
2587	37495
2588	37142
2589	40660
2590	38273
2591	38227
2592	38545
2593	37654
2594	40130
2595	39562
2596	30096
2597	24547
2598	26275
2599	24708
2600	28598
2601	24265
2602	22244
2603	22163
2604	21976
2605	21628
2606	17710
2607	16150
2608	15467
2609	14055
2610	13139
2611	14589
2612	15343
2613	11496
2614	16850
2615	11997
2616	13323
2617	13129
2618	12376
2619	15297
2620	12507
2621	12217
2622	12936
2623	12915
2624	11468
2625	14912
2626	13683
2627	14079
2628	12899
2629	12744
2630	13257
2631	12630
2632	12343
2633	12925
2634	12904
2635	12750
2636	11080
2637	11352
2638	11352
2639	12297
2640	12142
2641	11569
2642	11804
2643	9910
2644	9537
2645	12337
2646	15030
2647	13000
2648	10751
2649	12842
2650	11050
2651	12223
2652	11690
2653	7390
2654	9069
2655	7772
2656	6946
2657	9641
2658	11097
2659	13045
2660	14953
2661	14817
2662	12560
2663	11968
2664	11104
2665	17182
2666	12291
2667	10900
2668	9882
2669	11854
2670	11243
2671	11967
2672	10239
2673	12199
2674	10710
2675	11486
2676	12978
2677	10415
2678	11220
2679	12477
2680	11897
2681	11780
2682	13111
2683	12986
2684	13887
2685	14683
2686	13766
2687	17783
2688	14686
2689	16975
2690	18050
2691	16174
2692	13661
2693	14319
2694	15878
2695	15984
2696	12431
2697	16167
2698	15517
2699	15587
2700	13843
2701	15642
2702	15463
2703	13012
2704	15435
2705	14943
2706	13877
2707	14245
2708	13562
2709	13991
2710	10606
2711	10280
2712	12428
2713	13499
2714	14127
2715	11695
2716	12414
2717	13279
2718	11665
2719	10976
2720	11383
2721	10917
2722	10155
2723	10652
2724	10618
2725	14082
2726	14995
2727	10982
2728	12245
2729	11400
2730	10777
2731	12644
2732	10983
2733	12421
2734	12257
2735	10697
2736	11023
2737	12091
2738	11548
2739	11298
2740	10379
2741	9066
2742	13293
2743	13135
2744	12029
2745	12798
2746	9438
2747	11659
2748	12887
2749	11800
2750	14287
2751	14727
2752	13014
2753	11252
2754	12704
2755	13992
2756	13716
2757	12569
2758	13676
2759	12488
2760	13427
2761	11528
2762	12858
2763	12655
2764	10960
2765	13132
2766	14043
2767	16280
2768	13429
2769	15621
2770	13309
2771	15908
2772	16469
2773	16286
2774	18042
2775	14250
2776	15542
2777	20112
2778	20903
2779	23351
2780	22397
2781	27249
2782	28637
2783	29648
2784	28507
2785	28560
2786	28402
2787	29778
2788	31089
2789	25731
2790	27688
2791	33481
2792	29731
2793	33873
2794	33270
2795	33495
2796	34675
2797	34794
2798	42408
2799	38393
2800	36759
2801	40087
2802	43680
2803	38990
2804	42625
2805	38251
2806	35998
2807	37972
2808	38366
2809	36059
2810	40178
2811	44706
2812	37619
2813	34089
2814	35197
2815	34429
2816	32066
2817	29034
2818	29368
2819	29128
2820	27459
2821	29018
2822	27947
2823	31862
2824	31682
2825	26857
2826	24234
2827	24247
2828	25428
2829	28046
2830	30287
2831	24883
2832	25365
2833	24205
2834	23497
2835	21722
2836	23188
2837	19888
2838	18310
2839	17523
2840	17324
2841	22014
2842	20522
2843	22266
2844	21643
2845	19991
2846	17489
2847	16074
2848	18903
2849	15230
2850	15936
2851	14731
2852	16132
2853	15521
2854	15141
2855	17095
2856	20097
2857	20242
2858	16264
2859	14319
2860	12900
2861	15180
2862	12862
2863	13646
2864	15538
2865	16418
2866	12855
2867	16013
2868	14787
2869	12077
2870	13857
2871	16107
2872	15804
2873	16338
2874	13306
2875	15622
2876	15536
2877	15414
2878	16388
2879	18904
2880	16680
2881	22618
2882	25113
2883	24426
2884	34430
2885	33766
2886	33076
2887	29394
2888	32067
2889	25801
2890	28452
2891	22066
2892	28672
2893	28341
2894	23479
2895	26673
2896	19195
2897	23847
2898	26404
2899	25250
2900	25778
2901	26203
2902	21546
2903	16451
2904	20072
2905	18127
2906	15205
2907	17417
2908	17953
2909	19088
2910	20918
2911	18921
2912	16053
2913	20070
2914	17470
2915	19819
2916	21077
2917	21604
2918	25761
2919	29589
2920	26037
2921	27305
2922	31836
2923	29373
2924	29351
2925	21596
2926	23386
2927	24330
2928	25587
2929	25971
2930	24945
2931	27320
2932	20217
2933	26895
2934	28498
2935	24523
2936	21926
2937	22905
2938	19299
2939	24675
2940	26616
2941	24930
2942	30346
2943	32721
2944	24087
2945	19221
2946	27779
2947	23845
2948	30155
2949	27087
2950	22909
2951	17898
2952	18156
2953	18410
2954	18193
2955	19823
2956	19354
2957	22021
2958	21065
2959	19588
2960	20632
2961	16774
2962	16925
2963	13593
2964	16031
2965	17188
2966	16357
2967	15201
2968	23193
2969	24139
2970	27198
2971	27586
2972	31910
2973	25196
2974	26463
2975	23524
2976	21091
2977	19284
2978	22530
2979	24550
2980	20481
2981	18860
2982	17030
2983	15890
2984	13910
2985	12510
2986	15386
2987	17248
2988	15478
2989	15927
2990	15063
2991	17240
2992	13864
2993	14010
2994	14470
2995	14889
2996	14244
2997	14614
2998	16201
2999	15472
3000	14692
3001	13627
3002	16202
3003	13770
3004	13667
3005	13842
3006	14204
3007	13524
3008	14649
3009	14166
3010	9510
3011	13947
3012	13344
3013	13737
3014	12388
3015	15881
3016	16677
3017	19484
3018	22190
3019	23779
3020	23723
3021	26770
3022	32494
3023	34264
3024	30093
3025	29580
3026	24105
3027	28752
3028	29216
3029	28604
3030	29604
3031	25616
3032	26823
3033	34610
3034	33579
3035	33484
3036	30070
3037	33205
3038	40638
3039	41335
3040	41986
3041	35429
3042	28927
3043	31570
3044	28914
3045	32317
3046	26078
3047	24305
3048	25661
3049	24681
3050	29181
3051	31615
3052	34665
3053	28897
3054	28845
3055	31018
3056	28687
3057	24789
3058	27751
3059	32451
3060	31519
3061	28783
3062	33885
3063	34219
3064	32215
3065	22344
3066	30895
3067	27967
3068	36585
3069	35459
3070	41499
3071	40611
3072	41720
3073	31043
3074	33985
3075	28800
3076	26645
3077	36907
3078	43285
3079	35074
3080	38950
3081	42031
3082	37255
3083	37280
3084	33327
3085	36516
3086	39430
3087	43546
3088	44948
3089	41222
3090	34289
3091	34184
3092	27874
3093	32019
3094	27533
3095	25195
3096	25345
3097	26077
3098	21614
3099	27418
3100	23450
3101	21436
3102	26570
3103	25056
3104	25714
3105	28852
3106	30510
3107	32199
3108	34828
3109	25875
3110	29011
3111	26251
3112	23131
3113	24791
3114	17499
3115	15567
3116	19226
3117	15643
3118	16201
3119	15808
3120	15540
3121	14303
3122	12219
3123	14571
3124	13188
3125	14708
3126	18018
3127	16021
3128	14911
3129	15174
3130	16491
3131	15687
3132	12633
3133	14421
3134	14843
3135	12908
3136	12835
3137	18012
3138	15427
3139	11101
3140	13171
3141	14477
3142	13188
3143	13402
3144	10820
3145	11679
3146	12385
3147	13335
3148	14943
3149	13506
3150	13123
3151	13159
3152	14995
3153	14125
3154	13310
3155	13599
3156	15441
3157	14116
3158	14714
3159	18786
3160	17724
3161	13323
3162	14693
3163	10503
3164	11476
3165	12081
3166	13527
3167	11592
3168	12119
3169	13199
3170	10468
3171	10694
3172	11873
3173	14924
3174	13825
3175	12340
3176	14723
3177	13130
3178	15359
3179	16329
3180	13809
3181	19886
3182	25220
3183	27284
3184	20778
3185	20642
3186	21761
3187	16822
3188	22177
3189	23162
3190	25970
3191	34309
3192	32626
3193	34737
3194	40198
3195	34141
3196	35667
3197	37603
3198	40959
3199	38056
3200	35363
3201	37983
3202	33748
3203	24961
3204	31038
3205	31655
3206	27711
3207	31750
3208	22571
3209	20948
3210	5441
3211	5166
3212	4766
3213	4661
3214	9745
3215	4987
3216	5178
3217	5010
3218	5750
3219	4171
3220	5150
3221	4735
3222	4473
3223	4672
3224	4728
3225	3980
3226	4562
3227	4355
3228	4791
3229	3642
3230	3882
3231	3901
3232	3778
3233	4419
3234	3827
3235	3580
3236	3814
3237	4213
3238	4191
3239	3276
3240	4778
3241	4364
3242	4115
3243	4411
3244	4727
3245	5230
3246	4410
3247	4215
3248	3844
3249	3892
3250	3701
3251	4084
3252	4232
3253	4264
3254	3622
3255	3706
3256	3446
3257	3727
3258	3787
3259	3572
3260	3788
3261	3876
3262	5016
3263	4309
3264	3905
3265	3681
3266	4339
3267	3967
3268	5190
3269	4564
3270	3952
3271	5388
3272	11068
3273	17211
3274	15906
3275	16509
3276	18806
3277	20144
3278	18591
3279	23985
3280	27957
3281	30051
3282	28577
3283	30075
3284	30087
3285	22027
3286	21679
3287	21233
3288	27400
3289	19757
3290	16696
3291	13606
3292	14796
3293	13639
3294	12088
3295	10822
3296	13505
3297	13441
3298	14812
3299	12513
3300	12104
3301	11122
3302	12324
3303	10801
3304	12003
3305	11833
3306	12152
3307	14004
3308	15471
3309	12634
3310	13657
3311	17470
3312	18499
3313	19777
3314	21777
3315	20208
3316	22397
3317	27851
3318	29441
3319	35400
3320	32148
3321	33433
3322	28961
3323	24240
3324	29480
3325	30071
3326	23610
3327	30836
3328	26553
3329	21083
3330	16141
3331	16248
3332	17797
3333	18659
3334	13721
3335	14088
3336	14289
3337	14955
3338	11924
3339	11480
3340	13490
3341	14325
3342	13099
3343	15265
3344	11798
3345	12973
3346	11777
3347	9073
3348	13490
3349	11306
3350	13685
3351	11606
3352	12835
3353	11162
3354	11546
3355	11999
3356	10834
3357	12614
3358	14032
3359	12074
3360	12533
3361	11907
3362	12543
3363	11887
3364	14162
3365	11496
3366	12216
3367	12387
3368	13423
3369	12039
3370	13169
3371	12513
3372	13199
3373	11556
3374	12509
3375	11864
3376	13025
3377	13435
3378	13638
3379	11756
3380	11476
3381	16688
3382	18493
3383	18403
3384	17398
3385	17162
3386	22824
3387	21087
3388	28835
3389	23966
3390	24057
3391	25952
3392	23032
3393	23156
3394	23826
3395	25164
3396	22950
3397	25931
3398	30026
3399	35929
3400	31776
3401	26465
3402	22876
3403	24973
3404	29199
3405	25903
3406	26756
3407	25958
3408	24786
3409	28038
3410	33851
3411	32943
3412	33895
3413	33850
3414	22286
3415	27970
3416	28160
3417	32071
3418	29034
3419	25962
3420	21869
3421	18471
3422	18187
3423	14221
3424	14738
3425	14632
3426	14322
3427	10776
3428	13712
3429	12946
3430	13543
3431	12327
3432	14538
3433	12425
3434	11631
3435	12119
3436	10386
3437	11034
3438	12419
3439	11484
3440	10707
3441	12426
3442	14660
3443	10671
3444	11896
3445	12969
3446	12719
3447	10378
3448	13863
3449	15679
3450	16378
3451	15423
3452	12528
3453	13458
3454	14765
3455	14499
3456	13476
3457	13856
3458	16595
3459	14988
3460	17480
3461	22743
3462	18348
3463	15129
3464	12782
3465	15549
3466	11195
3467	14589
3468	12060
3469	14909
3470	15679
3471	15307
3472	15493
3473	16710
3474	20177
3475	24467
3476	23870
3477	27590
3478	36926
3479	31079
3480	34934
3481	35061
3482	32095
3483	33391
3484	30602
3485	34709
3486	34689
3487	32774
3488	27855
3489	30104
3490	26650
3491	20800
3492	21162
3493	21797
3494	20491
3495	19969
3496	19421
3497	17094
3498	19696
3499	19638
3500	21208
3501	23588
3502	28697
3503	20997
3504	25625
3505	25992
3506	28154
3507	27850
3508	27484
3509	24446
3510	24377
3511	26874
3512	27265
3513	17314
3514	14743
3515	17733
3516	16385
3517	17753
3518	16011
3519	14690
3520	14308
3521	15431
3522	13647
3523	14769
3524	14353
3525	14981
3526	16787
3527	14472
3528	14123
3529	14161
3530	13591
3531	13875
3532	14003
3533	15088
3534	12607
3535	13532
3536	14000
3537	11774
3538	14284
3539	12822
3540	14836
3541	16439
3542	20106
3543	20222
3544	27417
3545	22346
3546	15452
3547	15098
3548	13439
3549	15390
3550	13374
3551	15129
3552	12208
3553	11955
3554	13170
3555	14373
3556	14149
3557	13412
3558	12879
3559	13684
3560	14322
3561	16250
3562	19012
3563	21700
3564	26450
3565	25475
3566	25686
3567	26328
3568	23380
3569	22411
3570	14411
3571	16209
3572	19624
3573	16494
3574	16620
3575	16302
3576	14410
3577	15715
3578	13371
3579	13658
3580	12528
3581	11667
3582	14574
3583	11925
3584	13578
3585	9272
3586	11449
3587	12917
3588	10026
3589	13774
3590	11984
3591	13374
3592	11288
3593	11710
3594	12544
3595	10773
3596	12299
3597	14336
3598	11708
3599	12029
3600	11879
3601	11485
3602	13053
3603	12105
3604	12904
3605	13606
3606	13786
3607	12852
3608	15080
3609	13625
3610	14730
3611	14506
3612	16303
3613	14969
3614	14194
3615	14484
3616	13599
3617	12428
3618	12575
3619	13736
3620	13203
3621	11859
3622	13269
3623	14628
3624	13677
3625	12832
3626	12514
3627	14187
3628	12955
3629	14628
3630	13901
3631	14533
3632	12609
3633	12838
3634	14123
3635	14151
3636	14408
3637	13471
3638	14117
3639	10742
3640	13817
3641	16864
3642	15832
3643	15177
3644	15522
3645	13505
3646	13080
3647	13314
3648	12256
3649	16825
3650	17565
3651	16139
3652	16370
3653	12781
3654	16367
3655	16454
3656	14969
3657	18393
3658	16189
3659	22348
3660	20037
3661	18862
3662	20466
3663	20711
3664	24478
3665	17293
3666	20322
3667	24267
3668	18962
3669	19488
3670	20479
3671	22639
3672	20403
3673	26387
3674	27120
3675	36025
3676	35601
3677	35990
3678	34702
3679	34958
3680	36032
3681	34933
3682	29225
3683	31122
3684	30617
3685	39456
3686	44349
3687	35139
3688	39585
3689	36628
3690	35807
3691	35655
3692	33318
3693	33458
3694	34027
3695	29908
3696	32466
3697	29748
3698	29655
3699	26222
3700	37646
3701	32392
3702	36008
3703	34850
3704	38500
3705	39787
3706	42834
3707	41093
3708	37298
3709	38211
3710	40452
3711	35512
3712	33752
3713	37599
3714	45010
3715	48364
3716	40875
3717	34356
3718	41819
3719	39745
3720	37465
3721	41042
3722	43487
3723	32928
3724	36972
3725	42360
3726	36203
3727	32681
3728	32043
3729	34683
3730	32286
3731	27832
3732	29139
3733	28830
3734	28935
3735	26756
3736	27316
3737	30540
3738	29052
3739	29678
3740	28440
3741	28623
3742	30104
3743	24868
3744	26583
3745	26653
3746	29658
3747	27735
3748	38447
3749	35738
3750	30174
3751	24867
3752	34242
3753	31957
3754	35354
3755	35716
3756	30486
3757	23549
3758	24129
3759	19975
3760	25226
3761	22860
3762	23639
3763	16432
3764	21287
3765	18972
3766	18459
3767	20167
3768	18899
3769	21360
3770	15494
3771	18469
3772	16939
3773	15672
3774	15174
3775	15079
3776	15767
3777	18088
3778	24680
3779	23630
3780	25713
3781	21993
3782	20416
3783	20945
3784	17298
3785	18653
3786	16589
3787	13681
3788	13494
3789	13465
3790	14674
3791	12278
3792	15295
3793	13875
3794	13668
3795	13461
3796	13068
3797	13078
3798	14242
3799	13515
3800	14487
3801	12505
3802	14592
3803	13816
3804	16475
3805	14063
3806	13127
3807	15969
3808	13569
3809	15705
3810	18530
3811	42780
3812	41481
3813	35959
3814	19476
3815	23529
3816	30781
3817	28713
3818	10614
3819	1243
3820	18824
3821	0
3822	0
3823	0
