	K562_combined
0	0
1	212
2	1625
3	23971
4	46136
5	40474
6	43527
7	31985
8	27033
9	33042
10	40818
11	40649
12	33182
13	42569
14	42717
15	44402
16	34902
17	33287
18	45985
19	38288
20	33472
21	31508
22	28065
23	6750
24	23410
25	30923
26	31046
27	28696
28	24101
29	18279
30	31587
31	28182
32	41270
33	35301
34	34976
35	30686
36	40874
37	29613
38	33259
39	32381
40	37272
41	19407
42	32203
43	27879
44	34306
45	39447
46	38120
47	41198
48	39929
49	40803
50	37808
51	36834
52	32732
53	32693
54	46292
55	52887
56	34636
57	40254
58	38692
59	36182
60	44715
61	48335
62	40447
63	45415
64	40438
65	18462
66	3686
67	23154
68	40575
69	35841
70	37999
71	29535
72	43352
73	42487
74	42019
75	38584
76	48504
77	60477
78	43182
79	50645
80	43096
81	45295
82	46740
83	41579
84	36080
85	12233
86	11591
87	17759
88	34042
89	32829
90	35561
91	36579
92	41277
93	35953
94	34393
95	25888
96	29662
97	32988
98	34493
99	27467
100	31787
101	29006
102	33033
103	33996
104	34631
105	38392
106	35960
107	27890
108	26441
109	36149
110	46928
111	40034
112	45333
113	36740
114	32811
115	23467
116	27039
117	40960
118	31843
119	29333
120	30383
121	31615
122	27517
123	27301
124	36663
125	43036
126	35975
127	46515
128	50317
129	47793
130	48449
131	53952
132	55157
133	51619
134	40019
135	40296
136	32202
137	27549
138	29213
139	28082
140	28516
141	30238
142	26667
143	24453
144	20460
145	21675
146	20832
147	23190
148	21395
149	30239
150	34471
151	34267
152	36833
153	36341
154	25694
155	18488
156	19465
157	18996
158	21601
159	25357
160	34828
161	35372
162	37093
163	23484
164	34351
165	34254
166	35440
167	35402
168	27909
169	22816
170	29415
171	26099
172	41275
173	39301
174	47544
175	40507
176	41729
177	46099
178	40211
179	46514
180	40781
181	43117
182	41912
183	49468
184	43471
185	43483
186	45590
187	49556
188	42500
189	43517
190	42158
191	45718
192	45391
193	45379
194	41636
195	42237
196	36591
197	34405
198	34462
199	34138
200	32541
201	31955
202	27001
203	29341
204	30920
205	33150
206	36057
207	42725
208	41701
209	42285
210	43848
211	39861
212	44146
213	50804
214	46554
215	45113
216	44992
217	42867
218	44783
219	37375
220	39108
221	36458
222	32779
223	35255
224	28448
225	36878
226	34107
227	33441
228	40837
229	38511
230	35768
231	41362
232	30945
233	35505
234	32962
235	37724
236	43444
237	39323
238	37083
239	38622
240	43352
241	51106
242	60474
243	50373
244	53548
245	57900
246	37106
247	39886
248	38487
249	43239
250	36635
251	43442
252	38577
253	42073
254	43290
255	44277
256	41167
257	38169
258	43124
259	37599
260	46162
261	41564
262	44391
263	40398
264	36035
265	31510
266	28909
267	42405
268	29547
269	29979
270	30106
271	28684
272	30684
273	33267
274	30207
275	32441
276	28919
277	32390
278	33227
279	30534
280	32941
281	35450
282	34989
283	24549
284	34717
285	40197
286	35456
287	34137
288	40845
289	35228
290	38816
291	35324
292	36921
293	26342
294	27458
295	30364
296	32073
297	32511
298	38728
299	34274
300	29621
301	31683
302	33445
303	32414
304	30563
305	29819
306	28575
307	27185
308	23944
309	26421
310	26296
311	28001
312	39906
313	34761
314	35318
315	31892
316	35310
317	33307
318	44384
319	38360
320	30440
321	33488
322	26909
323	28313
324	32321
325	25174
326	27193
327	27456
328	25686
329	27949
330	27235
331	25315
332	29204
333	34148
334	28998
335	48113
336	52115
337	45797
338	35226
339	39722
340	37298
341	32784
342	36970
343	33753
344	43162
345	46767
346	37519
347	37101
348	46116
349	43019
350	43076
351	46149
352	38292
353	35548
354	38672
355	41326
356	44932
357	33688
358	42931
359	35853
360	37058
361	32178
362	36696
363	32434
364	34652
365	40736
366	43185
367	39336
368	47121
369	39044
370	37817
371	40196
372	43276
373	42413
374	49434
375	47894
376	37490
377	35336
378	31562
379	34909
380	26675
381	34100
382	36311
383	27432
384	32967
385	35467
386	33540
387	35833
388	35228
389	36959
390	31595
391	33241
392	31527
393	33163
394	38619
395	37261
396	30843
397	30317
398	32280
399	48658
400	55063
401	46395
402	50283
403	30550
404	31094
405	27451
406	27184
407	37125
408	33894
409	31485
410	34731
411	29551
412	33215
413	29537
414	19629
415	17697
416	17500
417	19162
418	19451
419	19202
420	17095
421	14806
422	15470
423	16233
424	15087
425	14063
426	16138
427	13339
428	13447
429	13927
430	14142
431	13327
432	14403
433	13142
434	13065
435	13681
436	13131
437	12951
438	16193
439	14752
440	14673
441	14350
442	15640
443	17538
444	18534
445	14910
446	15109
447	15362
448	16452
449	15047
450	15020
451	16733
452	15702
453	20160
454	17577
455	20005
456	22630
457	18629
458	15789
459	14875
460	14824
461	12972
462	14046
463	12952
464	12744
465	12467
466	11710
467	14420
468	13881
469	13483
470	15963
471	13469
472	11928
473	14735
474	15721
475	13161
476	10092
477	12874
478	14432
479	15419
480	14814
481	13773
482	13843
483	12826
484	12160
485	12272
486	12832
487	12180
488	12768
489	13825
490	12199
491	10846
492	12619
493	12203
494	13877
495	13356
496	13455
497	14029
498	12313
499	11632
500	13017
501	13333
502	12454
503	12380
504	11926
505	12360
506	13665
507	15332
508	13026
509	13361
510	13874
511	13035
512	12692
513	12289
514	14244
515	13646
516	13427
517	14202
518	13346
519	14633
520	13805
521	13650
522	14107
523	13693
524	14748
525	16046
526	16727
527	14720
528	14390
529	14607
530	14432
531	13384
532	17291
533	15944
534	15242
535	15861
536	14322
537	16112
538	16500
539	15278
540	17968
541	17560
542	17182
543	25328
544	32374
545	35082
546	33042
547	29530
548	34953
549	39166
550	32139
551	24010
552	22428
553	22813
554	20635
555	22758
556	21405
557	22172
558	22751
559	23967
560	21021
561	23143
562	25528
563	25961
564	21048
565	22074
566	21350
567	18429
568	16727
569	18599
570	18496
571	17140
572	17668
573	16495
574	17608
575	15141
576	14381
577	13069
578	13756
579	13453
580	11716
581	14012
582	15664
583	12538
584	15707
585	14519
586	12937
587	14269
588	12107
589	15227
590	14193
591	13084
592	14346
593	14406
594	14378
595	14603
596	15684
597	15181
598	14810
599	15806
600	17529
601	14731
602	14587
603	16104
604	14927
605	16694
606	20561
607	22755
608	21603
609	22394
610	17958
611	17242
612	13402
613	15741
614	16827
615	17781
616	16573
617	16855
618	16966
619	17814
620	15695
621	14049
622	17376
623	14932
624	18910
625	19587
626	17713
627	24248
628	30103
629	26640
630	27984
631	23233
632	24673
633	20875
634	26174
635	23509
636	26956
637	31375
638	28016
639	28466
640	29028
641	29643
642	38211
643	31115
644	33830
645	28953
646	35737
647	36302
648	48766
649	44775
650	33647
651	41729
652	34006
653	25749
654	29287
655	27224
656	31393
657	35572
658	44315
659	30228
660	44942
661	50183
662	33658
663	37477
664	39578
665	40331
666	38893
667	33199
668	36755
669	34188
670	33410
671	35903
672	33069
673	37386
674	44142
675	41801
676	43071
677	49161
678	57689
679	58059
680	46768
681	44641
682	39800
683	45761
684	48049
685	51265
686	45544
687	42618
688	38514
689	40720
690	43835
691	44553
692	50715
693	42518
694	29325
695	34589
696	37351
697	44328
698	38889
699	27882
700	32355
701	44860
702	42999
703	41708
704	33119
705	37103
706	37634
707	44107
708	35210
709	37610
710	33669
711	37187
712	41909
713	42680
714	30449
715	34845
716	40064
717	39376
718	34221
719	42834
720	36461
721	44542
722	47223
723	43998
724	37381
725	45724
726	34587
727	38069
728	41146
729	40776
730	31832
731	29359
732	28322
733	27385
734	29785
735	26576
736	17313
737	19395
738	17206
739	15238
740	16214
741	14536
742	13901
743	17170
744	14393
745	11686
746	15191
747	14964
748	15365
749	15709
750	13945
751	14392
752	14330
753	13174
754	16532
755	15553
756	15828
757	16706
758	20033
759	17590
760	17496
761	19601
762	18325
763	17703
764	17226
765	17957
766	18984
767	21212
768	19588
769	23190
770	23580
771	25172
772	21641
773	22031
774	20233
775	20197
776	18988
777	14094
778	14523
779	12638
780	14025
781	12132
782	11833
783	14121
784	14251
785	13095
786	15211
787	15809
788	16768
789	15181
790	15708
791	16814
792	13206
793	15364
794	11991
795	15835
796	16393
797	14586
798	14784
799	16445
800	18946
801	15267
802	12964
803	18732
804	18185
805	15474
806	19080
807	14035
808	15261
809	13748
810	12297
811	15312
812	14035
813	14795
814	14430
815	14460
816	12174
817	15800
818	14133
819	13785
820	14061
821	14155
822	12970
823	15283
824	15729
825	14501
826	14703
827	15029
828	12110
829	16096
830	13919
831	16060
832	12621
833	14732
834	16233
835	14039
836	14520
837	13352
838	16959
839	16471
840	12222
841	14648
842	14151
843	15112
844	15219
845	15605
846	18235
847	15787
848	16849
849	13933
850	16236
851	17549
852	15990
853	18165
854	16392
855	16976
856	16046
857	17124
858	19409
859	16128
860	16778
861	17457
862	19969
863	18504
864	20771
865	24102
866	34666
867	30690
868	29800
869	27727
870	37552
871	32538
872	34403
873	34229
874	34886
875	33711
876	30878
877	36958
878	42516
879	44937
880	46402
881	46346
882	44501
883	41776
884	43678
885	44105
886	47082
887	51936
888	46126
889	42754
890	54703
891	60321
892	58794
893	38288
894	46244
895	48033
896	42652
897	47269
898	47749
899	45462
900	41314
901	43700
902	34603
903	48367
904	45622
905	40433
906	37891
907	43774
908	42047
909	42332
910	41614
911	49310
912	45805
913	39160
914	47888
915	50344
916	56017
917	53146
918	52159
919	41371
920	42513
921	36277
922	36321
923	46647
924	49332
925	57445
926	64006
927	55257
928	51665
929	46468
930	45570
931	51856
932	49787
933	46360
934	52294
935	45117
936	42862
937	51250
938	47094
939	39392
940	37342
941	36760
942	42302
943	52456
944	51309
945	58891
946	45814
947	52652
948	51837
949	44611
950	47376
951	49682
952	51132
953	51045
954	42918
955	49278
956	38689
957	47458
958	47739
959	54225
960	49270
961	49241
962	45306
963	37235
964	25988
965	20963
966	19575
967	24176
968	16405
969	16091
970	12720
971	15636
972	15719
973	13011
974	7787
975	10517
976	9603
977	14458
978	7044
979	11149
980	10899
981	12257
982	13355
983	10645
984	12378
985	12152
986	13519
987	11968
988	8610
989	10944
990	11857
991	11961
992	11888
993	11324
994	10012
995	11301
996	9716
997	10675
998	13162
999	14636
1000	17187
1001	10382
1002	14532
1003	18912
1004	18587
1005	19282
1006	5179
1007	8719
1008	6943
1009	7325
1010	6227
1011	5759
1012	4262
1013	12252
1014	12570
1015	8454
1016	0
1017	0
1018	0
1019	0
1020	0
1021	165
1022	559
1023	1257
1024	6465
1025	9161
1026	7459
1027	10539
1028	13143
1029	13362
1030	14184
1031	118773
1032	0
1033	0
1034	0
1035	0
1036	0
1037	0
1038	0
1039	0
1040	0
1041	0
1042	0
1043	0
1044	0
1045	0
1046	0
1047	0
1048	0
1049	0
1050	0
1051	0
1052	0
1053	0
1054	0
1055	0
1056	0
1057	0
1058	0
1059	0
1060	0
1061	0
1062	0
1063	0
1064	0
1065	0
1066	0
1067	0
1068	0
1069	0
1070	0
1071	0
1072	0
1073	0
1074	0
1075	0
1076	0
1077	0
1078	0
1079	0
1080	0
1081	0
1082	0
1083	0
1084	0
1085	0
1086	0
1087	0
1088	0
1089	0
1090	0
1091	0
1092	0
1093	119
1094	1223
1095	874
1096	5243
1097	8520
1098	9779
1099	10861
1100	13245
1101	12267
1102	16453
1103	16626
1104	14911
1105	14307
1106	15834
1107	10228
1108	9512
1109	11283
1110	14619
1111	15742
1112	12374
1113	13080
1114	15859
1115	13007
1116	15895
1117	14415
1118	15379
1119	14444
1120	12960
1121	14115
1122	14319
1123	13895
1124	13424
1125	14846
1126	15509
1127	15423
1128	17318
1129	19308
1130	15362
1131	16652
1132	19255
1133	21340
1134	18801
1135	20920
1136	21322
1137	38236
1138	37976
1139	42113
1140	42098
1141	43935
1142	49748
1143	61384
1144	53562
1145	60052
1146	53561
1147	52162
1148	51800
1149	41720
1150	47840
1151	43752
1152	37098
1153	42344
1154	36946
1155	27979
1156	30965
1157	23329
1158	23263
1159	21986
1160	19731
1161	20690
1162	17591
1163	19586
1164	21229
1165	29566
1166	34047
1167	34396
1168	30349
1169	30020
1170	37071
1171	28243
1172	27553
1173	28407
1174	25292
1175	24090
1176	25919
1177	26394
1178	31264
1179	34903
1180	33059
1181	27040
1182	26411
1183	30141
1184	34323
1185	40670
1186	53698
1187	45012
1188	42257
1189	38521
1190	49963
1191	49802
1192	46379
1193	38460
1194	39868
1195	37404
1196	37974
1197	37124
1198	32777
1199	32776
1200	32029
1201	23706
1202	26568
1203	28576
1204	20497
1205	27459
1206	20983
1207	24687
1208	26222
1209	37175
1210	46900
1211	47311
1212	55667
1213	47751
1214	46189
1215	43129
1216	49212
1217	46993
1218	44329
1219	18452
1220	34908
1221	47923
1222	55091
1223	47431
1224	56754
1225	53564
1226	47249
1227	48298
1228	55795
1229	48648
1230	45489
1231	57844
1232	61715
1233	45807
1234	57977
1235	52649
1236	56120
1237	45553
1238	41563
1239	43310
1240	35762
1241	45346
1242	48522
1243	59959
1244	61723
1245	61533
1246	54974
1247	57956
1248	56068
1249	49969
1250	55045
1251	46586
1252	56576
1253	51601
1254	45226
1255	51322
1256	34251
1257	28426
1258	37014
1259	34887
1260	36190
1261	31266
1262	33337
1263	31945
1264	33386
1265	41603
1266	52262
1267	51080
1268	49186
1269	45749
1270	45679
1271	51205
1272	57103
1273	46242
1274	59648
1275	44776
1276	45801
1277	37931
1278	51236
1279	54140
1280	47361
1281	48054
1282	49436
1283	52408
1284	59995
1285	47896
1286	51307
1287	50717
1288	50706
1289	40727
1290	44702
1291	53759
1292	55171
1293	53812
1294	56169
1295	53714
1296	55968
1297	57645
1298	52710
1299	47663
1300	49856
1301	54701
1302	53155
1303	48918
1304	52146
1305	56193
1306	48374
1307	43574
1308	49792
1309	51030
1310	46227
1311	44680
1312	51673
1313	54183
1314	51058
1315	52202
1316	56930
1317	44245
1318	47526
1319	49276
1320	49093
1321	51673
1322	50540
1323	47221
1324	50169
1325	51078
1326	58032
1327	51182
1328	50225
1329	43055
1330	41268
1331	44829
1332	44929
1333	55613
1334	53013
1335	56882
1336	57045
1337	53085
1338	51221
1339	45730
1340	47190
1341	47656
1342	47485
1343	53151
1344	49520
1345	55736
1346	52440
1347	51001
1348	50629
1349	37136
1350	35598
1351	37940
1352	32341
1353	29134
1354	34704
1355	43569
1356	48732
1357	46637
1358	39636
1359	43369
1360	54553
1361	53940
1362	48380
1363	52074
1364	46480
1365	41396
1366	42976
1367	43351
1368	45602
1369	45651
1370	45349
1371	47797
1372	50135
1373	49576
1374	54736
1375	51343
1376	39786
1377	44202
1378	45365
1379	42977
1380	47387
1381	40677
1382	7590
1383	48202
1384	51147
1385	53801
1386	44824
1387	44961
1388	45042
1389	39832
1390	44504
1391	50902
1392	37367
1393	39618
1394	12823
1395	12190
1396	44177
1397	41126
1398	37145
1399	47250
1400	43324
1401	47707
1402	43689
1403	43761
1404	42607
1405	48992
1406	39867
1407	38915
1408	43626
1409	40468
1410	36354
1411	36341
1412	39235
1413	33103
1414	39052
1415	37194
1416	38111
1417	32253
1418	31574
1419	37717
1420	42279
1421	34521
1422	38160
1423	40585
1424	37444
1425	42736
1426	34617
1427	29310
1428	40749
1429	43335
1430	27678
1431	28856
1432	46118
1433	48042
1434	46131
1435	48221
1436	51834
1437	53696
1438	50675
1439	45010
1440	50677
1441	46165
1442	54021
1443	47070
1444	40020
1445	52795
1446	49376
1447	52922
1448	50999
1449	64548
1450	57217
1451	45074
1452	41147
1453	37663
1454	34719
1455	37199
1456	36341
1457	54711
1458	47889
1459	48798
1460	48619
1461	51209
1462	50295
1463	37005
1464	46342
1465	45208
1466	53003
1467	51899
1468	41850
1469	51814
1470	50012
1471	52665
1472	43744
1473	56626
1474	59891
1475	45082
1476	39884
1477	39751
1478	34496
1479	41658
1480	42591
1481	32505
1482	41384
1483	54988
1484	44026
1485	45952
1486	42071
1487	46582
1488	54427
1489	37512
1490	40717
1491	44205
1492	40032
1493	49815
1494	53726
1495	49803
1496	47967
1497	56644
1498	56642
1499	50520
1500	59202
1501	58128
1502	54341
1503	60904
1504	60207
1505	61764
1506	53270
1507	39952
1508	46984
1509	46414
1510	48071
1511	39649
1512	39608
1513	38050
1514	34143
1515	38457
1516	38112
1517	52833
1518	53660
1519	45572
1520	50192
1521	41826
1522	44612
1523	42761
1524	33800
1525	41501
1526	48712
1527	53409
1528	57384
1529	53900
1530	46912
1531	50584
1532	36281
1533	36690
1534	41728
1535	47130
1536	41434
1537	44158
1538	45816
1539	37435
1540	39319
1541	37377
1542	38336
1543	35505
1544	40876
1545	41943
1546	46571
1547	44841
1548	42460
1549	41242
1550	42220
1551	44333
1552	33975
1553	41950
1554	57570
1555	59427
1556	48461
1557	61959
1558	54244
1559	51224
1560	52667
1561	47460
1562	47632
1563	39194
1564	37759
1565	44949
1566	40025
1567	36527
1568	42644
1569	37766
1570	37961
1571	31153
1572	34870
1573	32102
1574	32903
1575	32951
1576	33301
1577	30679
1578	29125
1579	29735
1580	33783
1581	30022
1582	25547
1583	25858
1584	22331
1585	21778
1586	26583
1587	24062
1588	19068
1589	20596
1590	17731
1591	17012
1592	15729
1593	18176
1594	15497
1595	16970
1596	15024
1597	17930
1598	18029
1599	14696
1600	13641
1601	18303
1602	16111
1603	15733
1604	16800
1605	13593
1606	13300
1607	15883
1608	15695
1609	15180
1610	13753
1611	14734
1612	14464
1613	13500
1614	13630
1615	14723
1616	12469
1617	13885
1618	13370
1619	11909
1620	15344
1621	13228
1622	14145
1623	14572
1624	13255
1625	13469
1626	15115
1627	13014
1628	14885
1629	12581
1630	12405
1631	12393
1632	14142
1633	13745
1634	15155
1635	14668
1636	14960
1637	13506
1638	17306
1639	14411
1640	16086
1641	13765
1642	14290
1643	16513
1644	17394
1645	17092
1646	19210
1647	23684
1648	33628
1649	39920
1650	43042
1651	36698
1652	41989
1653	39109
1654	37039
1655	47845
1656	42051
1657	36968
1658	38136
1659	36020
1660	31176
1661	26717
1662	26069
1663	24998
1664	20101
1665	23678
1666	22016
1667	17772
1668	23782
1669	22476
1670	24258
1671	16918
1672	16360
1673	15270
1674	15830
1675	15203
1676	15143
1677	11903
1678	17388
1679	16804
1680	15226
1681	14345
1682	14244
1683	14490
1684	15305
1685	16321
1686	17709
1687	18816
1688	13186
1689	15615
1690	16623
1691	15913
1692	14085
1693	15914
1694	14099
1695	13965
1696	14605
1697	17962
1698	15633
1699	17526
1700	14322
1701	17236
1702	17820
1703	19554
1704	18756
1705	26559
1706	29593
1707	33467
1708	29349
1709	32244
1710	32975
1711	35135
1712	38585
1713	33607
1714	35293
1715	45873
1716	46682
1717	62098
1718	53419
1719	41914
1720	39889
1721	35028
1722	38652
1723	43706
1724	39472
1725	38929
1726	31415
1727	35538
1728	31069
1729	37073
1730	32196
1731	34503
1732	40788
1733	39019
1734	46935
1735	32815
1736	32683
1737	28225
1738	30607
1739	23467
1740	28270
1741	29461
1742	29764
1743	19191
1744	19418
1745	18067
1746	16320
1747	16262
1748	18158
1749	16553
1750	17497
1751	14785
1752	15712
1753	12532
1754	3876
1755	19497
1756	18862
1757	21332
1758	22526
1759	23860
1760	25502
1761	29889
1762	26954
1763	23354
1764	24161
1765	21359
1766	17927
1767	14957
1768	15736
1769	15124
1770	15616
1771	13024
1772	12698
1773	10222
1774	11200
1775	11706
1776	11459
1777	11150
1778	13652
1779	13148
1780	9518
1781	11264
1782	12851
1783	12107
1784	12628
1785	13842
1786	12603
1787	10678
1788	10744
1789	10994
1790	6099
1791	1818
1792	2051
1793	3358
1794	2201
1795	3436
1796	10535
1797	17596
1798	19636
1799	27038
1800	17538
1801	18241
1802	15391
1803	14706
1804	14721
1805	14960
1806	14465
1807	12643
1808	12340
1809	12798
1810	14462
1811	11635
1812	13625
1813	14163
1814	13015
1815	13578
1816	14093
1817	11563
1818	11668
1819	13431
1820	12666
1821	14288
1822	13422
1823	16875
1824	14632
1825	16374
1826	18832
1827	16980
1828	15479
1829	19367
1830	21446
1831	25486
1832	23101
1833	23125
1834	22286
1835	19330
1836	17947
1837	21562
1838	17370
1839	18700
1840	19969
1841	19919
1842	19855
1843	18613
1844	15061
1845	15771
1846	16263
1847	17662
1848	19981
1849	21651
1850	20329
1851	23056
1852	22923
1853	24905
1854	24729
1855	21142
1856	21925
1857	22066
1858	21438
1859	27855
1860	32425
1861	28069
1862	27196
1863	28144
1864	31570
1865	39120
1866	36007
1867	35781
1868	36145
1869	41148
1870	42064
1871	41732
1872	35752
1873	34614
1874	39461
1875	38262
1876	33629
1877	41077
1878	30736
1879	32943
1880	29168
1881	28498
1882	32994
1883	34603
1884	38159
1885	39092
1886	40282
1887	35894
1888	37469
1889	44383
1890	38479
1891	38766
1892	39762
1893	42106
1894	33336
1895	43956
1896	50891
1897	43695
1898	27477
1899	35936
1900	33919
1901	36575
1902	35419
1903	37253
1904	32652
1905	35462
1906	28341
1907	25916
1908	32870
1909	39217
1910	33228
1911	31323
1912	33611
1913	31750
1914	35636
1915	42466
1916	44877
1917	43800
1918	42736
1919	39197
1920	37448
1921	44072
1922	31399
1923	32444
1924	31172
1925	22785
1926	0
1927	0
1928	5946
1929	23698
1930	23646
1931	22061
1932	22773
1933	24513
1934	19691
1935	17007
1936	17627
1937	17950
1938	15319
1939	20748
1940	18542
1941	16138
1942	15489
1943	18674
1944	15514
1945	17590
1946	16678
1947	18335
1948	20575
1949	15162
1950	20442
1951	22746
1952	20100
1953	21940
1954	24092
1955	19891
1956	25799
1957	27056
1958	21989
1959	22654
1960	22018
1961	17267
1962	19211
1963	19236
1964	20281
1965	21446
1966	22147
1967	18748
1968	21478
1969	16893
1970	19784
1971	22349
1972	18477
1973	16525
1974	20025
1975	14960
1976	16033
1977	17490
1978	12673
1979	13879
1980	14079
1981	13462
1982	12104
1983	12615
1984	13966
1985	12605
1986	13206
1987	14763
1988	14296
1989	13097
1990	13845
1991	12397
1992	14234
1993	15127
1994	13023
1995	14465
1996	14662
1997	14843
1998	11568
1999	11708
2000	12691
2001	15243
2002	14981
2003	14036
2004	16525
2005	14873
2006	14594
2007	17306
2008	21652
2009	27052
2010	24240
2011	25255
2012	26396
2013	27630
2014	24865
2015	23320
2016	24297
2017	21612
2018	18926
2019	22076
2020	16949
2021	18655
2022	17590
2023	16204
2024	17622
2025	14864
2026	16177
2027	15822
2028	19031
2029	16674
2030	16123
2031	11232
2032	15339
2033	15216
2034	16841
2035	17289
2036	14515
2037	22250
2038	24637
2039	24167
2040	20402
2041	24016
2042	38887
2043	35455
2044	27743
2045	37809
2046	34983
2047	33024
2048	27294
2049	32300
2050	24694
2051	22512
2052	20003
2053	21024
2054	18190
2055	21978
2056	17884
2057	20570
2058	21850
2059	25609
2060	14279
2061	14886
2062	16001
2063	13599
2064	13705
2065	15954
2066	12520
2067	15975
2068	15606
2069	16989
2070	15893
2071	16133
2072	15040
2073	13425
2074	16495
2075	16141
2076	14871
2077	15944
2078	13720
2079	14290
2080	13751
2081	13715
2082	11998
2083	14737
2084	16637
2085	14728
2086	16026
2087	16924
2088	12552
2089	15180
2090	12710
2091	12724
2092	13546
2093	13539
2094	12645
2095	15772
2096	15430
2097	13990
2098	14570
2099	16192
2100	15739
2101	16291
2102	16075
2103	17866
2104	18427
2105	15297
2106	19541
2107	21196
2108	15833
2109	14062
2110	13018
2111	14941
2112	12928
2113	15523
2114	14829
2115	12795
2116	16751
2117	24560
2118	24179
2119	22800
2120	20601
2121	19429
2122	15600
2123	18974
2124	15533
2125	16090
2126	14374
2127	13318
2128	13863
2129	16000
2130	13778
2131	14804
2132	14654
2133	13101
2134	15318
2135	12542
2136	59631
2137	17502
2138	17712
2139	17406
2140	18288
2141	19976
2142	28694
2143	25014
2144	19068
2145	26880
2146	24860
2147	26920
2148	31579
2149	31105
2150	27589
2151	33781
2152	37097
2153	40874
2154	40691
2155	38677
2156	39358
2157	47893
2158	39462
2159	39166
2160	41685
2161	40549
2162	35634
2163	32270
2164	31503
2165	40516
2166	34249
2167	47968
2168	49589
2169	41296
2170	37977
2171	37481
2172	30241
2173	33921
2174	32032
2175	31694
2176	32323
2177	26404
2178	22738
2179	20849
2180	18227
2181	14954
2182	16529
2183	16704
2184	16444
2185	16759
2186	16183
2187	14701
2188	16185
2189	15440
2190	19476
2191	18725
2192	22307
2193	22051
2194	22980
2195	27921
2196	26566
2197	27448
2198	31440
2199	27655
2200	31146
2201	32105
2202	29518
2203	37421
2204	38548
2205	32223
2206	33709
2207	29340
2208	21350
2209	16112
2210	16125
2211	14105
2212	17917
2213	21029
2214	18040
2215	19576
2216	20553
2217	19889
2218	20051
2219	20412
2220	16535
2221	20940
2222	24722
2223	28690
2224	34041
2225	34966
2226	38965
2227	30208
2228	40163
2229	40853
2230	37539
2231	36918
2232	40518
2233	45164
2234	45498
2235	45908
2236	42711
2237	42552
2238	41124
2239	43341
2240	36285
2241	42328
2242	44469
2243	38602
2244	41016
2245	31379
2246	31413
2247	33127
2248	31323
2249	32186
2250	26388
2251	27118
2252	29283
2253	32744
2254	32080
2255	29969
2256	27646
2257	26856
2258	28138
2259	28024
2260	29993
2261	35183
2262	37677
2263	42506
2264	42771
2265	43738
2266	37816
2267	41193
2268	45996
2269	42023
2270	41034
2271	48690
2272	37319
2273	42114
2274	45420
2275	42307
2276	41212
2277	48162
2278	47637
2279	45384
2280	44464
2281	50217
2282	44892
2283	43354
2284	33706
2285	38215
2286	34196
2287	27955
2288	26630
2289	13616
2290	15580
2291	26796
2292	27416
2293	25022
2294	25362
2295	21265
2296	20509
2297	21597
2298	23655
2299	24550
2300	28726
2301	23244
2302	20946
2303	20565
2304	19377
2305	17889
2306	21467
2307	24800
2308	28043
2309	26575
2310	31872
2311	29671
2312	31740
2313	23798
2314	18067
2315	25988
2316	24994
2317	23911
2318	28536
2319	27625
2320	32160
2321	32933
2322	34450
2323	33944
2324	33820
2325	38508
2326	38972
2327	32961
2328	32170
2329	36608
2330	33162
2331	39834
2332	45114
2333	49731
2334	51351
2335	41646
2336	37002
2337	41375
2338	41798
2339	48414
2340	43203
2341	43330
2342	44938
2343	46246
2344	49477
2345	43927
2346	42090
2347	46625
2348	41210
2349	42228
2350	42570
2351	40086
2352	47589
2353	39366
2354	47056
2355	52480
2356	53179
2357	53746
2358	58212
2359	53889
2360	47300
2361	47200
2362	42079
2363	47325
2364	53635
2365	49592
2366	42814
2367	47012
2368	49348
2369	49310
2370	48641
2371	49714
2372	43327
2373	48055
2374	49909
2375	50725
2376	51712
2377	57337
2378	49741
2379	61533
2380	56263
2381	52710
2382	44171
2383	43929
2384	58866
2385	49735
2386	48645
2387	45665
2388	46556
2389	52657
2390	42862
2391	39751
2392	43485
2393	35252
2394	40915
2395	42582
2396	39385
2397	39698
2398	37736
2399	43152
2400	38896
2401	53286
2402	47114
2403	45394
2404	41298
2405	30405
2406	33773
2407	40127
2408	41230
2409	36928
2410	37278
2411	36926
2412	32428
2413	35391
2414	37791
2415	34422
2416	33377
2417	28685
2418	24990
2419	26195
2420	28071
2421	28656
2422	30153
2423	32151
2424	30056
2425	27888
2426	29898
2427	26598
2428	25029
2429	31297
2430	25656
2431	19720
2432	17184
2433	14502
2434	15961
2435	18554
2436	16635
2437	13514
2438	14927
2439	16565
2440	17019
2441	17765
2442	17787
2443	17965
2444	16802
2445	18566
2446	18315
2447	27432
2448	25027
2449	27801
2450	33153
2451	32524
2452	35202
2453	29918
2454	27298
2455	28198
2456	24915
2457	34139
2458	36006
2459	37520
2460	34431
2461	29493
2462	33019
2463	30490
2464	31259
2465	28799
2466	29433
2467	32138
2468	32843
2469	39268
2470	32885
2471	34077
2472	33232
2473	21717
2474	25494
2475	23035
2476	23792
2477	28092
2478	31867
2479	39624
2480	34300
2481	39402
2482	30872
2483	30235
2484	28957
2485	33723
2486	35537
2487	32122
2488	34329
2489	38984
2490	45119
2491	37494
2492	44067
2493	39289
2494	43937
2495	40868
2496	40122
2497	33107
2498	36055
2499	43260
2500	41444
2501	36759
2502	40599
2503	42972
2504	41615
2505	45008
2506	44863
2507	45429
2508	46660
2509	46644
2510	36888
2511	32590
2512	33687
2513	30447
2514	33066
2515	39693
2516	39144
2517	31607
2518	35990
2519	42740
2520	48841
2521	45325
2522	43915
2523	45560
2524	49480
2525	47061
2526	42143
2527	41218
2528	41372
2529	41204
2530	34947
2531	34014
2532	36099
2533	29045
2534	32566
2535	31782
2536	26902
2537	28176
2538	23971
2539	23971
2540	18656
2541	16822
2542	23639
2543	13101
2544	16397
2545	14834
2546	18059
2547	14571
2548	15107
2549	16315
2550	15192
2551	13545
2552	12568
2553	13403
2554	14596
2555	14393
2556	14978
2557	17167
2558	17310
2559	14917
2560	19975
2561	18157
2562	16493
2563	17268
2564	18336
2565	19505
2566	23070
2567	28592
2568	26320
2569	25775
2570	25754
2571	27832
2572	33073
2573	26311
2574	28943
2575	30795
2576	28436
2577	14378
2578	16159
2579	13704
2580	14134
2581	14971
2582	16581
2583	21843
2584	22173
2585	25232
2586	23863
2587	19323
2588	22607
2589	29068
2590	25680
2591	30551
2592	34413
2593	31825
2594	41350
2595	45597
2596	36982
2597	44014
2598	39114
2599	39448
2600	47047
2601	43894
2602	32842
2603	37497
2604	35658
2605	43892
2606	36217
2607	31736
2608	28979
2609	30310
2610	28875
2611	24714
2612	23792
2613	28272
2614	31472
2615	33433
2616	19911
2617	21032
2618	26368
2619	22862
2620	23348
2621	24646
2622	23857
2623	23998
2624	25363
2625	25797
2626	23432
2627	27246
2628	24532
2629	25508
2630	26876
2631	26199
2632	19024
2633	15393
2634	15533
2635	16320
2636	20196
2637	17260
2638	18819
2639	19468
2640	20298
2641	17400
2642	15926
2643	17251
2644	17347
2645	16539
2646	17100
2647	15663
2648	16923
2649	16182
2650	16059
2651	15951
2652	17656
2653	16522
2654	16262
2655	17645
2656	17954
2657	18826
2658	22168
2659	19728
2660	21821
2661	19722
2662	17727
2663	16581
2664	18959
2665	17815
2666	17464
2667	18381
2668	18489
2669	21736
2670	19024
2671	18827
2672	18515
2673	24103
2674	21623
2675	28409
2676	28062
2677	33911
2678	34888
2679	24229
2680	30309
2681	35239
2682	43573
2683	36589
2684	41859
2685	32702
2686	33743
2687	33171
2688	32688
2689	34704
2690	33707
2691	31266
2692	26880
2693	29504
2694	33568
2695	26062
2696	27877
2697	24971
2698	25976
2699	0
2700	0
