	K562_combined
0	2052.0
1	3217.0
2	4153.0
3	698.0
4	5919.0
5	1488.0
6	50.0
7	154.0
8	85.0
9	126.0
10	4886.0
11	17576.0
12	2614.0
13	3387.0
14	17545.0
15	34712.0
16	38326.0
17	39841.0
18	45775.0
19	37827.0
20	35458.0
21	37533.0
22	40323.0
23	39811.0
24	40050.0
25	35816.0
26	49294.0
27	43200.0
28	35104.0
29	42722.0
30	59531.0
31	34857.0
32	32203.0
33	38781.0
34	53194.0
35	54440.0
36	51713.0
37	48688.0
38	59326.0
39	47857.0
40	43297.0
41	41363.0
42	59932.0
43	55563.0
44	32893.0
45	45414.0
46	47544.0
47	44696.0
48	39025.0
49	41539.0
50	41533.0
51	43849.0
52	28913.0
53	9060.0
54	30635.0
55	28243.0
56	34092.0
57	31005.0
58	40297.0
59	34841.0
60	33205.0
61	39301.0
62	42931.0
63	36211.0
64	47351.0
65	37592.0
66	37295.0
67	48092.0
68	37236.0
69	43832.0
70	48957.0
71	54965.0
72	48875.0
73	68565.0
74	57333.0
75	56948.0
76	45863.0
77	0.0
78	0.0
79	5378.0
80	54560.0
81	47177.0
82	39589.0
83	46200.0
84	46353.0
85	45798.0
86	31243.0
87	30360.0
88	34496.0
89	38202.0
90	33163.0
91	30719.0
92	35472.0
93	36400.0
94	36618.0
95	30158.0
96	36388.0
97	28422.0
98	30343.0
99	27246.0
100	29887.0
101	31462.0
102	25307.0
103	26133.0
104	28236.0
105	26393.0
106	34158.0
107	34390.0
108	35659.0
109	38358.0
110	35523.0
111	41084.0
112	37839.0
113	42006.0
114	44375.0
115	44817.0
116	46103.0
117	45952.0
118	57715.0
119	60044.0
120	56105.0
121	55492.0
122	59472.0
123	56633.0
124	58157.0
125	64319.0
126	48327.0
127	59780.0
128	66998.0
129	87099.0
130	65630.0
131	79397.0
132	68360.0
133	55961.0
134	59422.0
135	63161.0
136	63273.0
137	53960.0
138	53435.0
139	54160.0
140	48437.0
141	47303.0
142	48661.0
143	46283.0
144	41806.0
145	41942.0
146	41700.0
147	45408.0
148	40250.0
149	40688.0
150	39792.0
151	42386.0
152	49791.0
153	48860.0
154	51860.0
155	52195.0
156	47470.0
157	48007.0
158	55393.0
159	59527.0
160	58224.0
161	49658.0
162	56337.0
163	58393.0
164	59753.0
165	64897.0
166	53609.0
167	57747.0
168	50933.0
169	54883.0
170	51040.0
171	53039.0
172	52856.0
173	51157.0
174	58919.0
175	49975.0
176	53122.0
177	65084.0
178	78046.0
179	65640.0
180	63122.0
181	66447.0
182	55788.0
183	58950.0
184	61097.0
185	61954.0
186	65744.0
187	63265.0
188	60488.0
189	57711.0
190	54784.0
191	65357.0
192	60711.0
193	60168.0
194	65019.0
195	63256.0
196	59105.0
197	66531.0
198	61930.0
199	67401.0
200	68803.0
201	63020.0
202	65307.0
203	56360.0
204	54849.0
205	58004.0
206	57429.0
207	52330.0
208	58183.0
209	71757.0
210	67569.0
211	64239.0
212	56961.0
213	51342.0
214	51528.0
215	56991.0
216	60820.0
217	54028.0
218	61882.0
219	55795.0
220	64394.0
221	57725.0
222	58149.0
223	58901.0
224	53779.0
225	54370.0
226	60456.0
227	66564.0
228	62009.0
229	60927.0
230	56329.0
231	53646.0
232	58117.0
233	59240.0
234	62576.0
235	80290.0
236	65108.0
237	68649.0
238	69268.0
239	72382.0
240	68156.0
241	70621.0
242	66368.0
243	63930.0
244	62002.0
245	70871.0
246	61468.0
247	56572.0
248	49433.0
249	65697.0
250	66873.0
251	73580.0
252	66453.0
253	70270.0
254	59617.0
255	46406.0
256	50541.0
257	45199.0
258	40901.0
259	13663.0
260	4410.0
261	1283.0
262	3114.0
263	19128.0
264	8867.0
265	0.0
266	832.0
267	3004.0
268	768.0
269	1794.0
270	1100.0
271	348.0
272	222.0
273	539.0
274	2338.0
275	16004.0
276	42876.0
277	36596.0
278	42026.0
279	41885.0
280	42376.0
281	44031.0
282	48746.0
283	43567.0
284	42311.0
285	41334.0
286	36648.0
287	38087.0
288	42921.0
289	43394.0
290	35355.0
291	38394.0
292	45849.0
293	53144.0
294	52276.0
295	53631.0
296	55526.0
297	55648.0
298	54653.0
299	49579.0
300	58082.0
301	60608.0
302	70019.0
303	62254.0
304	62415.0
305	63618.0
306	59429.0
307	57424.0
308	58400.0
309	62672.0
310	58704.0
311	56615.0
312	62582.0
313	65871.0
314	68963.0
315	73652.0
316	56948.0
317	64840.0
318	65115.0
319	55815.0
320	67446.0
321	64419.0
322	70543.0
323	56855.0
324	56761.0
325	64146.0
326	66851.0
327	56231.0
328	65792.0
329	71153.0
330	69795.0
331	65591.0
332	59559.0
333	62091.0
334	67821.0
335	65767.0
336	67984.0
337	113923.0
338	146885.0
339	115912.0
340	75761.0
341	51973.0
342	20639.0
343	19909.0
344	56986.0
345	53750.0
346	75784.0
347	59311.0
348	62087.0
349	53069.0
350	55178.0
351	59863.0
352	52582.0
353	61131.0
354	73782.0
355	61334.0
356	68779.0
357	55568.0
358	54429.0
359	51948.0
360	46041.0
361	46009.0
362	45255.0
363	44832.0
364	50148.0
365	52567.0
366	50003.0
367	43456.0
368	45168.0
369	42978.0
370	48521.0
371	47369.0
372	49636.0
373	50222.0
374	52114.0
375	55020.0
376	46756.0
377	52750.0
378	51527.0
379	47387.0
380	51792.0
381	56490.0
382	65308.0
383	63426.0
384	72178.0
385	61429.0
386	57869.0
387	57152.0
388	54222.0
389	57943.0
390	61644.0
391	61329.0
392	60427.0
393	70743.0
394	67232.0
395	63064.0
396	69673.0
397	63441.0
398	65270.0
399	64032.0
400	60945.0
401	67874.0
402	58382.0
403	54688.0
404	56002.0
405	54112.0
406	46401.0
407	50361.0
408	61602.0
409	59852.0
410	61642.0
411	49179.0
412	60998.0
413	57025.0
414	48255.0
415	52145.0
416	57281.0
417	64700.0
418	62578.0
419	63770.0
420	60057.0
421	57834.0
422	48553.0
423	45970.0
424	44750.0
425	44535.0
426	47538.0
427	48352.0
428	51803.0
429	54116.0
430	62719.0
431	71826.0
432	70714.0
433	64166.0
434	52199.0
435	50376.0
436	54278.0
437	65533.0
438	59028.0
439	72048.0
440	56039.0
441	56534.0
442	68097.0
443	58135.0
444	62937.0
445	68325.0
446	50848.0
447	71841.0
448	56881.0
449	75267.0
450	73835.0
451	47243.0
452	61114.0
453	60454.0
454	62271.0
455	50368.0
456	48225.0
457	59266.0
458	56700.0
459	50720.0
460	49273.0
461	58008.0
462	50880.0
463	64109.0
464	61832.0
465	51216.0
466	55026.0
467	52043.0
468	70235.0
469	56324.0
470	68712.0
471	61748.0
472	45209.0
473	59513.0
474	69988.0
475	69491.0
476	67117.0
477	71955.0
478	65524.0
479	57666.0
480	64758.0
481	57047.0
482	64500.0
483	52793.0
484	58123.0
485	11471.0
486	2582.0
487	41095.0
488	63037.0
489	56941.0
490	58024.0
491	56004.0
492	58437.0
493	58974.0
494	59120.0
495	56460.0
496	56650.0
497	57758.0
498	56401.0
499	47828.0
500	65232.0
501	62623.0
502	50032.0
503	53228.0
504	56366.0
505	56903.0
506	49228.0
507	57149.0
508	66791.0
509	60492.0
510	61896.0
511	74661.0
512	27577.0
513	37861.0
514	42540.0
515	56154.0
516	51312.0
517	69581.0
518	59478.0
519	55707.0
520	59780.0
521	67844.0
522	70914.0
523	69164.0
524	70978.0
525	70416.0
526	77394.0
527	75853.0
528	77048.0
529	73569.0
530	65137.0
531	63819.0
532	78679.0
533	71153.0
534	68722.0
535	55988.0
536	64756.0
537	70428.0
538	67460.0
539	57044.0
540	67927.0
541	66542.0
542	62743.0
543	66865.0
544	65806.0
545	70466.0
546	68504.0
547	64945.0
548	72102.0
549	68797.0
550	60369.0
551	60478.0
552	61908.0
553	67442.0
554	68965.0
555	63423.0
556	63070.0
557	63872.0
558	60742.0
559	72439.0
560	62684.0
561	62185.0
562	56254.0
563	61458.0
564	69971.0
565	69517.0
566	58843.0
567	49443.0
568	68616.0
569	74817.0
570	62721.0
571	71495.0
572	65478.0
573	68299.0
574	59984.0
575	61239.0
576	70554.0
577	59224.0
578	64226.0
579	69544.0
580	62818.0
581	55300.0
582	65705.0
583	74375.0
584	74941.0
585	61771.0
586	52087.0
587	53982.0
588	61066.0
589	63828.0
590	72697.0
591	68450.0
592	70764.0
593	63761.0
594	51518.0
595	51259.0
596	57863.0
597	27544.0
598	0.0
599	0.0
600	21220.0
601	51776.0
602	52823.0
603	51923.0
604	45760.0
605	48333.0
606	46335.0
607	46138.0
608	54617.0
609	38487.0
610	47646.0
611	61369.0
612	57002.0
613	49987.0
614	53314.0
615	53856.0
616	46874.0
617	52330.0
618	47507.0
619	52580.0
620	45820.0
621	52486.0
622	59534.0
623	62658.0
624	78397.0
625	76233.0
626	64528.0
627	74702.0
628	52973.0
629	59396.0
630	61291.0
631	63440.0
632	69052.0
633	63821.0
634	59271.0
635	61094.0
636	57653.0
637	60114.0
638	50557.0
639	52807.0
640	60145.0
641	63160.0
642	64677.0
643	61490.0
644	65530.0
645	65747.0
646	67012.0
647	58810.0
648	74268.0
649	66226.0
650	67067.0
651	73573.0
652	61764.0
653	70569.0
654	64619.0
655	67631.0
656	63102.0
657	64207.0
658	58877.0
659	60383.0
660	59573.0
661	62604.0
662	58873.0
663	72461.0
664	68418.0
665	60245.0
666	55615.0
667	65963.0
668	58154.0
669	66878.0
670	54956.0
671	60882.0
672	62703.0
673	52416.0
674	55246.0
675	57237.0
676	56802.0
677	49233.0
678	63760.0
679	46705.0
680	52330.0
681	43008.0
682	38618.0
683	39317.0
684	41863.0
685	40038.0
686	41831.0
687	35472.0
688	46312.0
689	40599.0
690	35841.0
691	29777.0
692	34239.0
693	37021.0
694	31611.0
695	32709.0
696	36694.0
697	36195.0
698	42797.0
699	32833.0
700	33155.0
701	46575.0
702	45020.0
703	45086.0
704	43449.0
705	52571.0
706	63506.0
707	50044.0
708	43309.0
709	40998.0
710	51470.0
711	48350.0
712	48822.0
713	56294.0
714	50926.0
715	52563.0
716	44994.0
717	40566.0
718	53961.0
719	47840.0
720	57119.0
721	49730.0
722	61310.0
723	66108.0
724	55712.0
725	57783.0
726	59744.0
727	60235.0
728	46755.0
729	51497.0
730	54316.0
731	65830.0
732	61354.0
733	67594.0
734	56682.0
735	67461.0
736	65720.0
737	72198.0
738	73860.0
739	66498.0
740	57480.0
741	50892.0
742	54136.0
743	53412.0
744	46999.0
745	50192.0
746	57066.0
747	41819.0
748	43208.0
749	50834.0
750	54873.0
751	49715.0
752	45639.0
753	39028.0
754	43698.0
755	51885.0
756	50759.0
757	60468.0
758	66462.0
759	62040.0
760	63717.0
761	66423.0
762	55002.0
763	63592.0
764	60279.0
765	56559.0
766	65395.0
767	62770.0
768	63161.0
769	67917.0
770	59710.0
771	56159.0
772	58224.0
773	64388.0
774	63017.0
775	55192.0
776	56449.0
777	46516.0
778	49566.0
779	56919.0
780	53566.0
781	53704.0
782	45235.0
783	52872.0
784	64564.0
785	69206.0
786	53756.0
787	56310.0
788	64296.0
789	63853.0
790	61973.0
791	65351.0
792	59644.0
793	59904.0
794	50112.0
795	44325.0
796	56409.0
797	56071.0
798	51238.0
799	43360.0
800	56931.0
801	65245.0
802	64724.0
803	55547.0
804	46926.0
805	62901.0
806	57813.0
807	70331.0
808	70029.0
809	55713.0
810	63190.0
811	55547.0
812	55194.0
813	47838.0
814	55356.0
815	60468.0
816	56523.0
817	50451.0
818	48379.0
819	49941.0
820	46149.0
821	51326.0
822	58146.0
823	62931.0
824	58684.0
825	66163.0
826	66458.0
827	69099.0
828	65918.0
829	58009.0
830	50328.0
831	46949.0
832	46394.0
833	47542.0
834	55728.0
835	57761.0
836	53809.0
837	55397.0
838	55986.0
839	41758.0
840	57766.0
841	49596.0
842	48438.0
843	50198.0
844	47952.0
845	43511.0
846	47131.0
847	43073.0
848	44371.0
849	38559.0
850	38852.0
851	38158.0
852	46309.0
853	39698.0
854	39381.0
855	47304.0
856	47326.0
857	51290.0
858	50515.0
859	35908.0
860	41034.0
861	48767.0
862	57936.0
863	50506.0
864	63593.0
865	59785.0
866	58019.0
867	56993.0
868	65912.0
869	61513.0
870	66083.0
871	46008.0
872	55846.0
873	60078.0
874	53836.0
875	66237.0
876	64508.0
877	68596.0
878	60203.0
879	57277.0
880	58496.0
881	58319.0
882	56282.0
883	58712.0
884	55201.0
885	57513.0
886	66158.0
887	65822.0
888	69632.0
889	70395.0
890	70118.0
891	64018.0
892	50702.0
893	64253.0
894	65324.0
895	61736.0
896	63191.0
897	41547.0
898	55374.0
899	61454.0
900	66821.0
901	61993.0
902	69899.0
903	65970.0
904	66940.0
905	70700.0
906	61744.0
907	55427.0
908	58189.0
909	71543.0
910	51322.0
911	41448.0
912	45475.0
913	50300.0
914	52221.0
915	55986.0
916	60722.0
917	55988.0
918	55812.0
919	67786.0
920	68286.0
921	57455.0
922	53454.0
923	52385.0
924	61811.0
925	58074.0
926	44727.0
927	48155.0
928	54298.0
929	64371.0
930	51234.0
931	52500.0
932	77209.0
933	66406.0
934	59325.0
935	63424.0
936	61643.0
937	71566.0
938	74591.0
939	63825.0
940	70478.0
941	68542.0
942	47576.0
943	58218.0
944	40249.0
945	47282.0
946	33386.0
947	32946.0
948	39916.0
949	45784.0
950	33263.0
951	33419.0
952	54859.0
953	76715.0
954	56288.0
955	61421.0
956	56869.0
957	62532.0
958	60944.0
959	55015.0
960	50819.0
961	46894.0
962	47313.0
963	48595.0
964	52928.0
965	45190.0
966	43789.0
967	49744.0
968	38771.0
969	39806.0
970	44326.0
971	30240.0
972	25910.0
973	29828.0
974	25624.0
975	23758.0
976	17673.0
977	19424.0
978	21710.0
979	32282.0
980	30680.0
981	31308.0
982	34954.0
983	28706.0
984	27491.0
985	25754.0
986	23896.0
987	24101.0
988	21724.0
989	21318.0
990	20561.0
991	20543.0
992	21439.0
993	24648.0
994	19794.0
995	20839.0
996	22239.0
997	20069.0
998	20317.0
999	19516.0
1000	20279.0
1001	25462.0
1002	20707.0
1003	20574.0
1004	21237.0
1005	18675.0
1006	16316.0
1007	21388.0
1008	19608.0
1009	21664.0
1010	25139.0
1011	24561.0
1012	28117.0
1013	28910.0
1014	34400.0
1015	38557.0
1016	45138.0
1017	38828.0
1018	44086.0
1019	33632.0
1020	38899.0
1021	42706.0
1022	44498.0
1023	36810.0
1024	42899.0
1025	43532.0
1026	36198.0
1027	42541.0
1028	53412.0
1029	44209.0
1030	43897.0
1031	48580.0
1032	50990.0
1033	61003.0
1034	59408.0
1035	60597.0
1036	59600.0
1037	47346.0
1038	44614.0
1039	48644.0
1040	67042.0
1041	63251.0
1042	56874.0
1043	45997.0
1044	45175.0
1045	44718.0
1046	56731.0
1047	53698.0
1048	57886.0
1049	58913.0
1050	55013.0
1051	60183.0
1052	54337.0
1053	52553.0
1054	46888.0
1055	55853.0
1056	52200.0
1057	53524.0
1058	40384.0
1059	43229.0
1060	56323.0
1061	55691.0
1062	63004.0
1063	59738.0
1064	60025.0
1065	49439.0
1066	52051.0
1067	57715.0
1068	50257.0
1069	50759.0
1070	54435.0
1071	46991.0
1072	54360.0
1073	63028.0
1074	55265.0
1075	59087.0
1076	58521.0
1077	56155.0
1078	40744.0
1079	47313.0
1080	51855.0
1081	49806.0
1082	52628.0
1083	48659.0
1084	55800.0
1085	55368.0
1086	58249.0
1087	54394.0
1088	62834.0
1089	57342.0
1090	57281.0
1091	59554.0
1092	62949.0
1093	71351.0
1094	64386.0
1095	63415.0
1096	55573.0
1097	67010.0
1098	58884.0
1099	60234.0
1100	53936.0
1101	56455.0
1102	59562.0
1103	54734.0
1104	65219.0
1105	45303.0
1106	44511.0
1107	40493.0
1108	41419.0
1109	44509.0
1110	37944.0
1111	34964.0
1112	35086.0
1113	43385.0
1114	43713.0
1115	36743.0
1116	33503.0
1117	32209.0
1118	28889.0
1119	28641.0
1120	27678.0
1121	21556.0
1122	17241.0
1123	23577.0
1124	19337.0
1125	21187.0
1126	22538.0
1127	15643.0
1128	17772.0
1129	16456.0
1130	19371.0
1131	18967.0
1132	18170.0
1133	17119.0
1134	19804.0
1135	21071.0
1136	20691.0
1137	26746.0
1138	30446.0
1139	32865.0
1140	24420.0
1141	23962.0
1142	20925.0
1143	17748.0
1144	22626.0
1145	28789.0
1146	29190.0
1147	29517.0
1148	29362.0
1149	25754.0
1150	27750.0
1151	25807.0
1152	27861.0
1153	34538.0
1154	27970.0
1155	27868.0
1156	24998.0
1157	24518.0
1158	22001.0
1159	19845.0
1160	23076.0
1161	26032.0
1162	21707.0
1163	20800.0
1164	21194.0
1165	23532.0
1166	20710.0
1167	22372.0
1168	26067.0
1169	28816.0
1170	25291.0
1171	25704.0
1172	23119.0
1173	24677.0
1174	25305.0
1175	30390.0
1176	24847.0
1177	34171.0
1178	33595.0
1179	28751.0
1180	39259.0
1181	36620.0
1182	33288.0
1183	33343.0
1184	42276.0
1185	41809.0
1186	47883.0
1187	50234.0
1188	40881.0
1189	43179.0
1190	43534.0
1191	37639.0
1192	33920.0
1193	34125.0
1194	25435.0
1195	34575.0
1196	28642.0
1197	34549.0
1198	36793.0
1199	29981.0
1200	27882.0
1201	26640.0
1202	32188.0
1203	32064.0
1204	32552.0
1205	24363.0
1206	20137.0
1207	23568.0
1208	26435.0
1209	25017.0
1210	18256.0
1211	18355.0
1212	16418.0
1213	13711.0
1214	16506.0
1215	17521.0
1216	18425.0
1217	19792.0
1218	16483.0
1219	17980.0
1220	21036.0
1221	22868.0
1222	21699.0
1223	24690.0
1224	22085.0
1225	29875.0
1226	32191.0
1227	36662.0
1228	46575.0
1229	44010.0
1230	45380.0
1231	38217.0
1232	44799.0
1233	34696.0
1234	37655.0
1235	38234.0
1236	35614.0
1237	35820.0
1238	36294.0
1239	29227.0
1240	31245.0
1241	34839.0
1242	34476.0
1243	38985.0
1244	36479.0
1245	28978.0
1246	25497.0
1247	26569.0
1248	28493.0
1249	27015.0
1250	32287.0
1251	28968.0
1252	36832.0
1253	34705.0
1254	33148.0
1255	34752.0
1256	32952.0
1257	40015.0
1258	31174.0
1259	30541.0
1260	30181.0
1261	26444.0
1262	57292.0
1263	34392.0
1264	33559.0
1265	26783.0
1266	28602.0
1267	30179.0
1268	28630.0
1269	32629.0
1270	30642.0
1271	25321.0
1272	28744.0
1273	27203.0
1274	30575.0
1275	37422.0
1276	38947.0
1277	30378.0
1278	25843.0
1279	30408.0
1280	27302.0
1281	31390.0
1282	32162.0
1283	28855.0
1284	24957.0
1285	27338.0
1286	27975.0
1287	26355.0
1288	32637.0
1289	27856.0
1290	29107.0
1291	28343.0
1292	28429.0
1293	24827.0
1294	27599.0
1295	33113.0
1296	26966.0
1297	23752.0
1298	24672.0
1299	24318.0
1300	26939.0
1301	30342.0
1302	33284.0
1303	34148.0
1304	34726.0
1305	30125.0
1306	43358.0
1307	44480.0
1308	47312.0
1309	44031.0
1310	46256.0
1311	42059.0
1312	49224.0
1313	51085.0
1314	46182.0
1315	44445.0
1316	39172.0
1317	46357.0
1318	36737.0
1319	40728.0
1320	27952.0
1321	30261.0
1322	33300.0
1323	35893.0
1324	26691.0
1325	25830.0
1326	23128.0
1327	26746.0
1328	28713.0
1329	19429.0
1330	17383.0
1331	21644.0
1332	21773.0
1333	20112.0
1334	24716.0
1335	23431.0
1336	23523.0
1337	28237.0
1338	22240.0
1339	26983.0
1340	23938.0
1341	25680.0
1342	25046.0
1343	23691.0
1344	33447.0
1345	25997.0
1346	29268.0
1347	31558.0
1348	32497.0
1349	32190.0
1350	27427.0
1351	38185.0
1352	41025.0
1353	40084.0
1354	36313.0
1355	33796.0
1356	40124.0
1357	40763.0
1358	48164.0
1359	51349.0
1360	46848.0
1361	45979.0
1362	48302.0
1363	45705.0
1364	49698.0
1365	33723.0
1366	42514.0
1367	39769.0
1368	37189.0
1369	31501.0
1370	31063.0
1371	33220.0
1372	31519.0
1373	24830.0
1374	26648.0
1375	32556.0
1376	26465.0
1377	19848.0
1378	25153.0
1379	20788.0
1380	16521.0
1381	15458.0
1382	14290.0
1383	17352.0
1384	14437.0
1385	14499.0
1386	15973.0
1387	14344.0
1388	17530.0
1389	15403.0
1390	14306.0
1391	15569.0
1392	14521.0
1393	16677.0
1394	17837.0
1395	18589.0
1396	13685.0
1397	22551.0
1398	17649.0
1399	18958.0
1400	18591.0
1401	18505.0
1402	16599.0
1403	16227.0
1404	15718.0
1405	14856.0
1406	14855.0
1407	18574.0
1408	22277.0
1409	22008.0
1410	28353.0
1411	27046.0
1412	28890.0
1413	32026.0
1414	33657.0
1415	32328.0
1416	41714.0
1417	37941.0
1418	35976.0
1419	35454.0
1420	26029.0
1421	25072.0
1422	30405.0
1423	30927.0
1424	30208.0
1425	25488.0
1426	28609.0
1427	28122.0
1428	26856.0
1429	26925.0
1430	33404.0
1431	18900.0
1432	15964.0
1433	16756.0
1434	12842.0
1435	15461.0
1436	14125.0
1437	14843.0
1438	14737.0
1439	12431.0
1440	14952.0
1441	13557.0
1442	13451.0
1443	12864.0
1444	15592.0
1445	14628.0
1446	12923.0
1447	12230.0
1448	12337.0
1449	12657.0
1450	12378.0
1451	13377.0
1452	11774.0
1453	11765.0
1454	11985.0
1455	6944.0
1456	10438.0
1457	12776.0
1458	13120.0
1459	11809.0
1460	11162.0
1461	10763.0
1462	12336.0
1463	13814.0
1464	13958.0
1465	13017.0
1466	13550.0
1467	11412.0
1468	11813.0
1469	13835.0
1470	13568.0
1471	14956.0
1472	15296.0
1473	13054.0
1474	12572.0
1475	11888.0
1476	13588.0
1477	11846.0
1478	12807.0
1479	11485.0
1480	13842.0
1481	15415.0
1482	13953.0
1483	13206.0
1484	13716.0
1485	16068.0
1486	15445.0
1487	15004.0
1488	16538.0
1489	15012.0
1490	14918.0
1491	12518.0
1492	13619.0
1493	13783.0
1494	12919.0
1495	14833.0
1496	13659.0
1497	13923.0
1498	12121.0
1499	16955.0
1500	16554.0
1501	13412.0
1502	17671.0
1503	23135.0
1504	21572.0
1505	17892.0
1506	15529.0
1507	16125.0
1508	16875.0
1509	15246.0
1510	18845.0
1511	18268.0
1512	20891.0
1513	25889.0
1514	26767.0
1515	29475.0
1516	26629.0
1517	26557.0
1518	30816.0
1519	26820.0
1520	27130.0
1521	25223.0
1522	30736.0
1523	35830.0
1524	34541.0
1525	37247.0
1526	25999.0
1527	20674.0
1528	22939.0
1529	23365.0
1530	21724.0
1531	23503.0
1532	23011.0
1533	19032.0
1534	17683.0
1535	15497.0
1536	17238.0
1537	14358.0
1538	16871.0
1539	16737.0
1540	17247.0
1541	17473.0
1542	16997.0
1543	15127.0
1544	18439.0
1545	17393.0
1546	22634.0
1547	18769.0
1548	17684.0
1549	21106.0
1550	21014.0
1551	20592.0
1552	23776.0
1553	27643.0
1554	21758.0
1555	23750.0
1556	25905.0
1557	21489.0
1558	29334.0
1559	30406.0
1560	35887.0
1561	31971.0
1562	37870.0
1563	39251.0
1564	41972.0
1565	34694.0
1566	33228.0
1567	30983.0
1568	32666.0
1569	32201.0
1570	33648.0
1571	34270.0
1572	23055.0
1573	17697.0
1574	19764.0
1575	15904.0
1576	14399.0
1577	16504.0
1578	18054.0
1579	14499.0
1580	13141.0
1581	14268.0
1582	17182.0
1583	17073.0
1584	15575.0
1585	15293.0
1586	15060.0
1587	12629.0
1588	13235.0
1589	11935.0
1590	13018.0
1591	12652.0
1592	12852.0
1593	13295.0
1594	15539.0
1595	10600.0
1596	14292.0
1597	13387.0
1598	12722.0
1599	13321.0
1600	12258.0
1601	13286.0
1602	13257.0
1603	13103.0
1604	10991.0
1605	12820.0
1606	14377.0
1607	15578.0
1608	12834.0
1609	11914.0
1610	10076.0
1611	13503.0
1612	14321.0
1613	13754.0
1614	16015.0
1615	11866.0
1616	13593.0
1617	9929.0
1618	11995.0
1619	13159.0
1620	13056.0
1621	12559.0
1622	13837.0
1623	13483.0
1624	14079.0
1625	12770.0
1626	11633.0
1627	14181.0
1628	10700.0
1629	13532.0
1630	14081.0
1631	14920.0
1632	12798.0
1633	12908.0
1634	14223.0
1635	14337.0
1636	13366.0
1637	15369.0
1638	14023.0
1639	15431.0
1640	15504.0
1641	17382.0
1642	17851.0
1643	16832.0
1644	13803.0
1645	11876.0
1646	14569.0
1647	11690.0
1648	14599.0
1649	14688.0
1650	16126.0
1651	14943.0
1652	12332.0
1653	14437.0
1654	15419.0
1655	14282.0
1656	12414.0
1657	15461.0
1658	15799.0
1659	14896.0
1660	13731.0
1661	14990.0
1662	12491.0
1663	13424.0
1664	12956.0
1665	12957.0
1666	12163.0
1667	16437.0
1668	12117.0
1669	16057.0
1670	15407.0
1671	14231.0
1672	10131.0
1673	8576.0
1674	7893.0
1675	8950.0
1676	8783.0
1677	7778.0
1678	9797.0
1679	14469.0
1680	18747.0
1681	14972.0
1682	19688.0
1683	18737.0
1684	18727.0
1685	20993.0
1686	16500.0
1687	21845.0
1688	22218.0
1689	23346.0
1690	26574.0
1691	26803.0
1692	20960.0
1693	22771.0
1694	28605.0
1695	30954.0
1696	26854.0
1697	32113.0
1698	35641.0
1699	33974.0
1700	34672.0
1701	40708.0
1702	36082.0
1703	42135.0
1704	32006.0
1705	27784.0
1706	31011.0
1707	26363.0
1708	32900.0
1709	29961.0
1710	27858.0
1711	29664.0
1712	29127.0
1713	31973.0
1714	43009.0
1715	34209.0
1716	24121.0
1717	26817.0
1718	23855.0
1719	31892.0
1720	31797.0
1721	30855.0
1722	23515.0
1723	23648.0
1724	16181.0
1725	16609.0
1726	17806.0
1727	16268.0
1728	15866.0
1729	16340.0
1730	15220.0
1731	17691.0
1732	18056.0
1733	17609.0
1734	16066.0
1735	22870.0
1736	20960.0
1737	27914.0
1738	32489.0
1739	27927.0
1740	26545.0
1741	26657.0
1742	21002.0
1743	28487.0
1744	37738.0
1745	40413.0
1746	38099.0
1747	33267.0
1748	34928.0
1749	32230.0
1750	30182.0
1751	36939.0
1752	37177.0
1753	32192.0
1754	28904.0
1755	31240.0
1756	29721.0
1757	30370.0
1758	25686.0
1759	23600.0
1760	23891.0
1761	22155.0
1762	23471.0
1763	21637.0
1764	21619.0
1765	19716.0
1766	18087.0
1767	16477.0
1768	19498.0
1769	18244.0
1770	16502.0
1771	17782.0
1772	17418.0
1773	17614.0
1774	15114.0
1775	18507.0
1776	15657.0
1777	18929.0
1778	15955.0
1779	19703.0
1780	23353.0
1781	27357.0
1782	35089.0
1783	29537.0
1784	30447.0
1785	26904.0
1786	34716.0
1787	38404.0
1788	36920.0
1789	35189.0
1790	27608.0
1791	30858.0
1792	23932.0
1793	26766.0
1794	30160.0
1795	23339.0
1796	25994.0
1797	26352.0
1798	31035.0
1799	31579.0
1800	41890.0
1801	41144.0
1802	38014.0
1803	36538.0
1804	40685.0
1805	45927.0
1806	42009.0
1807	46459.0
1808	39767.0
1809	37145.0
1810	27779.0
1811	28622.0
1812	28719.0
1813	28165.0
1814	25498.0
1815	28807.0
1816	24018.0
1817	21651.0
1818	20132.0
1819	21771.0
1820	23876.0
1821	25778.0
1822	23408.0
1823	28848.0
1824	35193.0
1825	40412.0
1826	31802.0
1827	31517.0
1828	32204.0
1829	32794.0
1830	31643.0
1831	29693.0
1832	35763.0
1833	30277.0
1834	31518.0
1835	28867.0
1836	30865.0
1837	28146.0
1838	31400.0
1839	39328.0
1840	48936.0
1841	47565.0
1842	44147.0
1843	44084.0
1844	46595.0
1845	42301.0
1846	44984.0
1847	43499.0
1848	39368.0
1849	33401.0
1850	36482.0
1851	38038.0
1852	33173.0
1853	32793.0
1854	33651.0
1855	36349.0
1856	30740.0
1857	41147.0
1858	37418.0
1859	36472.0
1860	34131.0
1861	34279.0
1862	36921.0
1863	37740.0
1864	38584.0
1865	44211.0
1866	44187.0
1867	36316.0
1868	46986.0
1869	43426.0
1870	40242.0
1871	35081.0
1872	37866.0
1873	32168.0
1874	33534.0
1875	37274.0
1876	36358.0
1877	34213.0
1878	32454.0
1879	32590.0
1880	39047.0
1881	44009.0
1882	40947.0
1883	42687.0
1884	40021.0
1885	35285.0
1886	37438.0
1887	30215.0
1888	31833.0
1889	40802.0
1890	40261.0
1891	34832.0
1892	27814.0
1893	23059.0
1894	26969.0
1895	27802.0
1896	32723.0
1897	31305.0
1898	24628.0
1899	27224.0
1900	32362.0
1901	39028.0
1902	36617.0
1903	35713.0
1904	31838.0
1905	32643.0
1906	36354.0
1907	38386.0
1908	34330.0
1909	37299.0
1910	38980.0
1911	43077.0
1912	35355.0
1913	34479.0
1914	29469.0
1915	26147.0
1916	24880.0
1917	21096.0
1918	17796.0
1919	17778.0
1920	18919.0
1921	16226.0
1922	18569.0
1923	18691.0
1924	18749.0
1925	18067.0
1926	15880.0
1927	14671.0
1928	15156.0
1929	13893.0
1930	16266.0
1931	17364.0
1932	16072.0
1933	14476.0
1934	14379.0
1935	16419.0
1936	17850.0
1937	15860.0
1938	15531.0
1939	16708.0
1940	15961.0
1941	18112.0
1942	17779.0
1943	25592.0
1944	21451.0
1945	24310.0
1946	20001.0
1947	17788.0
1948	17885.0
1949	17762.0
1950	14406.0
1951	14844.0
1952	14193.0
1953	14438.0
1954	14733.0
1955	12802.0
1956	14807.0
1957	14566.0
1958	14701.0
1959	13156.0
1960	14212.0
1961	12893.0
1962	14577.0
1963	11766.0
1964	12843.0
1965	13387.0
1966	12813.0
1967	13111.0
1968	13393.0
1969	14450.0
1970	15340.0
1971	15239.0
1972	12951.0
1973	15300.0
1974	13710.0
1975	14066.0
1976	15607.0
1977	15646.0
1978	13777.0
1979	13941.0
1980	12666.0
1981	14624.0
1982	18181.0
1983	14262.0
1984	15671.0
1985	17598.0
1986	14481.0
1987	17162.0
1988	17244.0
1989	15508.0
1990	17641.0
1991	17285.0
1992	19815.0
1993	17912.0
1994	19895.0
1995	21070.0
1996	17985.0
1997	21321.0
1998	23343.0
1999	26474.0
2000	27440.0
2001	35188.0
2002	31711.0
2003	31961.0
2004	39001.0
2005	42462.0
2006	35392.0
2007	33794.0
2008	42273.0
2009	33907.0
2010	41768.0
2011	37989.0
2012	34924.0
2013	36710.0
2014	44129.0
2015	45605.0
2016	44490.0
2017	40169.0
2018	35788.0
2019	35323.0
2020	23491.0
2021	28442.0
2022	26187.0
2023	27194.0
2024	30491.0
2025	32281.0
2026	32325.0
2027	31414.0
2028	34253.0
2029	34691.0
2030	36921.0
2031	31796.0
2032	33519.0
2033	37690.0
2034	40737.0
2035	34284.0
2036	28253.0
2037	23987.0
2038	19944.0
2039	18266.0
2040	16445.0
2041	19414.0
2042	13084.0
2043	14820.0
2044	15137.0
2045	14172.0
2046	16289.0
2047	13301.0
2048	14708.0
2049	13454.0
2050	17121.0
2051	15331.0
2052	11587.0
2053	13929.0
2054	14102.0
2055	12714.0
2056	12573.0
2057	13875.0
2058	13683.0
2059	12229.0
2060	14558.0
2061	14653.0
2062	13852.0
2063	12358.0
2064	13078.0
2065	13076.0
2066	15243.0
2067	10752.0
2068	10109.0
2069	11358.0
2070	10946.0
2071	12974.0
2072	12892.0
2073	13879.0
2074	14103.0
2075	9033.0
2076	0.0
2077	0.0
2078	2662.0
2079	1.0
2080	12339.0
2081	17165.0
2082	10942.0
2083	2775.0
2084	417.0
2085	477.0
2086	9855.0
2087	11876.0
2088	9944.0
2089	11653.0
2090	12650.0
2091	12336.0
2092	15656.0
2093	13898.0
2094	13657.0
2095	13741.0
2096	14531.0
2097	14318.0
2098	15621.0
2099	12369.0
2100	12280.0
2101	13429.0
2102	15674.0
2103	12758.0
2104	12393.0
2105	14745.0
2106	11623.0
2107	11290.0
2108	13462.0
2109	12401.0
2110	11744.0
2111	11568.0
2112	13752.0
2113	14104.0
2114	14299.0
2115	11451.0
2116	14635.0
2117	11486.0
2118	13780.0
2119	12889.0
2120	12813.0
2121	12791.0
2122	11643.0
2123	11356.0
2124	10983.0
2125	10102.0
2126	13446.0
2127	12375.0
2128	15972.0
2129	16502.0
2130	12710.0
2131	13552.0
2132	12942.0
2133	12441.0
2134	15049.0
2135	13555.0
2136	14035.0
2137	14979.0
2138	13104.0
2139	14091.0
2140	14355.0
2141	15316.0
2142	15534.0
2143	15693.0
2144	15724.0
2145	14365.0
2146	19473.0
2147	20833.0
2148	18873.0
2149	16705.0
2150	22677.0
2151	31372.0
2152	23135.0
2153	24108.0
2154	20775.0
2155	22600.0
2156	20776.0
2157	22114.0
2158	24246.0
2159	22297.0
2160	26741.0
2161	27089.0
2162	20345.0
2163	19969.0
2164	25776.0
2165	23764.0
2166	29544.0
2167	32715.0
2168	30451.0
2169	29098.0
2170	35628.0
2171	42695.0
2172	45548.0
2173	36384.0
2174	34787.0
2175	16261.0
2176	3205.0
2177	34816.0
2178	12354.0
2179	1325.0
2180	28500.0
2181	45836.0
2182	38610.0
2183	53310.0
2184	50851.0
2185	50709.0
2186	42223.0
2187	52680.0
2188	52591.0
2189	55151.0
2190	61569.0
2191	59250.0
2192	72836.0
2193	73088.0
2194	72652.0
2195	72900.0
2196	70705.0
2197	59847.0
2198	67475.0
2199	63504.0
2200	71206.0
2201	76552.0
2202	58778.0
2203	73063.0
2204	38934.0
2205	62768.0
2206	77592.0
2207	63790.0
2208	67468.0
2209	64065.0
2210	62010.0
2211	67819.0
2212	63427.0
2213	49463.0
2214	61021.0
2215	55584.0
2216	59873.0
2217	57217.0
2218	55205.0
2219	80646.0
2220	63194.0
2221	56916.0
2222	57885.0
2223	49696.0
2224	39226.0
2225	42041.0
2226	45917.0
2227	40041.0
2228	53849.0
2229	48908.0
2230	52202.0
2231	44062.0
2232	46058.0
2233	49767.0
2234	47362.0
2235	59805.0
2236	42119.0
2237	41975.0
2238	47635.0
2239	50427.0
2240	59360.0
2241	51163.0
2242	56220.0
2243	47500.0
2244	48260.0
2245	67404.0
2246	58319.0
2247	51696.0
2248	51468.0
2249	39479.0
2250	50654.0
2251	48322.0
2252	41356.0
2253	41572.0
2254	40899.0
2255	43793.0
2256	48250.0
2257	47108.0
2258	55292.0
2259	51129.0
2260	56903.0
2261	49167.0
2262	46610.0
2263	54071.0
2264	61804.0
2265	69091.0
2266	60140.0
2267	58428.0
2268	67932.0
2269	61396.0
2270	58982.0
2271	58580.0
2272	54465.0
2273	61356.0
2274	54775.0
2275	57585.0
2276	44076.0
2277	38011.0
2278	43070.0
2279	39099.0
2280	40149.0
2281	37344.0
2282	40333.0
2283	38985.0
2284	46902.0
2285	52314.0
2286	53783.0
2287	48454.0
2288	58123.0
2289	63805.0
2290	53826.0
2291	51963.0
2292	59349.0
2293	56573.0
2294	49989.0
2295	49835.0
2296	39192.0
2297	48321.0
2298	48291.0
2299	45005.0
2300	56154.0
2301	59428.0
2302	52092.0
2303	47988.0
2304	42100.0
2305	46760.0
2306	39267.0
2307	37251.0
2308	30486.0
2309	30121.0
2310	32232.0
2311	32501.0
2312	39937.0
2313	38670.0
2314	36903.0
2315	30426.0
2316	36504.0
2317	35783.0
2318	33809.0
2319	37454.0
2320	39016.0
2321	37630.0
2322	39908.0
2323	46809.0
2324	45311.0
2325	49250.0
2326	36158.0
2327	36365.0
2328	40355.0
2329	38126.0
2330	40935.0
2331	39376.0
2332	40281.0
2333	40980.0
2334	50992.0
2335	45944.0
2336	43880.0
2337	45962.0
2338	59849.0
2339	63462.0
2340	64566.0
2341	54190.0
2342	53273.0
2343	55578.0
2344	68906.0
2345	55165.0
2346	57967.0
2347	65351.0
2348	57325.0
2349	65088.0
2350	57614.0
2351	58468.0
2352	54157.0
2353	57443.0
2354	47754.0
2355	50142.0
2356	48145.0
2357	51374.0
2358	48935.0
2359	39521.0
2360	40234.0
2361	51182.0
2362	65231.0
2363	62472.0
2364	64249.0
2365	48364.0
2366	44615.0
2367	45412.0
2368	42170.0
2369	44471.0
2370	35048.0
2371	31235.0
2372	30172.0
2373	28113.0
2374	29076.0
2375	28902.0
2376	23221.0
2377	23543.0
2378	20248.0
2379	22352.0
2380	24614.0
2381	23807.0
2382	19896.0
2383	24400.0
2384	23651.0
2385	20106.0
2386	25585.0
2387	26379.0
2388	32308.0
2389	32894.0
2390	39271.0
2391	33434.0
2392	35703.0
2393	38841.0
2394	37890.0
2395	36056.0
2396	34308.0
2397	38712.0
2398	33446.0
2399	37675.0
2400	38033.0
2401	45175.0
2402	44499.0
2403	47843.0
2404	50926.0
2405	55388.0
2406	43282.0
2407	43946.0
2408	45031.0
2409	34175.0
2410	33778.0
2411	30991.0
2412	31773.0
2413	19350.0
2414	1388.0
2415	15516.0
2416	14182.0
2417	11616.0
2418	12198.0
2419	0.0
2420	0.0
2421	2272.0
2422	21684.0
2423	27974.0
2424	27928.0
2425	25943.0
2426	25483.0
2427	48062.0
2428	1543.0
2429	1867391.0
2430	0.0
2431	0.0
2432	0.0
2433	0.0
2434	0.0
2435	0.0
2436	0.0
2437	0.0
2438	0.0
2439	0.0
2440	0.0
2441	0.0
2442	0.0
2443	0.0
2444	0.0
2445	0.0
2446	0.0
2447	0.0
2448	0.0
2449	0.0
2450	0.0
2451	0.0
2452	0.0
2453	0.0
2454	0.0
2455	0.0
2456	0.0
2457	0.0
2458	0.0
2459	0.0
2460	0.0
2461	0.0
2462	0.0
2463	0.0
2464	0.0
2465	0.0
2466	0.0
2467	0.0
2468	0.0
2469	0.0
2470	0.0
2471	0.0
2472	0.0
2473	0.0
2474	0.0
2475	0.0
2476	0.0
2477	0.0
2478	0.0
2479	0.0
2480	0.0
2481	0.0
2482	0.0
2483	0.0
2484	0.0
2485	0.0
2486	0.0
2487	0.0
2488	0.0
2489	0.0
2490	0.0
2491	0.0
2492	0.0
2493	0.0
2494	0.0
2495	0.0
2496	0.0
2497	0.0
2498	0.0
2499	0.0
2500	0.0
2501	0.0
2502	0.0
2503	0.0
2504	0.0
2505	0.0
2506	0.0
2507	0.0
2508	0.0
2509	0.0
2510	0.0
2511	0.0
2512	0.0
2513	0.0
2514	0.0
2515	0.0
2516	0.0
2517	0.0
2518	0.0
2519	0.0
2520	0.0
2521	0.0
2522	0.0
2523	0.0
2524	0.0
2525	0.0
2526	0.0
2527	0.0
2528	0.0
2529	0.0
2530	0.0
2531	0.0
2532	0.0
2533	0.0
2534	0.0
2535	0.0
2536	0.0
2537	0.0
2538	0.0
2539	0.0
2540	0.0
2541	0.0
2542	0.0
2543	0.0
2544	0.0
2545	0.0
2546	0.0
2547	0.0
2548	0.0
2549	0.0
2550	0.0
2551	0.0
2552	0.0
2553	0.0
2554	0.0
2555	0.0
2556	0.0
2557	0.0
2558	0.0
2559	0.0
2560	0.0
2561	0.0
2562	0.0
2563	0.0
2564	0.0
2565	0.0
2566	0.0
2567	0.0
2568	0.0
2569	0.0
2570	0.0
2571	0.0
2572	0.0
2573	0.0
2574	0.0
2575	0.0
2576	0.0
2577	0.0
2578	0.0
2579	0.0
2580	0.0
2581	0.0
2582	0.0
2583	0.0
2584	0.0
2585	0.0
2586	0.0
2587	0.0
2588	0.0
2589	0.0
2590	0.0
2591	0.0
2592	0.0
2593	0.0
2594	0.0
2595	0.0
2596	0.0
2597	0.0
2598	0.0
2599	0.0
2600	0.0
2601	0.0
2602	0.0
2603	0.0
2604	0.0
2605	0.0
2606	0.0
2607	0.0
2608	0.0
2609	0.0
2610	0.0
2611	0.0
2612	0.0
2613	0.0
2614	0.0
2615	0.0
2616	0.0
2617	0.0
2618	0.0
2619	0.0
2620	0.0
2621	0.0
2622	0.0
2623	0.0
2624	0.0
2625	0.0
2626	0.0
2627	0.0
2628	0.0
2629	0.0
2630	0.0
2631	0.0
2632	0.0
2633	0.0
2634	0.0
2635	0.0
2636	0.0
2637	0.0
2638	0.0
2639	0.0
2640	0.0
2641	0.0
2642	0.0
2643	0.0
2644	0.0
2645	0.0
2646	0.0
2647	0.0
2648	0.0
2649	0.0
2650	0.0
2651	0.0
2652	0.0
2653	0.0
2654	0.0
2655	0.0
2656	0.0
2657	0.0
2658	0.0
2659	0.0
2660	0.0
2661	0.0
2662	0.0
2663	0.0
2664	0.0
2665	0.0
2666	0.0
2667	0.0
2668	0.0
2669	0.0
2670	0.0
2671	0.0
2672	0.0
2673	0.0
2674	0.0
2675	0.0
2676	0.0
2677	0.0
2678	0.0
2679	0.0
2680	0.0
2681	0.0
2682	0.0
2683	0.0
2684	0.0
2685	0.0
2686	0.0
2687	0.0
2688	0.0
2689	0.0
2690	0.0
2691	0.0
2692	0.0
2693	0.0
2694	0.0
2695	0.0
2696	0.0
2697	0.0
2698	0.0
2699	0.0
2700	0.0
2701	0.0
2702	0.0
2703	0.0
2704	0.0
2705	0.0
2706	0.0
2707	0.0
2708	0.0
2709	0.0
2710	0.0
2711	0.0
2712	0.0
2713	0.0
2714	0.0
2715	0.0
2716	0.0
2717	0.0
2718	0.0
2719	0.0
2720	0.0
2721	0.0
2722	0.0
2723	0.0
2724	0.0
2725	0.0
2726	0.0
2727	0.0
2728	0.0
2729	0.0
2730	0.0
2731	0.0
2732	0.0
2733	0.0
2734	0.0
2735	0.0
2736	0.0
2737	0.0
2738	0.0
2739	0.0
2740	0.0
2741	0.0
2742	0.0
2743	0.0
2744	0.0
2745	0.0
2746	0.0
2747	0.0
2748	0.0
2749	0.0
2750	0.0
2751	0.0
2752	0.0
2753	0.0
2754	0.0
2755	0.0
2756	0.0
2757	0.0
2758	0.0
2759	0.0
2760	0.0
2761	0.0
2762	0.0
2763	0.0
2764	0.0
2765	0.0
2766	0.0
2767	0.0
2768	0.0
2769	0.0
2770	0.0
2771	0.0
2772	0.0
2773	0.0
2774	0.0
2775	0.0
2776	0.0
2777	0.0
2778	0.0
2779	0.0
2780	0.0
2781	0.0
2782	0.0
2783	0.0
2784	0.0
2785	0.0
2786	0.0
2787	0.0
2788	0.0
2789	0.0
2790	0.0
2791	0.0
2792	0.0
2793	0.0
2794	0.0
2795	0.0
2796	0.0
2797	0.0
2798	0.0
2799	0.0
2800	0.0
2801	0.0
2802	0.0
2803	0.0
2804	0.0
2805	0.0
2806	0.0
2807	0.0
2808	0.0
2809	0.0
2810	0.0
2811	0.0
2812	0.0
2813	0.0
2814	0.0
2815	0.0
2816	0.0
2817	0.0
2818	0.0
2819	0.0
2820	0.0
2821	0.0
2822	0.0
2823	0.0
2824	0.0
2825	0.0
2826	0.0
2827	0.0
2828	0.0
2829	0.0
2830	0.0
2831	0.0
2832	0.0
2833	0.0
2834	0.0
2835	0.0
2836	0.0
2837	0.0
2838	0.0
2839	0.0
2840	0.0
2841	0.0
2842	0.0
2843	0.0
2844	0.0
2845	0.0
2846	0.0
2847	0.0
2848	0.0
2849	0.0
2850	27474.0
2851	18428.0
2852	36541.0
2853	19311.0
2854	6093.0
2855	29341.0
2856	46830.0
2857	32650.0
2858	7735.0
2859	3878.0
2860	0.0
2861	0.0
2862	15383.0
2863	23766.0
2864	10909.0
2865	12470.0
2866	397.0
2867	4945.0
2868	13743.0
2869	12961.0
2870	12549.0
2871	0.0
2872	61.0
2873	1962.0
2874	3401.0
2875	5483.0
2876	0.0
2877	1386.0
2878	11022.0
2879	14076.0
2880	52294.0
2881	12131.0
2882	104.0
2883	645.0
2884	210.0
2885	358.0
2886	2465.0
2887	974.0
2888	72.0
2889	793.0
2890	29573.0
2891	15006.0
2892	8432.0
2893	13772.0
2894	7296.0
2895	0.0
2896	22620.0
2897	76707.0
2898	74519.0
2899	63439.0
2900	141358.0
2901	118417.0
2902	56897.0
2903	27014.0
2904	32665.0
2905	45635.0
2906	7478.0
2907	30504.0
2908	50695.0
2909	48754.0
2910	48131.0
2911	48367.0
2912	28796.0
2913	35838.0
2914	38076.0
2915	14359.0
2916	12180.0
2917	12.0
2918	221.0
2919	1539.0
2920	1952.0
2921	78.0
2922	66.0
2923	387.0
2924	1032.0
2925	478.0
2926	1160.0
2927	2552.0
2928	1600.0
2929	15718.0
2930	25822.0
2931	29524.0
2932	30326.0
2933	25098.0
2934	28876.0
2935	31759.0
2936	29076.0
2937	27994.0
2938	24330.0
2939	34275.0
2940	32286.0
2941	33428.0
2942	36222.0
2943	32702.0
2944	32377.0
2945	28134.0
2946	34571.0
2947	33582.0
2948	7276.0
2949	250.0
2950	1207.0
2951	802.0
2952	137.0
2953	150.0
2954	18030.0
2955	23152.0
2956	20446.0
2957	1399.0
2958	1410.0
2959	2535.0
2960	8710.0
2961	0.0
2962	0.0
2963	3975.0
2964	7747.0
2965	1163.0
2966	4156.0
2967	2649.0
2968	0.0
2969	0.0
2970	8988.0
2971	9823.0
2972	3221.0
2973	4498.0
2974	189.0
2975	1869.0
2976	5233.0
2977	22984.0
2978	42548.0
2979	3813.0
2980	39723.0
2981	24861.0
2982	22943.0
2983	24034.0
2984	44967.0
2985	29694.0
2986	27282.0
2987	12228.0
2988	6224.0
2989	742.0
2990	832.0
2991	2992.0
2992	5531.0
2993	27076.0
2994	23294.0
2995	11959.0
2996	6791.0
2997	41941.0
2998	44397.0
2999	38991.0
3000	31816.0
3001	38342.0
3002	42712.0
3003	43109.0
3004	52519.0
3005	50516.0
3006	45819.0
3007	43287.0
3008	41244.0
3009	51808.0
3010	54773.0
3011	49606.0
3012	44840.0
3013	35129.0
3014	40229.0
3015	42330.0
3016	41209.0
3017	46180.0
3018	48409.0
3019	52471.0
3020	56806.0
3021	43556.0
3022	49623.0
3023	51340.0
3024	53338.0
3025	51814.0
3026	50760.0
3027	50661.0
3028	43429.0
3029	46982.0
3030	46230.0
3031	46097.0
3032	38748.0
3033	42658.0
3034	47660.0
3035	46921.0
3036	49874.0
3037	42196.0
3038	36838.0
3039	39404.0
3040	47155.0
3041	31986.0
3042	33400.0
3043	35113.0
3044	22627.0
3045	30605.0
3046	30226.0
3047	25547.0
3048	24740.0
3049	25230.0
3050	26995.0
3051	20803.0
3052	24226.0
3053	24873.0
3054	28971.0
3055	23345.0
3056	25908.0
3057	30070.0
3058	28609.0
3059	28396.0
3060	34346.0
3061	30313.0
3062	30127.0
3063	34478.0
3064	36204.0
3065	39193.0
3066	44238.0
3067	40770.0
3068	47191.0
3069	49466.0
3070	56777.0
3071	50137.0
3072	55422.0
3073	50288.0
3074	50079.0
3075	44983.0
3076	48795.0
3077	46941.0
3078	50125.0
3079	51096.0
3080	42499.0
3081	40126.0
3082	49828.0
3083	51731.0
3084	44254.0
3085	49870.0
3086	50243.0
3087	45853.0
3088	43169.0
3089	43631.0
3090	45957.0
3091	44531.0
3092	40366.0
3093	39639.0
3094	46258.0
3095	52822.0
3096	48420.0
3097	52543.0
3098	55914.0
3099	48912.0
3100	55195.0
3101	49853.0
3102	52682.0
3103	51602.0
3104	52351.0
3105	54566.0
3106	48971.0
3107	43560.0
3108	40510.0
3109	42675.0
3110	50078.0
3111	46467.0
3112	38476.0
3113	47510.0
3114	45939.0
3115	45014.0
3116	50613.0
3117	42279.0
3118	51404.0
3119	55614.0
3120	53039.0
3121	58894.0
3122	50572.0
3123	53647.0
3124	48112.0
3125	44584.0
3126	52336.0
3127	54952.0
3128	49467.0
3129	57278.0
3130	52966.0
3131	53356.0
3132	64230.0
3133	65951.0
3134	61838.0
3135	60551.0
3136	59025.0
3137	56972.0
3138	59608.0
3139	48378.0
3140	47186.0
3141	52683.0
3142	47229.0
3143	45651.0
3144	39670.0
3145	49590.0
3146	40698.0
3147	40030.0
3148	36509.0
3149	38892.0
3150	30978.0
3151	27971.0
3152	25102.0
3153	26412.0
3154	27731.0
3155	25387.0
3156	21825.0
3157	26221.0
3158	31308.0
3159	32630.0
3160	31928.0
3161	35681.0
3162	34000.0
3163	20733.0
3164	21419.0
3165	21470.0
3166	20440.0
3167	16137.0
3168	18882.0
3169	23662.0
3170	21187.0
3171	24491.0
3172	33006.0
3173	28893.0
3174	28413.0
3175	35020.0
3176	26932.0
3177	21496.0
3178	25197.0
3179	29214.0
3180	29606.0
3181	27263.0
3182	29079.0
3183	29956.0
3184	24797.0
3185	21919.0
3186	17728.0
3187	19050.0
3188	17523.0
3189	18601.0
3190	18214.0
3191	18094.0
3192	19044.0
3193	27859.0
3194	29872.0
3195	39807.0
3196	42602.0
3197	46569.0
3198	53696.0
3199	35927.0
3200	50222.0
3201	51913.0
3202	53979.0
3203	52485.0
3204	44817.0
3205	40770.0
3206	51452.0
3207	53438.0
3208	38595.0
3209	41805.0
3210	53467.0
3211	44260.0
3212	48860.0
3213	41812.0
3214	46617.0
3215	39770.0
3216	43861.0
3217	38114.0
3218	41714.0
3219	50866.0
3220	52254.0
3221	54179.0
3222	55056.0
3223	59807.0
3224	52272.0
3225	49291.0
3226	44860.0
3227	49651.0
3228	21688.0
3229	36852.0
3230	27448.0
3231	33185.0
3232	22772.0
3233	40604.0
3234	42368.0
3235	32149.0
3236	31777.0
3237	34440.0
3238	39904.0
3239	45293.0
3240	37758.0
3241	39915.0
3242	41369.0
3243	41032.0
3244	38147.0
3245	36523.0
3246	47840.0
3247	63879.0
3248	45957.0
3249	47651.0
3250	53908.0
3251	48680.0
3252	53636.0
3253	45728.0
3254	43860.0
3255	35751.0
3256	34516.0
3257	33943.0
3258	32859.0
3259	29523.0
3260	27619.0
3261	28184.0
3262	26827.0
3263	30885.0
3264	31452.0
3265	34293.0
3266	30809.0
3267	33110.0
3268	26912.0
3269	19527.0
3270	22059.0
3271	24649.0
3272	19092.0
3273	20770.0
3274	19630.0
3275	20199.0
3276	22454.0
3277	19333.0
3278	21414.0
3279	21171.0
3280	18196.0
3281	17853.0
3282	21266.0
3283	20227.0
3284	20141.0
3285	22236.0
3286	20111.0
3287	22136.0
3288	22980.0
3289	31883.0
3290	30780.0
3291	38594.0
3292	38781.0
3293	47329.0
3294	43569.0
3295	39557.0
3296	38860.0
3297	31871.0
3298	27582.0
3299	27444.0
3300	29513.0
3301	28328.0
3302	36830.0
3303	31316.0
3304	34344.0
3305	37050.0
3306	37162.0
3307	44663.0
3308	42244.0
3309	42646.0
3310	41110.0
3311	48877.0
3312	54258.0
3313	54279.0
3314	59608.0
3315	53420.0
3316	59135.0
3317	60353.0
3318	42539.0
3319	44887.0
3320	42461.0
3321	39883.0
3322	47323.0
3323	30623.0
3324	28997.0
3325	36744.0
3326	35868.0
3327	37418.0
3328	40113.0
3329	39231.0
3330	36570.0
3331	41899.0
3332	43410.0
3333	40653.0
3334	40446.0
3335	42458.0
3336	52261.0
3337	44895.0
3338	44350.0
3339	43138.0
3340	49265.0
3341	53470.0
3342	47918.0
3343	49776.0
3344	45719.0
3345	42926.0
3346	43554.0
3347	43092.0
3348	65004.0
3349	63990.0
3350	55049.0
3351	66848.0
3352	71112.0
3353	78243.0
3354	64062.0
3355	67060.0
3356	64132.0
3357	50707.0
3358	51139.0
3359	44913.0
3360	44855.0
3361	60019.0
3362	54090.0
3363	51428.0
3364	54915.0
3365	57049.0
3366	48958.0
3367	53743.0
3368	50049.0
3369	37413.0
3370	36536.0
3371	42996.0
3372	34718.0
3373	40908.0
3374	35274.0
3375	35560.0
3376	30194.0
3377	38154.0
3378	35834.0
3379	35057.0
3380	41457.0
3381	50765.0
3382	42560.0
3383	36789.0
3384	30601.0
3385	38488.0
3386	41594.0
3387	37398.0
3388	36743.0
3389	43374.0
3390	40999.0
3391	32778.0
3392	32926.0
3393	35456.0
3394	35321.0
3395	38311.0
3396	36660.0
3397	39971.0
3398	24724.0
3399	30375.0
3400	31778.0
3401	25680.0
3402	27393.0
3403	28156.0
3404	23904.0
3405	20341.0
3406	22451.0
3407	22254.0
3408	21677.0
3409	23687.0
3410	33624.0
3411	23295.0
3412	22864.0
3413	24682.0
3414	21002.0
3415	23494.0
3416	18195.0
3417	22307.0
3418	21058.0
3419	24803.0
3420	22588.0
3421	24523.0
3422	19789.0
3423	20364.0
3424	25156.0
3425	30948.0
3426	31366.0
3427	45000.0
3428	44579.0
3429	46442.0
3430	39902.0
3431	47259.0
3432	42754.0
3433	33320.0
3434	50456.0
3435	46427.0
3436	36040.0
3437	31753.0
3438	30485.0
3439	30424.0
3440	24203.0
3441	23786.0
3442	23797.0
3443	32128.0
3444	27426.0
3445	31916.0
3446	35679.0
3447	45073.0
3448	56681.0
3449	59413.0
3450	45959.0
3451	47313.0
3452	49011.0
3453	44183.0
3454	41846.0
3455	33783.0
3456	29167.0
3457	37373.0
3458	31791.0
3459	28986.0
3460	30810.0
3461	30465.0
3462	33751.0
3463	40350.0
3464	46770.0
3465	40384.0
3466	58288.0
3467	46060.0
3468	53339.0
3469	47627.0
3470	45664.0
3471	42340.0
3472	51471.0
3473	50658.0
3474	47232.0
3475	52657.0
3476	51360.0
3477	57038.0
3478	48235.0
3479	49549.0
3480	55046.0
3481	62294.0
3482	58369.0
3483	53388.0
3484	31289.0
3485	41084.0
3486	35451.0
3487	35262.0
3488	35891.0
3489	32064.0
3490	37130.0
3491	31390.0
3492	32393.0
3493	33473.0
3494	50154.0
3495	46036.0
3496	38988.0
3497	47235.0
3498	45737.0
3499	52141.0
3500	50118.0
3501	45781.0
3502	54342.0
3503	48097.0
3504	45725.0
3505	43166.0
3506	49619.0
3507	42646.0
3508	42828.0
3509	39199.0
3510	42059.0
3511	37033.0
3512	39022.0
3513	43524.0
3514	45192.0
3515	43471.0
3516	43479.0
3517	45783.0
3518	38762.0
3519	26516.0
3520	39214.0
3521	32934.0
3522	36445.0
3523	43214.0
3524	30520.0
3525	29522.0
3526	30206.0
3527	30794.0
3528	30708.0
3529	27388.0
3530	36258.0
3531	26982.0
3532	26057.0
3533	30624.0
3534	34930.0
3535	35779.0
3536	45908.0
3537	40466.0
3538	29740.0
3539	31630.0
3540	29540.0
3541	23072.0
3542	24150.0
3543	26382.0
3544	26227.0
3545	24660.0
3546	26551.0
3547	20162.0
3548	22778.0
3549	20605.0
3550	23030.0
3551	24228.0
3552	20788.0
3553	22624.0
3554	23668.0
3555	23251.0
3556	23102.0
3557	29473.0
3558	31239.0
3559	27039.0
3560	31259.0
3561	27697.0
3562	20777.0
3563	25591.0
3564	25483.0
3565	23567.0
3566	24911.0
3567	23889.0
3568	26384.0
3569	48300.0
3570	41798.0
3571	37350.0
3572	37645.0
3573	39189.0
3574	45029.0
3575	39846.0
3576	34336.0
3577	35314.0
3578	49603.0
3579	55687.0
3580	59919.0
3581	52541.0
3582	49768.0
3583	47724.0
3584	49966.0
3585	49666.0
3586	48813.0
3587	37873.0
3588	35996.0
3589	35963.0
3590	37780.0
3591	33655.0
3592	33909.0
3593	39317.0
3594	46913.0
3595	58188.0
3596	52240.0
3597	50815.0
3598	56281.0
3599	44014.0
3600	41912.0
3601	47859.0
3602	62814.0
3603	50814.0
3604	65477.0
3605	46166.0
3606	36423.0
3607	45103.0
3608	49108.0
3609	56044.0
3610	62093.0
3611	70642.0
3612	48128.0
3613	36507.0
3614	42839.0
3615	46197.0
3616	37651.0
3617	65316.0
3618	60936.0
3619	57202.0
3620	67429.0
3621	75809.0
3622	73525.0
3623	52336.0
3624	42678.0
3625	44303.0
3626	47810.0
3627	52260.0
3628	46009.0
3629	39678.0
3630	39176.0
3631	43717.0
3632	31335.0
3633	37940.0
3634	43172.0
3635	37487.0
3636	33599.0
3637	43498.0
3638	37928.0
3639	39269.0
3640	42710.0
3641	54152.0
3642	58539.0
3643	63543.0
3644	55654.0
3645	72073.0
3646	68993.0
3647	57903.0
3648	51497.0
3649	38738.0
3650	44934.0
3651	54738.0
3652	47726.0
3653	38173.0
3654	38455.0
3655	58185.0
3656	45649.0
3657	43008.0
3658	43369.0
3659	36966.0
3660	36847.0
3661	43627.0
3662	41059.0
3663	43728.0
3664	53050.0
3665	51224.0
3666	47742.0
3667	40945.0
3668	49976.0
3669	42425.0
3670	51252.0
3671	47558.0
3672	38156.0
3673	44365.0
3674	38014.0
3675	38983.0
3676	44448.0
3677	49555.0
3678	53357.0
3679	55669.0
3680	45010.0
3681	46467.0
3682	42559.0
3683	42127.0
3684	37232.0
3685	38859.0
3686	33389.0
3687	39946.0
3688	40655.0
3689	37083.0
3690	40253.0
3691	43959.0
3692	48004.0
3693	40707.0
3694	48315.0
3695	49155.0
3696	44133.0
3697	45777.0
3698	45643.0
3699	45407.0
3700	40587.0
3701	41122.0
3702	44194.0
3703	44144.0
3704	41047.0
3705	44525.0
3706	42788.0
3707	40592.0
3708	36912.0
3709	40262.0
3710	43563.0
3711	37495.0
3712	35712.0
3713	34055.0
3714	33257.0
3715	28258.0
3716	30546.0
3717	27592.0
3718	29692.0
3719	31381.0
3720	31929.0
3721	34186.0
3722	31576.0
3723	40071.0
3724	34236.0
3725	31877.0
3726	43421.0
3727	41218.0
3728	23974.0
3729	29311.0
3730	26460.0
3731	29877.0
3732	26320.0
3733	27610.0
3734	26492.0
3735	21027.0
3736	21110.0
3737	26437.0
3738	26295.0
3739	30294.0
3740	28968.0
3741	23177.0
3742	22905.0
3743	23114.0
3744	22535.0
3745	21185.0
3746	16080.0
3747	17870.0
3748	19266.0
3749	19300.0
3750	18359.0
3751	17089.0
3752	18094.0
3753	17135.0
3754	13626.0
3755	18245.0
3756	16822.0
3757	15367.0
3758	18302.0
3759	18245.0
3760	15840.0
3761	17154.0
3762	14898.0
3763	17599.0
3764	15415.0
3765	15779.0
3766	19989.0
3767	16036.0
3768	15500.0
3769	12688.0
3770	16307.0
3771	15445.0
3772	15715.0
3773	17235.0
3774	16637.0
3775	16603.0
3776	15675.0
3777	15454.0
3778	16318.0
3779	18209.0
3780	16733.0
3781	15959.0
3782	21347.0
3783	16852.0
3784	15350.0
3785	19384.0
3786	16591.0
3787	20265.0
3788	15671.0
3789	18530.0
3790	15305.0
3791	16974.0
3792	16438.0
3793	17878.0
3794	15789.0
3795	16102.0
3796	17656.0
3797	19220.0
3798	15427.0
3799	18124.0
3800	15732.0
3801	14841.0
3802	16472.0
3803	17562.0
3804	15748.0
3805	17632.0
3806	16702.0
3807	17034.0
3808	16108.0
3809	19494.0
3810	18437.0
3811	21016.0
3812	17801.0
3813	15860.0
3814	15599.0
3815	21684.0
3816	22107.0
3817	22518.0
3818	18785.0
3819	19609.0
3820	21793.0
3821	24067.0
3822	20555.0
3823	23028.0
3824	25561.0
3825	22746.0
3826	21938.0
3827	24176.0
3828	27225.0
3829	23663.0
3830	24710.0
3831	27507.0
3832	24774.0
3833	24176.0
3834	26665.0
3835	23989.0
3836	22942.0
3837	26971.0
3838	21210.0
3839	26875.0
3840	22537.0
3841	28965.0
3842	27839.0
3843	25862.0
3844	27417.0
3845	28437.0
3846	25134.0
3847	23195.0
3848	29633.0
3849	20869.0
3850	22799.0
3851	20789.0
3852	22580.0
3853	24509.0
3854	26092.0
3855	29647.0
3856	32255.0
3857	30061.0
3858	39846.0
3859	40059.0
3860	45414.0
3861	48511.0
3862	41262.0
3863	31399.0
3864	34278.0
3865	29866.0
3866	25974.0
3867	24707.0
3868	18860.0
3869	20640.0
3870	21957.0
3871	20024.0
3872	19344.0
3873	18346.0
3874	16211.0
3875	21130.0
3876	17482.0
3877	19819.0
3878	18626.0
3879	19132.0
3880	18740.0
3881	17600.0
3882	18963.0
3883	17631.0
3884	19872.0
3885	17872.0
3886	18822.0
3887	19750.0
3888	20865.0
3889	19203.0
3890	19767.0
3891	22864.0
3892	26209.0
3893	21554.0
3894	27474.0
3895	27186.0
3896	26583.0
3897	21747.0
3898	20090.0
3899	21003.0
3900	16525.0
3901	17032.0
3902	14484.0
3903	16666.0
3904	15437.0
3905	15646.0
3906	17761.0
3907	17540.0
3908	16076.0
3909	18294.0
3910	17860.0
3911	20821.0
3912	19545.0
3913	20979.0
3914	25294.0
3915	25963.0
3916	26703.0
3917	26493.0
3918	33238.0
3919	23385.0
3920	21762.0
3921	26439.0
3922	27017.0
3923	23096.0
3924	22277.0
3925	22473.0
3926	24251.0
3927	25063.0
3928	22010.0
3929	29630.0
3930	27461.0
3931	20797.0
3932	28143.0
3933	28291.0
3934	12599.0
3935	4994.0
3936	20625.0
3937	24183.0
3938	22921.0
3939	26070.0
3940	28134.0
3941	29678.0
3942	29801.0
3943	37855.0
3944	28642.0
3945	30739.0
3946	32650.0
3947	27590.0
3948	31628.0
3949	27912.0
3950	29776.0
3951	30256.0
3952	29636.0
3953	27811.0
3954	41259.0
3955	41683.0
3956	38517.0
3957	40988.0
3958	39024.0
3959	33946.0
3960	33566.0
3961	38813.0
3962	39379.0
3963	33066.0
3964	30511.0
3965	31701.0
3966	32276.0
3967	25808.0
3968	30943.0
3969	32697.0
3970	31500.0
3971	36915.0
3972	28641.0
3973	26031.0
3974	27846.0
3975	22683.0
3976	19444.0
3977	15661.0
3978	19536.0
3979	17651.0
3980	19991.0
3981	19079.0
3982	17404.0
3983	19126.0
3984	21965.0
3985	20607.0
3986	20002.0
3987	20743.0
3988	20248.0
3989	20596.0
3990	21422.0
3991	20592.0
3992	21539.0
3993	21439.0
3994	20408.0
3995	21546.0
3996	26396.0
3997	34079.0
3998	44299.0
3999	39000.0
4000	37554.0
4001	36929.0
4002	36305.0
4003	42713.0
4004	43144.0
4005	43538.0
4006	48065.0
4007	45883.0
4008	45915.0
4009	48795.0
4010	48005.0
4011	47533.0
4012	55833.0
4013	46805.0
4014	47387.0
4015	42232.0
4016	40367.0
4017	57863.0
4018	62801.0
4019	67898.0
4020	72242.0
4021	57714.0
4022	59913.0
4023	56773.0
4024	40168.0
4025	57527.0
4026	61345.0
4027	63052.0
4028	70981.0
4029	76511.0
4030	89691.0
4031	72907.0
4032	72492.0
4033	66184.0
4034	62231.0
4035	70425.0
4036	70063.0
4037	78487.0
4038	68191.0
4039	76450.0
4040	71804.0
4041	72737.0
4042	73070.0
4043	55599.0
4044	59912.0
4045	60467.0
4046	48579.0
4047	42652.0
4048	42500.0
4049	44287.0
4050	56332.0
4051	60731.0
4052	62515.0
4053	59890.0
4054	51479.0
4055	67346.0
4056	68996.0
4057	57980.0
4058	64786.0
4059	55919.0
4060	64910.0
4061	54013.0
4062	66167.0
4063	63859.0
4064	62340.0
4065	76217.0
4066	66667.0
4067	50187.0
4068	61199.0
4069	63152.0
4070	64901.0
4071	77140.0
4072	70077.0
4073	70786.0
4074	66001.0
4075	58769.0
4076	54530.0
4077	51655.0
4078	53253.0
4079	59283.0
4080	60182.0
4081	57524.0
4082	66140.0
4083	58135.0
4084	64128.0
4085	60790.0
4086	65340.0
4087	66279.0
4088	70163.0
4089	75840.0
4090	65253.0
4091	62135.0
4092	62585.0
4093	75589.0
4094	62977.0
4095	57285.0
4096	57203.0
4097	53333.0
4098	69040.0
4099	67509.0
4100	70057.0
4101	61767.0
4102	69018.0
4103	71337.0
4104	76372.0
4105	73881.0
4106	71475.0
4107	50849.0
4108	63091.0
4109	70594.0
4110	50786.0
4111	62574.0
4112	66588.0
4113	62768.0
4114	58293.0
4115	64787.0
4116	57007.0
4117	51463.0
4118	26898.0
4119	0.0
4120	0.0
4121	9515.0
4122	16029.0
4123	25572.0
4124	59614.0
4125	55219.0
4126	35576.0
4127	0.0
4128	0.0
4129	7977.0
4130	17082.0
4131	35291.0
4132	60854.0
4133	69455.0
4134	69786.0
4135	72463.0
4136	75082.0
4137	80691.0
4138	67407.0
4139	70677.0
4140	54636.0
4141	64237.0
4142	77752.0
4143	70359.0
4144	71290.0
4145	55325.0
4146	44641.0
4147	46556.0
4148	46636.0
4149	49796.0
4150	40676.0
4151	41033.0
4152	50223.0
4153	51656.0
4154	9479.0
4155	50647.0
4156	60702.0
4157	55695.0
4158	53258.0
4159	59150.0
4160	65314.0
4161	58900.0
4162	50854.0
4163	64289.0
4164	62381.0
4165	50324.0
4166	57566.0
4167	69516.0
4168	57763.0
4169	47409.0
4170	40036.0
4171	40805.0
4172	35834.0
4173	37895.0
4174	28261.0
4175	34937.0
4176	28045.0
4177	22024.0
4178	21620.0
4179	26817.0
4180	26314.0
4181	21847.0
4182	24719.0
4183	23639.0
4184	27796.0
4185	24641.0
4186	25188.0
4187	26729.0
4188	25496.0
4189	31697.0
4190	35534.0
4191	40617.0
4192	36309.0
4193	38541.0
4194	42707.0
4195	53334.0
4196	57127.0
4197	46205.0
4198	46846.0
4199	54674.0
4200	46046.0
4201	29072.0
4202	28473.0
4203	28642.0
4204	21616.0
4205	24945.0
4206	22251.0
4207	23235.0
4208	26791.0
4209	29025.0
4210	31248.0
4211	29686.0
4212	28195.0
4213	29419.0
4214	29650.0
4215	27226.0
4216	29937.0
4217	36812.0
4218	35730.0
4219	29774.0
4220	27577.0
4221	34537.0
4222	28712.0
4223	28423.0
4224	31572.0
4225	33344.0
4226	48360.0
4227	49612.0
4228	53755.0
4229	45187.0
4230	56063.0
4231	45014.0
4232	48830.0
4233	67356.0
4234	69663.0
4235	66820.0
4236	70385.0
4237	65489.0
4238	52953.0
4239	45880.0
4240	56232.0
4241	54333.0
4242	54459.0
4243	44205.0
4244	55675.0
4245	63300.0
4246	68430.0
4247	64229.0
4248	67278.0
4249	51134.0
4250	54307.0
4251	61902.0
4252	71644.0
4253	61708.0
4254	52140.0
4255	47941.0
4256	60030.0
4257	60338.0
4258	54435.0
4259	51094.0
4260	54333.0
4261	51838.0
4262	68047.0
4263	56467.0
4264	53739.0
4265	50521.0
4266	46957.0
4267	42093.0
4268	42640.0
4269	55422.0
4270	48806.0
4271	49848.0
4272	37978.0
4273	38556.0
4274	41137.0
4275	42450.0
4276	36405.0
4277	39887.0
4278	37605.0
4279	39770.0
4280	36823.0
4281	38882.0
4282	36024.0
4283	35343.0
4284	32133.0
4285	36482.0
4286	36359.0
4287	42937.0
4288	43986.0
4289	47968.0
4290	49229.0
4291	40579.0
4292	35331.0
4293	40550.0
4294	38867.0
4295	40363.0
4296	40454.0
4297	29750.0
4298	27308.0
4299	28688.0
4300	21526.0
4301	23346.0
4302	26163.0
4303	22825.0
4304	19881.0
4305	20570.0
4306	20567.0
4307	20826.0
4308	19571.0
4309	17518.0
4310	17740.0
4311	18633.0
4312	18697.0
4313	24581.0
4314	32722.0
4315	33164.0
4316	32151.0
4317	25814.0
4318	17274.0
4319	19011.0
4320	21185.0
4321	16678.0
4322	16825.0
4323	15355.0
4324	15812.0
4325	16330.0
4326	17372.0
4327	16252.0
4328	17782.0
4329	18568.0
4330	21099.0
4331	17044.0
4332	18120.0
4333	16901.0
4334	19157.0
4335	20228.0
4336	19084.0
4337	18388.0
4338	18946.0
4339	19911.0
4340	20904.0
4341	22923.0
4342	21464.0
4343	19656.0
4344	18703.0
4345	25492.0
4346	21554.0
4347	20377.0
4348	21139.0
4349	20776.0
4350	23497.0
4351	23115.0
4352	18254.0
4353	19883.0
4354	20251.0
4355	21934.0
4356	22037.0
4357	16644.0
4358	18813.0
4359	19410.0
4360	17050.0
4361	20076.0
4362	21381.0
4363	18742.0
4364	22497.0
4365	19255.0
4366	20142.0
4367	24113.0
4368	30370.0
4369	38322.0
4370	38028.0
4371	32237.0
4372	29896.0
4373	32043.0
4374	27445.0
4375	20606.0
4376	20732.0
4377	24292.0
4378	25057.0
4379	19041.0
4380	22177.0
4381	23999.0
4382	23565.0
4383	24051.0
4384	28808.0
4385	34523.0
4386	37505.0
4387	31334.0
4388	30278.0
4389	24611.0
4390	24729.0
4391	25381.0
4392	24538.0
4393	24655.0
4394	31654.0
4395	21473.0
4396	38902.0
4397	37193.0
4398	35212.0
4399	41490.0
4400	46771.0
4401	52041.0
4402	51037.0
4403	48788.0
4404	52418.0
4405	54255.0
4406	42900.0
4407	45651.0
4408	50703.0
4409	48882.0
4410	44143.0
4411	40280.0
4412	42325.0
4413	39420.0
4414	26547.0
4415	24054.0
4416	29992.0
4417	37290.0
4418	40079.0
4419	40575.0
4420	30467.0
4421	34466.0
4422	29491.0
4423	33168.0
4424	31755.0
4425	26906.0
4426	23942.0
4427	27162.0
4428	19083.0
4429	22111.0
4430	26194.0
4431	24355.0
4432	24986.0
4433	30162.0
4434	32906.0
4435	29696.0
4436	36006.0
4437	39725.0
4438	42363.0
4439	30888.0
4440	35933.0
4441	32641.0
4442	32456.0
4443	31272.0
4444	28166.0
4445	25927.0
4446	27388.0
4447	23099.0
4448	25975.0
4449	29505.0
4450	28299.0
4451	28745.0
4452	45154.0
4453	18411.0
4454	46152.0
4455	42552.0
4456	39653.0
4457	40372.0
4458	34555.0
4459	35640.0
4460	26712.0
4461	31695.0
4462	36832.0
4463	36238.0
4464	46706.0
4465	51437.0
4466	49851.0
4467	51288.0
4468	58116.0
4469	42541.0
4470	37601.0
4471	39273.0
4472	44925.0
4473	49756.0
4474	27316.0
4475	3306.0
4476	59240.0
4477	64181.0
4478	64334.0
4479	56590.0
4480	50550.0
4481	43558.0
4482	16905.0
4483	21269.0
4484	37140.0
4485	54529.0
4486	61740.0
4487	67355.0
4488	62847.0
4489	57397.0
4490	54135.0
4491	54462.0
4492	53882.0
4493	56576.0
4494	57311.0
4495	47677.0
4496	56486.0
4497	46019.0
4498	43846.0
4499	40333.0
4500	42489.0
4501	38562.0
4502	37886.0
4503	30428.0
4504	33798.0
4505	31809.0
4506	31466.0
4507	32795.0
4508	34057.0
4509	32322.0
4510	38640.0
4511	42484.0
4512	59033.0
4513	54222.0
4514	40318.0
4515	38846.0
4516	42603.0
4517	53452.0
4518	61883.0
4519	64782.0
4520	64031.0
4521	67259.0
4522	65086.0
4523	62856.0
4524	67350.0
4525	58758.0
4526	59978.0
4527	64887.0
4528	52733.0
4529	53984.0
4530	60732.0
4531	61616.0
4532	60263.0
4533	57963.0
4534	58665.0
4535	53351.0
4536	54578.0
4537	52553.0
4538	54913.0
4539	56923.0
4540	55764.0
4541	59842.0
4542	52435.0
4543	43150.0
4544	41097.0
4545	38678.0
4546	39010.0
4547	38701.0
4548	48498.0
4549	42716.0
4550	56891.0
4551	59716.0
4552	70912.0
4553	44506.0
4554	39216.0
4555	44698.0
4556	38610.0
4557	40256.0
4558	51753.0
4559	55654.0
4560	52923.0
4561	51431.0
4562	49920.0
4563	33082.0
4564	51856.0
4565	54099.0
4566	57450.0
4567	56145.0
4568	50764.0
4569	59843.0
4570	59977.0
4571	57049.0
4572	61149.0
4573	59684.0
4574	28049.0
4575	22823.0
4576	41650.0
4577	43701.0
4578	45541.0
4579	44805.0
4580	47908.0
4581	42105.0
4582	49360.0
4583	51137.0
4584	54206.0
4585	56461.0
4586	51038.0
4587	51939.0
4588	51289.0
4589	55605.0
4590	58423.0
4591	53128.0
4592	62260.0
4593	55827.0
4594	54933.0
4595	57823.0
4596	42932.0
4597	54738.0
4598	44956.0
4599	49209.0
4600	45783.0
4601	40463.0
4602	50429.0
4603	57003.0
4604	65348.0
4605	70309.0
4606	53837.0
4607	53295.0
4608	50336.0
4609	57291.0
4610	41727.0
4611	46901.0
4612	42484.0
4613	46919.0
4614	38565.0
4615	46687.0
4616	50545.0
4617	57203.0
4618	51732.0
4619	57468.0
4620	61573.0
4621	45130.0
4622	56924.0
4623	66312.0
4624	64295.0
4625	49031.0
4626	65650.0
4627	61586.0
4628	58136.0
4629	54789.0
4630	47127.0
4631	51989.0
4632	42750.0
4633	52071.0
4634	53745.0
4635	46936.0
4636	45789.0
4637	41376.0
4638	43506.0
4639	36362.0
4640	39960.0
4641	29985.0
4642	28936.0
4643	30438.0
4644	26772.0
4645	22415.0
4646	32712.0
4647	25876.0
4648	29084.0
4649	27144.0
4650	35241.0
4651	27391.0
4652	27512.0
4653	32973.0
4654	31007.0
4655	32655.0
4656	26721.0
4657	29307.0
4658	32769.0
4659	30673.0
4660	38830.0
4661	44578.0
4662	41197.0
4663	35172.0
4664	33168.0
4665	28899.0
4666	28926.0
4667	29981.0
4668	36673.0
4669	36386.0
4670	36919.0
4671	38147.0
4672	34528.0
4673	39982.0
4674	40357.0
4675	49986.0
4676	47853.0
4677	43153.0
4678	38381.0
4679	30289.0
4680	36202.0
4681	39590.0
4682	39080.0
4683	34926.0
4684	40998.0
4685	45013.0
4686	46110.0
4687	47040.0
4688	53516.0
4689	52614.0
4690	55683.0
4691	44575.0
4692	64318.0
4693	63009.0
4694	61760.0
4695	59693.0
4696	60833.0
4697	68416.0
4698	63184.0
4699	60001.0
4700	78138.0
4701	62396.0
4702	75917.0
4703	57707.0
4704	13144.0
4705	75766.0
4706	46975.0
4707	50382.0
4708	49969.0
4709	56353.0
4710	57809.0
4711	54949.0
4712	55419.0
4713	55017.0
4714	57921.0
4715	60349.0
4716	46293.0
4717	35571.0
4718	36148.0
4719	36109.0
4720	43541.0
4721	50168.0
4722	52587.0
4723	48207.0
4724	45921.0
4725	59020.0
4726	46710.0
4727	43056.0
4728	46867.0
4729	53887.0
4730	55232.0
4731	73201.0
4732	53176.0
4733	59539.0
4734	51034.0
4735	46649.0
4736	47696.0
4737	41095.0
4738	44793.0
4739	46104.0
4740	45124.0
4741	42443.0
4742	51107.0
4743	31889.0
4744	30052.0
4745	35671.0
4746	27840.0
4747	26091.0
4748	25761.0
4749	21113.0
4750	23523.0
4751	23285.0
4752	18731.0
4753	23542.0
4754	24945.0
4755	22068.0
4756	21132.0
4757	17506.0
4758	20326.0
4759	22540.0
4760	24836.0
4761	23310.0
4762	20856.0
4763	18677.0
4764	18946.0
4765	18171.0
4766	18057.0
4767	17914.0
4768	20231.0
4769	21855.0
4770	19538.0
4771	21390.0
4772	17602.0
4773	17625.0
4774	19073.0
4775	20084.0
4776	15548.0
4777	17023.0
4778	19197.0
4779	19176.0
4780	17925.0
4781	18894.0
4782	16516.0
4783	18315.0
4784	20024.0
4785	16515.0
4786	15991.0
4787	19097.0
4788	20843.0
4789	18433.0
4790	16984.0
4791	23672.0
4792	18188.0
4793	20493.0
4794	18688.0
4795	17915.0
4796	20209.0
4797	19691.0
4798	20004.0
4799	25397.0
4800	23337.0
4801	21504.0
4802	27916.0
4803	24967.0
4804	24847.0
4805	28674.0
4806	26314.0
4807	23574.0
4808	22195.0
4809	20783.0
4810	20930.0
4811	23695.0
4812	23589.0
4813	23607.0
4814	26206.0
4815	29070.0
4816	27814.0
4817	30763.0
4818	23197.0
4819	23302.0
4820	25416.0
4821	22022.0
4822	21217.0
4823	23623.0
4824	23479.0
4825	20184.0
4826	27087.0
4827	22899.0
4828	25301.0
4829	24126.0
4830	23092.0
4831	33567.0
4832	34654.0
4833	40636.0
4834	41592.0
4835	45432.0
4836	46136.0
4837	48547.0
4838	48552.0
4839	48195.0
4840	44076.0
4841	51348.0
4842	54751.0
4843	58218.0
4844	28163.0
4845	33852.0
4846	25583.0
4847	25480.0
4848	17728.0
4849	19168.0
4850	17659.0
4851	21696.0
4852	26149.0
4853	24115.0
4854	23078.0
4855	21087.0
4856	21331.0
4857	23471.0
4858	24684.0
4859	24777.0
4860	31241.0
4861	31796.0
4862	27143.0
4863	20547.0
4864	16440.0
4865	33279.0
4866	25688.0
4867	29898.0
4868	48632.0
4869	39739.0
4870	29572.0
4871	37375.0
4872	44114.0
4873	36899.0
4874	22836.0
4875	20225.0
4876	20819.0
4877	19974.0
4878	23516.0
4879	28939.0
4880	29972.0
4881	35430.0
4882	41171.0
4883	44115.0
4884	43079.0
4885	45506.0
4886	40433.0
4887	44900.0
4888	50220.0
4889	59778.0
4890	61195.0
4891	48595.0
4892	45429.0
4893	34478.0
4894	35799.0
4895	47360.0
4896	55430.0
4897	47543.0
4898	55607.0
4899	55655.0
4900	55541.0
4901	55797.0
4902	52273.0
4903	50148.0
4904	57665.0
4905	62408.0
4906	56345.0
4907	45794.0
4908	47322.0
4909	48830.0
4910	53669.0
4911	47985.0
4912	46028.0
4913	49128.0
4914	54951.0
4915	51581.0
4916	51974.0
4917	51193.0
4918	52405.0
4919	45460.0
4920	46018.0
4921	44470.0
4922	54672.0
4923	54829.0
4924	43777.0
4925	49978.0
4926	58645.0
4927	49722.0
4928	47472.0
4929	44238.0
4930	44588.0
4931	46968.0
4932	51588.0
4933	57232.0
4934	59478.0
4935	47009.0
4936	52033.0
4937	57160.0
4938	50590.0
4939	50280.0
4940	42134.0
4941	49507.0
4942	48397.0
4943	39251.0
4944	41887.0
4945	40027.0
4946	37664.0
4947	42052.0
4948	40442.0
4949	56871.0
4950	52238.0
4951	44248.0
4952	37999.0
4953	34878.0
4954	31841.0
4955	28116.0
4956	23673.0
4957	20872.0
4958	23839.0
4959	23020.0
4960	43491.0
4961	25510.0
4962	18871.0
4963	19203.0
4964	18118.0
4965	18710.0
4966	17750.0
4967	18835.0
4968	17819.0
4969	17494.0
4970	19741.0
4971	22004.0
4972	15886.0
4973	4394.0
4974	4461.0
4975	7993.0
4976	13348.0
4977	25537.0
4978	4150.0
4979	0.0
4980	0.0
4981	22183.0
4982	46938.0
4983	48863.0
4984	22263.0
4985	0.0
