	K562_combined
0	0
1	0
2	0
3	0
4	0
5	0
6	0
7	0
8	0
9	0
10	0
11	0
12	0
13	0
14	0
15	0
16	0
17	0
18	0
19	0
20	0
21	0
22	0
23	0
24	0
25	0
26	0
27	0
28	0
29	0
30	0
31	0
32	0
33	0
34	0
35	0
36	0
37	0
38	0
39	0
40	0
41	0
42	0
43	0
44	0
45	0
46	0
47	0
48	0
49	0
50	0
51	0
52	0
53	0
54	0
55	0
56	0
57	0
58	0
59	0
60	0
61	0
62	0
63	0
64	0
65	0
66	0
67	0
68	0
69	0
70	0
71	0
72	0
73	0
74	0
75	0
76	0
77	0
78	0
79	0
80	0
81	0
82	0
83	0
84	0
85	0
86	0
87	0
88	0
89	0
90	0
91	0
92	0
93	0
94	0
95	0
96	0
97	0
98	0
99	0
100	0
101	0
102	0
103	0
104	0
105	0
106	0
107	0
108	0
109	0
110	0
111	0
112	0
113	0
114	0
115	0
116	0
117	0
118	0
119	0
120	0
121	0
122	0
123	0
124	0
125	0
126	0
127	0
128	0
129	0
130	0
131	0
132	0
133	0
134	0
135	0
136	0
137	0
138	0
139	0
140	0
141	0
142	0
143	0
144	0
145	0
146	0
147	0
148	0
149	0
150	0
151	0
152	0
153	0
154	0
155	0
156	0
157	0
158	0
159	0
160	0
161	0
162	0
163	0
164	0
165	0
166	0
167	0
168	0
169	0
170	0
171	0
172	0
173	0
174	0
175	0
176	0
177	0
178	0
179	0
180	0
181	0
182	0
183	0
184	0
185	0
186	0
187	0
188	0
189	0
190	0
191	0
192	0
193	0
194	0
195	0
196	0
197	0
198	0
199	0
200	0
201	0
202	0
203	0
204	0
205	0
206	0
207	0
208	0
209	0
210	0
211	0
212	0
213	0
214	0
215	0
216	0
217	0
218	0
219	0
220	0
221	0
222	0
223	0
224	0
225	0
226	0
227	0
228	0
229	0
230	0
231	0
232	0
233	0
234	0
235	0
236	0
237	0
238	0
239	0
240	0
241	0
242	0
243	0
244	0
245	0
246	0
247	0
248	0
249	0
250	0
251	0
252	0
253	0
254	0
255	0
256	0
257	0
258	0
259	0
260	0
261	0
262	0
263	0
264	0
265	0
266	0
267	0
268	0
269	0
270	0
271	0
272	0
273	0
274	0
275	0
276	0
277	0
278	0
279	0
280	0
281	0
282	0
283	0
284	0
285	0
286	0
287	0
288	0
289	0
290	0
291	0
292	0
293	0
294	0
295	0
296	0
297	0
298	0
299	0
300	0
301	0
302	0
303	0
304	0
305	0
306	0
307	0
308	0
309	0
310	0
311	0
312	0
313	0
314	0
315	0
316	0
317	0
318	0
319	0
320	0
321	0
322	0
323	0
324	0
325	0
326	0
327	0
328	0
329	0
330	0
331	0
332	0
333	0
334	0
335	0
336	0
337	0
338	0
339	0
340	0
341	0
342	0
343	0
344	0
345	0
346	0
347	0
348	0
349	0
350	0
351	0
352	0
353	0
354	0
355	0
356	0
357	0
358	0
359	0
360	0
361	0
362	0
363	0
364	0
365	0
366	0
367	0
368	0
369	0
370	0
371	0
372	0
373	0
374	0
375	0
376	0
377	0
378	0
379	0
380	0
381	0
382	0
383	0
384	0
385	0
386	0
387	0
388	0
389	0
390	0
391	0
392	0
393	0
394	0
395	0
396	0
397	0
398	0
399	0
400	11031
401	12969
402	12481
403	12462
404	4856
405	3564
406	2329
407	7518
408	40500
409	63542
410	24819
411	52557
412	24750
413	1917
414	2298
415	2153
416	8549
417	27216
418	4040
419	4313
420	5058
421	2758
422	5925
423	10637
424	3847
425	4377
426	1944
427	1879
428	0
429	0
430	0
431	0
432	0
433	0
434	0
435	0
436	0
437	3437
438	41661
439	5146
440	4745
441	2915
442	4338
443	4577
444	0
445	2275
446	30959
447	27875
448	38004
449	46204
450	48740
451	30265
452	173
453	5334
454	1166
455	32436
456	25709
457	36880
458	40620
459	35658
460	38614
461	39580
462	19400
463	14999
464	17509
465	8487
466	3941
467	4305
468	3095
469	4831
470	1933
471	838
472	25834
473	29078
474	24383
475	26743
476	28245
477	27249
478	20071
479	17497
480	19119
481	20761
482	18788
483	20775
484	17027
485	14265
486	15135
487	15135
488	12866
489	13960
490	15496
491	13893
492	12340
493	9066
494	9968
495	13453
496	15448
497	16860
498	15803
499	14510
500	17256
501	18650
502	19544
503	21574
504	17475
505	16520
506	22389
507	18321
508	27259
509	28978
510	20590
511	23638
512	27650
513	27038
514	24193
515	25841
516	22687
517	26400
518	26675
519	27243
520	28438
521	28029
522	30489
523	25280
524	23801
525	23427
526	29564
527	26874
528	24215
529	23501
530	20208
531	18334
532	19704
533	18875
534	20498
535	21335
536	21128
537	20639
538	24555
539	20894
540	21016
541	23036
542	29525
543	26584
544	23997
545	31763
546	38032
547	32831
548	25241
549	33808
550	32209
551	24107
552	29956
553	28929
554	28995
555	27796
556	30943
557	23569
558	28253
559	28273
560	23346
561	24977
562	26415
563	26149
564	31335
565	29465
566	25197
567	26846
568	29412
569	24503
570	30011
571	8817
572	2843
573	2828
574	11100
575	2850
576	3758
577	3429
578	7742
579	14473
580	18684
581	25826
582	46497
583	10633
584	31088
585	40791
586	38629
587	41784
588	37127
589	34139
590	30278
591	30006
592	29116
593	25474
594	27503
595	29461
596	27401
597	28829
598	32947
599	31947
600	27933
601	30991
602	32801
603	28981
604	25286
605	24625
606	25696
607	14302
608	3923
609	3768
610	3985
611	3210
612	4585
613	2452
614	2342
615	4641
616	1914
617	2357
618	16521
619	19760
620	21044
621	23135
622	26286
623	29576
624	32216
625	33618
626	31486
627	30758
628	33518
629	33036
630	35185
631	37766
632	41825
633	34457
634	30723
635	27938
636	23993
637	19334
638	19635
639	14714
640	15888
641	22207
642	21760
643	20682
644	21870
645	26022
646	17160
647	19240
648	22731
649	3126
650	5266
651	2263
652	3383
653	2849
654	2608
655	3103
656	5199
657	4657
658	25544
659	32594
660	23512
661	24373
662	26100
663	26456
664	24683
665	21968
666	20903
667	24507
668	25552
669	29162
670	27780
671	26164
672	24589
673	22975
674	21136
675	24827
676	23834
677	24009
678	27467
679	28926
680	27971
681	30525
682	32930
683	31202
684	28201
685	32267
686	38124
687	46833
688	31150
689	37849
690	42319
691	39028
692	45269
693	23436
694	23908
695	31522
696	18540
697	31089
698	36280
699	44983
700	45288
701	42549
702	37806
703	30295
704	52229
705	47818
706	38817
707	38397
708	33107
709	31518
710	29997
711	29659
712	25698
713	22421
714	25773
715	27068
716	29261
717	27526
718	27559
719	32853
720	30414
721	23479
722	26154
723	24850
724	24633
725	24111
726	22817
727	20101
728	19620
729	18403
730	24431
731	22077
732	26480
733	23853
734	30869
735	27827
736	30074
737	28901
738	28234
739	23616
740	25688
741	30069
742	26388
743	28933
744	29069
745	31361
746	34446
747	33593
748	28292
749	19826
750	21596
751	16870
752	15998
753	16618
754	16663
755	15813
756	15489
757	16427
758	17830
759	17279
760	17052
761	18996
762	20025
763	21832
764	23346
765	23797
766	28406
767	27191
768	23520
769	27516
770	31348
771	27583
772	26966
773	31208
774	35928
775	33312
776	31734
777	36647
778	35856
779	33804
780	30850
781	28018
782	24938
783	25139
784	26062
785	21847
786	23349
787	26093
788	31691
789	32199
790	25577
791	30601
792	32593
793	34675
794	33508
795	35048
796	35921
797	38972
798	32849
799	34104
800	36648
801	38536
802	33502
803	39464
804	42013
805	39502
806	43503
807	54595
808	45738
809	40095
810	41423
811	50985
812	54342
813	48799
814	56875
815	49831
816	47084
817	50914
818	43325
819	45919
820	48794
821	56635
822	47874
823	56024
824	49291
825	46393
826	43756
827	41729
828	51453
829	46585
830	46474
831	40894
832	47772
833	48085
834	52942
835	51986
836	54211
837	54869
838	42850
839	46344
840	37459
841	54007
842	48605
843	50532
844	50959
845	48858
846	48182
847	49322
848	45924
849	45386
850	38928
851	45902
852	43110
853	48964
854	40146
855	48132
856	50619
857	51034
858	51413
859	49354
860	48266
861	40214
862	35777
863	42386
864	46288
865	41472
866	37120
867	39182
868	45165
869	36692
870	46454
871	52378
872	47283
873	40975
874	42924
875	43525
876	45829
877	10420
878	24246
879	9344
880	29933
881	45139
882	41315
883	46704
884	43135
885	40777
886	35605
887	30628
888	36690
889	36481
890	38690
891	49671
892	37628
893	38182
894	44348
895	40860
896	41541
897	41794
898	39818
899	49623
900	46316
901	34968
902	34834
903	42288
904	35248
905	34626
906	38062
907	44032
908	46946
909	52776
910	42354
911	36863
912	33322
913	38387
914	41186
915	30754
916	42325
917	41280
918	40666
919	32563
920	25972
921	22488
922	20374
923	19496
924	18925
925	16509
926	16588
927	19504
928	16166
929	19651
930	17873
931	17390
932	18569
933	13967
934	12717
935	16311
936	15977
937	18079
938	14973
939	13460
940	13900
941	14303
942	13234
943	13930
944	16630
945	14950
946	16344
947	13690
948	13845
949	15844
950	17664
951	15511
952	16793
953	16553
954	18328
955	16943
956	18152
957	17765
958	18580
959	17858
960	20553
961	20454
962	19593
963	18526
964	19556
965	21841
966	20519
967	21569
968	16836
969	17529
970	21498
971	24869
972	29281
973	34532
974	31234
975	30564
976	30198
977	31877
978	33617
979	40738
980	33667
981	31914
982	40229
983	39780
984	40959
985	40228
986	37440
987	35236
988	27934
989	34320
990	35553
991	27737
992	29791
993	24684
994	25385
995	21708
996	23258
997	28847
998	28174
999	29308
1000	30922
1001	23311
1002	22614
1003	31200
1004	26692
1005	29464
1006	31520
1007	34992
1008	46372
1009	46081
1010	50834
1011	40814
1012	45045
1013	43063
1014	43110
1015	40967
1016	41744
1017	31079
1018	37127
1019	47147
1020	40041
1021	45709
1022	34773
1023	41010
1024	33627
1025	38248
1026	38573
1027	35882
1028	39405
1029	38541
1030	38554
1031	36805
1032	41105
1033	46227
1034	33029
1035	33892
1036	35015
1037	34669
1038	42044
1039	41857
1040	45465
1041	48895
1042	42713
1043	43107
1044	42162
1045	46170
1046	46884
1047	45937
1048	45299
1049	46111
1050	41696
1051	31745
1052	28072
1053	31426
1054	30943
1055	33710
1056	37150
1057	30306
1058	33674
1059	32769
1060	31135
1061	22256
1062	23204
1063	23318
1064	16806
1065	19873
1066	17364
1067	21598
1068	17603
1069	20088
1070	18722
1071	15374
1072	20744
1073	16818
1074	18538
1075	15362
1076	13022
1077	15211
1078	14978
1079	14510
1080	15797
1081	17200
1082	16678
1083	19680
1084	15819
1085	14768
1086	17692
1087	17906
1088	14713
1089	16387
1090	15993
1091	15271
1092	13690
1093	15450
1094	16713
1095	16241
1096	14987
1097	17195
1098	17047
1099	18398
1100	19081
1101	19115
1102	17837
1103	20647
1104	19710
1105	18769
1106	25042
1107	21713
1108	31320
1109	35292
1110	43953
1111	39849
1112	38016
1113	42420
1114	37591
1115	35949
1116	34298
1117	26861
1118	30546
1119	30041
1120	31531
1121	38524
1122	34086
1123	30368
1124	32624
1125	33856
1126	38429
1127	31563
1128	28177
1129	32943
1130	29086
1131	29627
1132	25271
1133	29353
1134	28946
1135	34950
1136	32947
1137	29483
1138	31558
1139	28282
1140	36246
1141	38770
1142	34242
1143	35934
1144	35594
1145	32694
1146	38306
1147	32683
1148	41688
1149	38848
1150	36946
1151	47980
1152	54760
1153	39560
1154	40323
1155	36902
1156	46637
1157	40862
1158	37205
1159	36014
1160	39932
1161	35653
1162	36864
1163	38889
1164	39882
1165	39131
1166	40972
1167	46645
1168	41702
1169	51010
1170	46446
1171	43016
1172	45666
1173	50736
1174	47930
1175	47413
1176	56619
1177	40444
1178	37196
1179	35868
1180	42705
1181	40873
1182	44863
1183	39069
1184	41119
1185	44072
1186	37961
1187	38122
1188	45564
1189	40979
1190	37524
1191	38876
1192	36178
1193	38418
1194	35459
1195	36267
1196	41085
1197	39084
1198	39156
1199	36271
1200	35960
1201	30292
1202	33896
1203	31234
1204	28897
1205	29442
1206	30154
1207	32698
1208	29718
1209	26639
1210	29613
1211	36050
1212	37700
1213	35188
1214	38466
1215	39238
1216	32782
1217	30702
1218	29501
1219	29133
1220	28125
1221	29399
1222	26479
1223	28149
1224	27551
1225	25945
1226	25901
1227	26874
1228	25860
1229	30277
1230	25795
1231	22605
1232	23520
1233	26833
1234	23477
1235	25356
1236	24742
1237	23662
1238	29406
1239	28311
1240	27843
1241	29423
1242	30173
1243	25860
1244	25310
1245	26440
1246	23370
1247	37260
1248	36508
1249	29757
1250	30590
1251	29097
1252	35927
1253	34019
1254	35305
1255	32826
1256	33388
1257	28742
1258	31885
1259	32852
1260	32805
1261	37569
1262	37932
1263	33804
1264	35700
1265	39324
1266	45520
1267	48251
1268	45424
1269	49150
1270	46017
1271	44639
1272	53002
1273	56773
1274	53430
1275	52786
1276	40636
1277	39545
1278	36602
1279	34904
1280	41619
1281	38662
1282	49370
1283	54737
1284	56212
1285	54530
1286	54780
1287	52559
1288	47760
1289	50056
1290	43382
1291	41726
1292	37216
1293	49216
1294	51984
1295	49856
1296	48096
1297	45489
1298	51783
1299	48179
1300	60055
1301	50345
1302	56118
1303	56143
1304	46326
1305	46970
1306	50891
1307	46207
1308	43337
1309	49753
1310	50949
1311	53910
1312	54954
1313	46459
1314	50353
1315	46305
1316	49975
1317	42041
1318	54894
1319	36280
1320	40507
1321	40422
1322	47629
1323	44781
1324	47215
1325	49387
1326	44121
1327	42617
1328	52555
1329	49911
1330	45827
1331	46500
1332	51472
1333	51943
1334	42765
1335	52016
1336	40612
1337	57715
1338	50008
1339	52435
1340	50610
1341	58314
1342	59215
1343	53720
1344	57234
1345	56380
1346	53179
1347	62778
1348	46623
1349	47548
1350	42243
1351	43033
1352	41105
1353	43971
1354	43610
1355	50399
1356	44892
1357	36814
1358	40546
1359	38461
1360	42196
1361	41304
1362	43797
1363	48203
1364	47259
1365	47139
1366	48011
1367	36885
1368	32852
1369	37890
1370	40460
1371	39256
1372	43057
1373	39556
1374	39526
1375	34733
1376	39025
1377	40981
1378	43804
1379	42040
1380	39014
1381	37337
1382	39558
1383	38609
1384	31942
1385	44466
1386	46145
1387	47113
1388	44438
1389	34623
1390	30498
1391	40057
1392	41809
1393	41622
1394	37947
1395	40084
1396	34472
1397	36068
1398	32419
1399	31311
1400	36067
1401	34419
1402	28837
1403	36806
1404	33865
1405	31973
1406	40599
1407	42609
1408	46582
1409	39713
1410	41548
1411	31618
1412	36624
1413	35073
1414	43757
1415	42443
1416	39276
1417	35792
1418	27241
1419	23717
1420	23737
1421	31091
1422	30318
1423	23161
1424	18910
1425	19095
1426	22593
1427	23262
1428	31741
1429	22371
1430	28965
1431	26559
1432	24160
1433	25713
1434	27703
1435	29198
1436	28608
1437	27600
1438	32081
1439	28540
1440	28462
1441	33258
1442	33528
1443	26235
1444	26693
1445	31792
1446	35340
1447	34217
1448	38465
1449	41392
1450	48165
1451	51511
1452	45470
1453	47113
1454	32712
1455	43368
1456	37706
1457	37306
1458	23862
1459	33809
1460	40265
1461	43265
1462	42127
1463	35244
1464	28698
1465	32605
1466	31177
1467	27794
1468	27702
1469	26022
1470	29005
1471	32850
1472	40391
1473	35993
1474	32552
1475	32640
1476	28351
1477	40473
1478	39973
1479	39094
1480	43030
1481	45121
1482	40451
1483	38791
1484	41639
1485	47869
1486	42567
1487	17397
1488	44106
1489	44117
1490	47160
1491	49819
1492	51947
1493	60657
1494	60540
1495	55557
1496	58130
1497	54804
1498	57810
1499	45606
1500	53395
1501	52418
1502	58238
1503	55012
1504	56138
1505	50491
1506	52523
1507	45403
1508	52795
1509	50708
1510	46020
1511	12733
1512	53309
1513	50999
1514	48835
1515	47218
1516	52164
1517	53597
1518	60153
1519	48290
1520	46297
1521	45130
1522	49633
1523	42564
1524	40170
1525	36877
1526	33797
1527	39843
1528	44483
1529	52868
1530	33410
1531	42131
1532	45691
1533	41338
1534	25530
1535	21562
1536	18737
1537	17435
1538	22069
1539	29254
1540	33115
1541	34032
1542	39143
1543	36521
1544	43036
1545	43283
1546	41861
1547	43072
1548	39863
1549	35184
1550	36606
1551	34514
1552	35971
1553	38111
1554	37345
1555	46904
1556	53708
1557	49871
1558	50072
1559	45545
1560	36954
1561	41344
1562	42651
1563	33296
1564	37361
1565	40169
1566	38613
1567	51070
1568	54254
1569	45830
1570	49266
1571	46653
1572	55854
1573	46678
1574	47271
1575	38348
1576	46671
1577	42767
1578	44717
1579	41957
1580	30568
1581	37719
1582	47535
1583	39746
1584	46628
1585	51394
1586	44057
1587	40068
1588	35395
1589	43562
1590	35444
1591	31436
1592	41483
1593	36147
1594	32237
1595	30519
1596	39456
1597	27161
1598	33024
1599	34043
1600	30493
1601	33352
1602	35923
1603	38530
1604	42730
1605	43326
1606	44180
1607	33278
1608	40037
1609	43914
1610	37892
1611	35460
1612	30028
1613	32244
1614	38847
1615	35462
1616	30453
1617	37984
1618	38231
1619	35340
1620	34257
1621	38238
1622	41774
1623	43457
1624	48261
1625	46897
1626	46403
1627	50506
1628	39431
1629	43340
1630	36324
1631	44844
1632	44363
1633	37293
1634	29114
1635	32966
1636	30488
1637	28930
1638	28341
1639	23099
1640	29389
1641	34958
1642	37812
1643	30768
1644	40227
1645	35400
1646	45800
1647	49285
1648	43181
1649	29019
1650	28375
1651	22651
1652	582
1653	1029
1654	175
1655	169
1656	273
1657	693
1658	1397
1659	2156
1660	2259
1661	853
1662	69
1663	1027
1664	33492
1665	40305
1666	46122
1667	43013
1668	42636
1669	37186
1670	42149
1671	37448
1672	46241
1673	42084
1674	40241
1675	45599
1676	38776
1677	33044
1678	33538
1679	30508
1680	30179
1681	33324
1682	26856
1683	35452
1684	35199
1685	32996
1686	28966
1687	26023
1688	22990
1689	24799
1690	24304
1691	26243
1692	26329
1693	29388
1694	27315
1695	25946
1696	16859
1697	9966
1698	14009
1699	7874
1700	1068
1701	21657
1702	41983
1703	54619
1704	44462
1705	50278
1706	48293
1707	47101
1708	49228
1709	52908
1710	42112
1711	40976
1712	36773
1713	42951
1714	24241
1715	5751
1716	31193
1717	36936
1718	32695
1719	27851
1720	30770
1721	25133
1722	33965
1723	27201
1724	29824
1725	32065
1726	33212
1727	35564
1728	28606
1729	24583
1730	23400
1731	20663
1732	20622
1733	21353
1734	18865
1735	21565
1736	18412
1737	19835
1738	16698
1739	18478
1740	18641
1741	16743
1742	19640
1743	18386
1744	16225
1745	18455
1746	16417
1747	17891
1748	18298
1749	18410
1750	19077
1751	16798
1752	16932
1753	18713
1754	19748
1755	24139
1756	21258
1757	21766
1758	24520
1759	24858
1760	23865
1761	24624
1762	33753
1763	36596
1764	35602
1765	38276
1766	35460
1767	25094
1768	23383
1769	33547
1770	33706
1771	34942
1772	30485
1773	36285
1774	38379
1775	35979
1776	32731
1777	38241
1778	35671
1779	37380
1780	47116
1781	38102
1782	37903
1783	48467
1784	43120
1785	39072
1786	40106
1787	42370
1788	48603
1789	47348
1790	49916
1791	47007
1792	54376
1793	47566
1794	53866
1795	46942
1796	41679
1797	44028
1798	37643
1799	49212
1800	47459
1801	36569
1802	39754
1803	40091
1804	46153
1805	46045
1806	49612
1807	47437
1808	45281
1809	47561
1810	49940
1811	52458
1812	51619
1813	52233
1814	54898
1815	54021
1816	51075
1817	49786
1818	50228
1819	40351
1820	43047
1821	52823
1822	49926
1823	45958
1824	57088
1825	43757
1826	42461
1827	58090
1828	60048
1829	60486
1830	49608
1831	54080
1832	34238
1833	37716
1834	30829
1835	41069
1836	39035
1837	32148
1838	31757
1839	31460
1840	31980
1841	32474
1842	32850
1843	28231
1844	31530
1845	28306
1846	31035
1847	31064
1848	31887
1849	33424
1850	28752
1851	31756
1852	41021
1853	32853
1854	27969
1855	26902
1856	31708
1857	34126
1858	35457
1859	38178
1860	33878
1861	32898
1862	35689
1863	40763
1864	41984
1865	42463
1866	48851
1867	48333
1868	41656
1869	34882
1870	34571
1871	40158
1872	38803
1873	38095
1874	33480
1875	31540
1876	31381
1877	28782
1878	25337
1879	23635
1880	25497
1881	16842
1882	16814
1883	17536
1884	15175
1885	17096
1886	16906
1887	16811
1888	15881
1889	14257
1890	17732
1891	19252
1892	19775
1893	19982
1894	18964
1895	17057
1896	17573
1897	18762
1898	17522
1899	17809
1900	16571
1901	18342
1902	23516
1903	26073
1904	26924
1905	29154
1906	27712
1907	33519
1908	32260
1909	32068
1910	35281
1911	31071
1912	28402
1913	25278
1914	26712
1915	25670
1916	35300
1917	23980
1918	25950
1919	30847
1920	28732
1921	35599
1922	28235
1923	32306
1924	31305
1925	30066
1926	28132
1927	35879
1928	36676
1929	36434
1930	36951
1931	35326
1932	36428
1933	40206
1934	38244
1935	36761
1936	43233
1937	35104
1938	36798
1939	37130
1940	33276
1941	30092
1942	24242
1943	24403
1944	23116
1945	20202
1946	26383
1947	22868
1948	22623
1949	18513
1950	18444
1951	17581
1952	17705
1953	17894
1954	16227
1955	19328
1956	13665
1957	17457
1958	14571
1959	12563
1960	14778
1961	17038
1962	16577
1963	18305
1964	20348
1965	26646
1966	23940
1967	25710
1968	30105
1969	24147
1970	31401
1971	28283
1972	23904
1973	29059
1974	24181
1975	20588
1976	26259
1977	25520
1978	27118
1979	32684
1980	25432
1981	32541
1982	31603
1983	32735
1984	34748
1985	34649
1986	28480
1987	29967
1988	34670
1989	37081
1990	36050
1991	35559
1992	39730
1993	35866
1994	30080
1995	33756
1996	28439
1997	25308
1998	29998
1999	37156
2000	38018
2001	37405
2002	29762
2003	28288
2004	30132
2005	35332
2006	21957
2007	24177
2008	20817
2009	29551
2010	35550
2011	30603
2012	29379
2013	30012
2014	26859
2015	36521
2016	24695
2017	32848
2018	21322
2019	21991
2020	27212
2021	27568
2022	32257
2023	33713
2024	31986
2025	33355
2026	32843
2027	34216
2028	37948
2029	36849
2030	32677
2031	45152
2032	47252
2033	44053
2034	50164
2035	43178
2036	49944
2037	37117
2038	39547
2039	40887
2040	42473
2041	36191
2042	35117
2043	38070
2044	32975
2045	27199
2046	22751
2047	30514
2048	13159
2049	11328
2050	4598
