	K562_combined
0	0
1	0
2	0
3	0
4	0
5	0
6	0
7	0
8	0
9	0
10	0
11	0
12	0
13	0
14	0
15	0
16	0
17	0
18	0
19	0
20	0
21	0
22	0
23	0
24	0
25	0
26	0
27	0
28	0
29	0
30	0
31	0
32	0
33	0
34	0
35	0
36	0
37	0
38	0
39	0
40	0
41	0
42	0
43	0
44	0
45	0
46	0
47	0
48	0
49	0
50	0
51	0
52	0
53	0
54	0
55	0
56	0
57	0
58	0
59	0
60	0
61	0
62	0
63	0
64	0
65	0
66	0
67	0
68	0
69	0
70	0
71	0
72	0
73	0
74	0
75	0
76	0
77	0
78	0
79	0
80	0
81	0
82	0
83	0
84	0
85	0
86	0
87	0
88	0
89	0
90	0
91	0
92	0
93	0
94	0
95	0
96	0
97	0
98	0
99	0
100	0
101	0
102	0
103	0
104	0
105	0
106	0
107	0
108	0
109	0
110	0
111	0
112	0
113	0
114	0
115	0
116	0
117	0
118	0
119	0
120	0
121	0
122	0
123	0
124	0
125	0
126	0
127	0
128	0
129	0
130	0
131	0
132	0
133	0
134	0
135	0
136	0
137	0
138	0
139	0
140	0
141	0
142	0
143	0
144	0
145	0
146	0
147	0
148	0
149	0
150	0
151	0
152	0
153	0
154	0
155	0
156	0
157	0
158	0
159	0
160	0
161	0
162	0
163	0
164	0
165	0
166	0
167	0
168	0
169	0
170	0
171	0
172	0
173	0
174	0
175	0
176	0
177	0
178	0
179	0
180	0
181	0
182	0
183	0
184	0
185	0
186	0
187	0
188	4230
189	844
190	688
191	4759
192	2495
193	18879
194	4721
195	413
196	27344
197	16248
198	1754
199	1527
200	1419
201	8456
202	2691
203	2772
204	1311
205	0
206	0
207	1489
208	13591
209	12376
210	13302
211	21011
212	23290
213	579
214	41685
215	35233
216	18935
217	24790
218	27143
219	20798
220	36940
221	74161
222	36647
223	34430
224	0
225	0
226	0
227	0
228	0
229	0
230	0
231	0
232	0
233	0
234	0
235	0
236	0
237	0
238	0
239	0
240	0
241	0
242	0
243	0
244	0
245	0
246	0
247	0
248	0
249	0
250	0
251	0
252	0
253	0
254	0
255	0
256	0
257	0
258	0
259	0
260	0
261	0
262	0
263	0
264	0
265	0
266	0
267	0
268	0
269	0
270	0
271	0
272	0
273	0
274	0
275	0
276	0
277	0
278	0
279	0
280	0
281	0
282	0
283	0
284	0
285	0
286	4770
287	16251
288	11796
289	4271
290	5488
291	4706
292	9374
293	9809
294	7224
295	8087
296	12052
297	9392
298	7094
299	2048
300	684
301	47
302	134
303	1502
304	21612
305	19416
306	18469
307	21522
308	21279
309	29852
310	19715
311	20425
312	29508
313	31650
314	33839
315	32759
316	35480
317	39863
318	36969
319	37872
320	30495
321	39699
322	40292
323	26783
324	33974
325	28438
326	28535
327	33021
328	31061
329	26960
330	30876
331	25551
332	27013
333	28021
334	23697
335	23675
336	25228
337	25467
338	20944
339	27739
340	26428
341	30245
342	26102
343	25537
344	22223
345	24876
346	20009
347	18559
348	15513
349	16403
350	17326
351	15125
352	14668
353	14769
354	15237
355	15218
356	12811
357	15049
358	16106
359	14379
360	14323
361	14265
362	15304
363	16637
364	15663
365	16486
366	12347
367	13869
368	15520
369	14580
370	16456
371	16172
372	16828
373	18397
374	19222
375	21650
376	25522
377	27967
378	27415
379	26820
380	25498
381	27563
382	25591
383	27234
384	24141
385	22463
386	17120
387	17788
388	16945
389	17009
390	14646
391	14875
392	14671
393	22690
394	15712
395	14690
396	13798
397	16266
398	17289
399	20492
400	19778
401	18143
402	20754
403	17280
404	16542
405	15550
406	14598
407	14427
408	15978
409	16347
410	17010
411	17783
412	17652
413	14886
414	16300
415	16547
416	18006
417	19725
418	19040
419	17867
420	16672
421	18433
422	15711
423	19783
424	19083
425	20422
426	17315
427	23633
428	19730
429	22409
430	19456
431	20684
432	25315
433	22782
434	23470
435	22362
436	22950
437	19052
438	20199
439	19720
440	19724
441	19811
442	19850
443	19906
444	18645
445	19198
446	19503
447	24205
448	21842
449	21702
450	29476
451	29875
452	20786
453	25069
454	23714
455	25090
456	23315
457	20202
458	20798
459	17826
460	16552
461	16576
462	16609
463	16511
464	19353
465	18590
466	19411
467	21795
468	18591
469	24208
470	26146
471	23288
472	22730
473	22406
474	21948
475	18519
476	21626
477	16999
478	15647
479	19055
480	15440
481	17431
482	16896
483	16268
484	15630
485	13409
486	13064
487	14489
488	14750
489	12714
490	13223
491	11977
492	12840
493	13699
494	14129
495	15451
496	12262
497	12916
498	14088
499	16747
500	15014
501	17887
502	20745
503	20231
504	21708
505	24158
506	19099
507	17763
508	15453
509	14343
510	20398
511	19588
512	24361
513	26372
514	22196
515	18346
516	21634
517	17720
518	21817
519	22351
520	19572
521	19640
522	21150
523	19459
524	21457
525	21233
526	23049
527	23742
528	20281
529	17238
530	17927
531	22425
532	21663
533	19547
534	22466
535	23644
536	26649
537	26353
538	27198
539	35899
540	32880
541	40689
542	36155
543	39619
544	35213
545	24944
546	27695
547	26655
548	28312
549	28804
550	30250
551	27120
552	23751
553	22411
554	24241
555	26000
556	22214
557	24970
558	23913
559	22439
560	20474
561	23684
562	20077
563	20469
564	25009
565	20031
566	22377
567	18513
568	21152
569	22215
570	21377
571	20311
572	20389
573	19968
574	18184
575	20354
576	20193
577	33273
578	19481
579	20271
580	19499
581	20023
582	18487
583	22528
584	16953
585	16491
586	17252
587	18092
588	18591
589	21330
590	19996
591	22325
592	21696
593	22673
594	21536
595	23277
596	23989
597	23102
598	23285
599	26989
600	28322
601	26458
602	37930
603	39563
604	42037
605	44594
606	42036
607	52735
608	50343
609	54205
610	44287
611	46308
612	42776
613	50980
614	54290
615	39664
616	42133
617	43219
618	45366
619	47728
620	58940
621	49695
622	47543
623	43105
624	45389
625	31806
626	29828
627	24120
628	25116
629	21444
630	27020
631	23020
632	24978
633	21760
634	23345
635	23984
636	24978
637	22126
638	19052
639	23260
640	21787
641	19556
642	20888
643	22593
644	21363
645	23674
646	26369
647	23961
648	29294
649	37253
650	39075
651	39766
652	37394
653	36657
654	37555
655	40483
656	49345
657	46450
658	43135
659	51700
660	50031
661	40331
662	55792
663	41691
664	45096
665	47244
666	43001
667	50919
668	49210
669	49331
670	41115
671	44741
672	44893
673	55854
674	50684
675	60233
676	54267
677	55207
678	50006
679	63448
680	49371
681	51947
682	47745
683	52771
684	47947
685	50008
686	46333
687	42642
688	46655
689	53953
690	52294
691	64459
692	60764
693	64635
694	57642
695	67925
696	59725
697	63838
698	54044
699	52814
700	58132
701	57567
702	57725
703	50928
704	63475
705	68173
706	58437
707	65130
708	56656
709	54661
710	44807
711	57086
712	52804
713	52924
714	62179
715	59883
716	57220
717	52016
718	54874
719	58564
720	56051
721	55852
722	58140
723	58846
724	55603
725	62865
726	65354
727	70851
728	57298
729	64043
730	57712
731	52613
732	54804
733	55615
734	56893
735	59823
736	48524
737	46749
738	52328
739	42710
740	41856
741	45020
742	38351
743	44667
744	51238
745	46523
746	53682
747	54044
748	56279
749	62778
750	69881
751	63335
752	64969
753	64797
754	52420
755	57988
756	63363
757	64201
758	46510
759	48509
760	58155
761	51215
762	56029
763	55467
764	53039
765	59091
766	63651
767	61306
768	54922
769	50110
770	52010
771	57947
772	60895
773	60818
774	54683
775	45572
776	53831
777	52529
778	64314
779	55622
780	56354
781	52446
782	41981
783	45174
784	42488
785	44979
786	43758
787	43947
788	54889
789	49806
790	49495
791	39892
792	43861
793	41814
794	48919
795	46971
796	43637
797	39440
798	38089
799	42231
800	39475
801	46568
802	51158
803	55871
804	58147
805	53878
806	52669
807	51565
808	49103
809	56398
810	52786
811	48253
812	47153
813	59762
814	69298
815	65775
816	63590
817	47175
818	42625
819	44170
820	47260
821	39025
822	39879
823	31565
824	36697
825	38118
826	30067
827	28757
828	23568
829	24396
830	27234
831	23597
832	25206
833	23267
834	21429
835	22686
836	23760
837	21661
838	23218
839	22202
840	20148
841	22388
842	27668
843	23552
844	25534
845	23117
846	23794
847	26752
848	30414
849	34963
850	39411
851	38580
852	33673
853	34882
854	37391
855	46680
856	37199
857	42466
858	38776
859	5049
860	39854
861	47488
862	41955
863	48435
864	49533
865	47917
866	56384
867	62800
868	47901
869	61614
870	52632
871	55838
872	53371
873	56769
874	52224
875	55295
876	57525
877	66156
878	56897
879	65763
880	52195
881	61857
882	56960
883	59188
884	55648
885	51073
886	66826
887	60644
888	61079
889	62516
890	67567
891	53374
892	37227
893	463
894	41588
895	51926
896	40835
897	46344
898	58418
899	39974
900	47102
901	63684
902	72473
903	67215
904	68804
905	69636
906	67880
907	53401
908	65464
909	60114
910	57038
911	62406
912	64371
913	64511
914	45732
915	59991
916	47156
917	50771
918	49613
919	41492
920	46723
921	46054
922	49426
923	50700
924	50813
925	53622
926	52089
927	55427
928	50001
929	49255
930	54617
931	56510
932	48697
933	51641
934	52131
935	55942
936	52504
937	44412
938	30079
939	42044
940	46097
941	35880
942	39466
943	35708
944	45551
945	40325
946	36118
947	43857
948	41922
949	43220
950	42007
951	44399
952	54927
953	59361
954	54602
955	58091
956	37983
957	58290
958	48773
959	44334
960	50965
961	43570
962	3939
