	K562_combined
0	27968
1	38204
2	35212
3	49311
4	42747
5	41379
6	43265
7	32612
8	37887
9	37921
10	30648
11	40393
12	38710
13	24856
14	23481
15	24237
16	28218
17	46176
18	51800
19	46114
20	31613
21	38626
22	60261
23	50351
24	49996
25	35809
26	48038
27	47794
28	48788
29	44263
30	39634
31	38558
32	43664
33	39287
34	41503
35	43938
36	41767
37	29753
38	37373
39	34747
40	38707
41	37562
42	40716
43	36943
44	36578
45	32722
46	31264
47	33976
48	31985
49	31613
50	33624
51	29113
52	33975
53	35331
54	29007
55	28712
56	35701
57	30265
58	28641
59	28691
60	29681
61	34146
62	33150
63	29912
64	29167
65	26854
66	35082
67	29424
68	24852
69	24768
70	27996
71	30778
72	33091
73	29242
74	24856
75	21276
76	31673
77	30069
78	22916
79	24687
80	23906
81	23573
82	25657
83	21177
84	26321
85	24686
86	21916
87	23078
88	21707
89	21265
90	21844
91	21555
92	21081
93	25484
94	24161
95	23039
96	21449
97	33517
98	32699
99	29955
100	33591
101	33421
102	34212
103	29055
104	34270
105	37073
106	38082
107	42431
108	39459
109	39966
110	38688
111	41816
112	41609
113	36554
114	34492
115	38068
116	33235
117	35636
118	38205
119	39149
120	27762
121	38404
122	35380
123	36462
124	39689
125	38160
126	43050
127	46481
128	45820
129	48028
130	47930
131	44683
132	51265
133	46774
134	43319
135	46174
136	39911
137	39629
138	31218
139	25107
140	24140
141	28800
142	24787
143	23593
144	26070
145	22726
146	27670
147	25716
148	26977
149	29092
150	32993
151	26853
152	26959
153	34294
154	32467
155	40728
156	39161
157	42153
158	33809
159	33692
160	24950
161	22933
162	22661
163	26834
164	22528
165	21423
166	24959
167	23715
168	26467
169	29049
170	24406
171	25628
172	22363
173	23209
174	18459
175	23353
176	23002
177	24313
178	22344
179	20492
180	25723
181	25999
182	25083
183	25574
184	25770
185	25736
186	25312
187	23733
188	25983
189	30263
190	31017
191	29874
192	26704
193	29755
194	28594
195	31236
196	28539
197	33773
198	33887
199	35755
200	35901
201	36889
202	49845
203	47703
204	55794
205	68120
206	69859
207	58048
208	55623
209	70325
210	63678
211	65757
212	64532
213	57074
214	55555
215	57228
216	52814
217	53414
218	41493
219	41752
220	41469
221	34841
222	41001
223	35988
224	33642
225	30848
226	30791
227	28932
228	26287
229	27489
230	24126
231	21065
232	23137
233	24270
234	23670
235	25126
236	22519
237	21567
238	21541
239	17239
240	20870
241	18461
242	20672
243	20035
244	20721
245	17566
246	20321
247	20211
248	23962
249	20156
250	23040
251	28768
252	30167
253	29732
254	25248
255	24251
256	18376
257	23840
258	23240
259	20237
260	21020
261	20729
262	22566
263	21884
264	21244
265	23091
266	19367
267	24138
268	23232
269	24647
270	25081
271	21656
272	24018
273	24436
274	21859
275	23790
276	27666
277	26222
278	27246
279	31679
280	37720
281	42186
282	44244
283	35476
284	38709
285	41224
286	43401
287	43492
288	36349
289	38242
290	41962
291	38714
292	36314
293	43737
294	54018
295	50021
296	48408
297	45075
298	40505
299	40948
300	35593
301	25944
302	23005
303	22731
304	20630
305	21864
306	24528
307	22715
308	22459
309	25940
310	23688
311	25525
312	25849
313	25801
314	23259
315	24726
316	21908
317	27530
318	21849
319	23830
320	26328
321	26364
322	23952
323	27015
324	24697
325	23386
326	25130
327	36488
328	42705
329	36786
330	35621
331	42842
332	37450
333	38910
334	39348
335	36615
336	37315
337	34896
338	40472
339	37411
340	38118
341	38435
342	39101
343	38262
344	33313
345	31500
346	34205
347	30937
348	34026
349	29863
350	17883
351	1880
352	30827
353	28115
354	20899
355	19598
356	19874
357	20433
358	18958
359	19218
360	19894
361	20200
362	19229
363	18107
364	19810
365	19869
366	19262
367	22215
368	18493
369	16860
370	21016
371	24353
372	21092
373	18642
374	23342
375	20216
376	20851
377	21251
378	18426
379	18941
380	22387
381	19876
382	23320
383	17798
384	24896
385	22553
386	20701
387	19546
388	18969
389	21418
390	17343
391	20687
392	21881
393	18027
394	20921
395	19787
396	18322
397	17782
398	19191
399	15716
400	19170
401	16512
402	18042
403	18956
404	17555
405	19428
406	20906
407	18803
408	17189
409	19622
410	18536
411	17261
412	18194
413	19097
414	12847
415	9233
416	14315
417	14567
418	14970
419	20183
420	16557
421	21428
422	15094
423	19550
424	19509
425	14489
426	11183
427	13848
428	23069
429	53976
430	24259
431	25106
432	16470
433	18513
434	19431
435	18831
436	21214
437	21501
438	18277
439	12302
440	18953
441	20989
442	16043
443	13605
444	15149
445	16669
446	18503
447	17156
448	26008
449	23709
450	20387
451	21095
452	22125
453	18788
454	16633
455	18113
456	17623
457	20425
458	20395
459	19524
460	19309
461	19831
462	18969
463	20051
464	18233
465	19294
466	20090
467	14942
468	16859
469	21186
470	21864
471	14808
472	15424
473	19390
474	19090
475	18834
476	17685
477	15233
478	16457
479	20517
480	17126
481	18596
482	15107
483	17529
484	19067
485	19701
486	17226
487	20279
488	19064
489	16435
490	21216
491	18344
492	18367
493	22943
494	17907
495	19830
496	21273
497	16730
498	15675
499	18877
500	20004
501	18335
502	17690
503	18346
504	18799
505	17428
506	19525
507	19399
508	15690
509	18067
510	15210
511	18152
512	19982
513	17795
514	13647
515	20954
516	17116
517	20198
518	20328
519	17912
520	18308
521	20237
522	16786
523	17524
524	19470
525	19640
526	16159
527	18774
528	20050
529	17492
530	18065
531	16078
532	17645
533	20654
534	18304
535	17441
536	19717
537	20197
538	16612
539	20060
540	17898
541	21264
542	23253
543	20531
544	22406
545	21187
546	20781
547	23793
548	21803
549	18581
550	22304
551	19496
552	16852
553	17367
554	17430
555	16959
556	19786
557	16610
558	18195
559	19934
560	19969
561	22725
562	19308
563	17802
564	19222
565	19919
566	18331
567	18346
568	21042
569	23788
570	20127
571	22387
572	21585
573	18793
574	22124
575	19688
576	26181
577	26729
578	22393
579	27060
580	27504
581	27851
582	28001
583	24474
584	21633
585	24839
586	19151
587	22483
588	20278
589	24952
590	25990
591	19278
592	21285
593	21837
594	21561
595	22131
596	19501
597	23874
598	23711
599	20899
600	20622
601	22365
602	20505
603	20542
604	27260
605	21337
606	18511
607	19408
608	21536
609	19481
610	18668
611	19305
612	19327
613	18149
614	19042
615	21166
616	21892
617	19578
618	22240
619	20892
620	19821
621	24382
622	28605
623	25549
624	25120
625	34389
626	39285
627	42226
628	44626
629	43559
630	48220
631	42828
632	50994
633	48597
634	47233
635	45967
636	47958
637	44284
638	48276
639	53066
640	47284
641	55708
642	47372
643	54836
644	53504
645	64504
646	59839
647	43443
648	44191
649	57767
650	51704
651	49713
652	50103
653	37904
654	28561
655	32280
656	27651
657	26263
658	23937
659	25296
660	22691
661	23542
662	23706
663	24017
664	26678
665	23446
666	24434
667	33016
668	40579
669	43883
670	41062
671	39221
672	35012
673	32253
674	38389
675	30198
676	39518
677	35519
678	34874
679	40619
680	42505
681	27015
682	22215
683	52998
684	13981
685	20333
686	20717
687	19147
688	34785
689	47432
690	52848
691	59934
692	57368
693	54165
694	50409
695	44920
696	44955
697	51858
698	50944
699	47666
700	38025
701	37415
702	26287
703	36273
704	32412
705	26294
706	25220
707	25599
708	25658
709	22396
710	22673
711	20572
712	23997
713	25862
714	22800
715	28308
716	30776
717	28568
718	34181
719	37386
720	39243
721	46368
722	33779
723	41170
724	37629
725	34793
726	39262
727	39521
728	46684
729	44105
730	42121
731	36212
732	36681
733	42762
734	54404
735	45922
736	41984
737	43069
738	39114
739	30885
740	37837
741	45921
742	39903
743	42544
744	44169
745	49796
746	51591
747	51944
748	44313
749	38267
750	43279
751	44602
752	42419
753	44451
754	39046
755	45055
756	46498
757	39670
758	36554
759	38999
760	33981
761	37607
762	41413
763	37212
764	39877
765	44184
766	38589
767	49776
768	49792
769	48564
770	38249
771	40148
772	41483
773	54781
774	43107
775	46314
776	47013
777	40479
778	42109
779	36864
780	39355
781	46911
782	46378
783	49886
784	45741
785	45623
786	40173
787	49272
788	38132
789	36964
790	38657
791	37204
792	29834
793	28166
794	28959
795	23025
796	19691
797	21868
798	24047
799	24394
800	21783
801	20256
802	23204
803	23420
804	23598
805	22415
806	23635
807	26437
808	24318
809	29079
810	26410
811	30378
812	29807
813	32187
814	38615
815	51116
816	58676
817	46184
818	34746
819	30070
820	33903
821	26903
822	25223
823	23909
824	22397
825	22327
826	24636
827	25512
828	20986
829	20154
830	21770
831	28756
832	24283
833	33422
834	28090
835	34886
836	36305
837	45202
838	42564
839	32406
840	28062
841	26896
842	23616
843	19947
844	24121
845	20194
846	20977
847	24328
848	24655
849	27177
850	30164
851	35140
852	28668
853	28030
854	27222
855	36895
856	39679
857	51204
858	50464
859	51857
860	59425
861	57835
862	57455
863	55881
864	58673
865	59977
866	55623
867	52400
868	48191
869	44763
870	44895
871	48924
872	47800
873	39196
874	28736
875	37683
876	25473
877	25233
878	22735
879	26274
880	22313
881	21337
882	22753
883	21500
884	21059
885	22166
886	21465
887	20011
888	22286
889	19600
890	22688
891	21097
892	19286
893	19977
894	22760
895	24833
896	31838
897	22785
898	22192
899	18964
900	20792
901	21493
902	21404
903	20408
904	23399
905	19594
906	20375
907	17803
908	17688
909	14845
910	16042
911	17155
912	16409
913	16108
914	18070
915	21138
916	18118
917	16960
918	10688
919	9027
920	11664
921	10408
922	13826
923	9841
924	6121
925	8441
926	15106
927	16915
928	1171
929	0
930	0
931	0
932	0
933	0
934	0
935	0
936	0
937	0
938	0
939	0
940	0
941	0
942	0
943	0
944	0
945	0
946	0
947	0
948	0
949	0
950	0
951	0
952	0
953	0
954	0
955	0
956	0
957	0
958	0
959	0
960	0
961	0
962	0
963	0
964	0
965	0
966	0
967	0
968	0
969	0
970	0
971	0
972	0
973	0
974	0
975	0
976	0
977	0
978	0
979	0
980	0
981	0
982	0
983	0
984	0
985	0
986	0
987	0
988	12329
989	15464
990	11060
991	13227
992	15997
993	18473
994	14881
995	17899
996	16953
997	18138
998	18362
999	19841
1000	18630
1001	18425
1002	19077
1003	21408
1004	29391
1005	27323
1006	24234
1007	24833
1008	13142
1009	11916
1010	12240
1011	13787
1012	14812
1013	20537
1014	13529
1015	12798
1016	12339
1017	12355
1018	14855
1019	13441
1020	13525
1021	14714
1022	13207
1023	13079
1024	13497
1025	15020
1026	12323
1027	12892
1028	13918
1029	14346
1030	11520
1031	13837
1032	15748
1033	14719
1034	13488
1035	15373
1036	13836
1037	16207
1038	17882
1039	18246
1040	21643
1041	25439
1042	24443
1043	21820
1044	22908
1045	28436
1046	27402
1047	27751
1048	27696
1049	34080
1050	31056
1051	26263
1052	30007
1053	27335
1054	32868
1055	31109
1056	32121
1057	34420
1058	30512
1059	27651
1060	32164
1061	34618
1062	31381
1063	37052
1064	38033
1065	32552
1066	34961
1067	30439
1068	36073
1069	23104
1070	24002
1071	42270
1072	37705
1073	34672
1074	43261
1075	37841
1076	35359
1077	38529
1078	38624
1079	35470
1080	44972
1081	33669
1082	33040
1083	34995
1084	33657
1085	31339
1086	30022
1087	29010
1088	32347
1089	35055
1090	37830
1091	29866
1092	31979
1093	30258
1094	29816
1095	34364
1096	34814
1097	36115
1098	35914
1099	31562
1100	33859
1101	25894
1102	33472
1103	36701
1104	40648
1105	38771
1106	44811
1107	50049
1108	46493
1109	44853
1110	40634
1111	46501
1112	35134
1113	35119
1114	36640
1115	36995
1116	33915
1117	34966
1118	34218
1119	34471
1120	35375
1121	31479
1122	34104
1123	33790
1124	33633
1125	37683
1126	37547
1127	38485
1128	48978
1129	46160
1130	37889
1131	40867
1132	31070
1133	34067
1134	29719
1135	26086
1136	27023
1137	22438
1138	23292
1139	25645
1140	22217
1141	21158
1142	21594
1143	24086
1144	20400
1145	20720
1146	17676
1147	21314
1148	20576
1149	21626
1150	23351
1151	16467
1152	19168
1153	18081
1154	20682
1155	19490
1156	15900
1157	15704
1158	20375
1159	19856
1160	17405
1161	18044
1162	21785
1163	21556
1164	21859
1165	19409
1166	18588
1167	18677
1168	21585
1169	21836
1170	16458
1171	15291
1172	16112
1173	13847
1174	16004
1175	13887
1176	12186
1177	14004
1178	15347
1179	17406
1180	17932
1181	17286
1182	18735
1183	16576
1184	15300
1185	17287
1186	14867
1187	16095
1188	17484
1189	15359
1190	18103
1191	16841
1192	18830
1193	25349
1194	21021
1195	26700
1196	23563
1197	24304
1198	31573
1199	40060
1200	33719
1201	34405
1202	34437
1203	27632
1204	30680
1205	32414
1206	27774
1207	30288
1208	28245
1209	36208
1210	31817
1211	30115
1212	32808
1213	30393
1214	29586
1215	27084
1216	23875
1217	30240
1218	32412
1219	32017
1220	30324
1221	26957
1222	28050
1223	26625
1224	29332
1225	25788
1226	30182
1227	35751
1228	33822
1229	36556
1230	40608
1231	44478
1232	41030
1233	38258
1234	42258
1235	32042
1236	29030
1237	34017
1238	36703
1239	29495
1240	33482
1241	25726
1242	20713
1243	16979
1244	17927
1245	18989
1246	17015
1247	19810
1248	17167
1249	18040
1250	13586
1251	16495
1252	13384
1253	15435
1254	12625
1255	13028
1256	15740
1257	14921
1258	15102
1259	16227
1260	15276
1261	18671
1262	16225
1263	14794
1264	14827
1265	17703
1266	17208
1267	15550
1268	15104
1269	17201
1270	19556
1271	16489
1272	15217
1273	15619
1274	16775
1275	18155
1276	20581
1277	19086
1278	28945
1279	29210
1280	25144
1281	26230
1282	26335
1283	25971
1284	29090
1285	28886
1286	35413
1287	34331
1288	34978
1289	25220
1290	27093
1291	26976
1292	24761
1293	26399
1294	24748
1295	29724
1296	35543
1297	32073
1298	35789
1299	35738
1300	41011
1301	40128
1302	43087
1303	43205
1304	38532
1305	31259
1306	27755
1307	27591
1308	37501
1309	33795
1310	38887
1311	33359
1312	31814
1313	29673
1314	27819
1315	23863
1316	23209
1317	26156
1318	23403
1319	26457
1320	25448
1321	26283
1322	25094
1323	29377
1324	27615
1325	32578
1326	33908
1327	28964
1328	33741
1329	31060
1330	34112
1331	28085
1332	24981
1333	21845
1334	18573
1335	19325
1336	18986
1337	21563
1338	25624
1339	20065
1340	18945
1341	23069
1342	20893
1343	22273
1344	24473
1345	28266
1346	25440
1347	25002
1348	31743
1349	31397
1350	27896
1351	33068
1352	44078
1353	36345
1354	47776
1355	39316
1356	36009
1357	28036
1358	29407
1359	32597
1360	33552
1361	30815
1362	31028
1363	33903
1364	26275
1365	34305
1366	39157
1367	39763
1368	38638
1369	42534
1370	42314
1371	40405
1372	36308
1373	36152
1374	36025
1375	34560
1376	21774
1377	4660
1378	2521
1379	129
1380	28
1381	264
1382	163
1383	79
1384	1280
1385	920
1386	3335
1387	1914
1388	655
1389	587
1390	358
1391	357
1392	1213
1393	497
1394	1683
1395	1885
1396	1236
1397	248
1398	495
1399	578
1400	321
1401	2277
1402	279
1403	1095
1404	1373
1405	2143
1406	7330
1407	3013
1408	1837
1409	1111
1410	1822
1411	1251
1412	2502
1413	15470
1414	19214
1415	32441
1416	31990
1417	37686
1418	32873
1419	39093
1420	34601
1421	31882
1422	32058
1423	39056
1424	34620
1425	34546
1426	34579
1427	36717
1428	42398
1429	42544
1430	42460
1431	41248
1432	41104
1433	35482
1434	33793
1435	39818
1436	40571
1437	40843
1438	39759
1439	33533
1440	34457
1441	30901
1442	34802
1443	29378
1444	38206
1445	33428
1446	32217
1447	32859
1448	38877
1449	40210
1450	34492
1451	37461
1452	32231
1453	32598
1454	31645
1455	40251
1456	41596
1457	36789
1458	30732
1459	31548
1460	26634
1461	32989
1462	26870
1463	25985
1464	29580
1465	28296
1466	27470
1467	26512
1468	26656
1469	31082
1470	32561
1471	32986
1472	33378
1473	32501
1474	33518
1475	33358
1476	34425
1477	39544
1478	35843
1479	36641
1480	25746
1481	30275
1482	27323
1483	33380
1484	33340
1485	30864
1486	30126
1487	29248
1488	26442
1489	27154
1490	31862
1491	34479
1492	37856
1493	31727
1494	30669
1495	32112
1496	37354
1497	30880
1498	33621
1499	28851
1500	39449
1501	27849
1502	28337
1503	25725
1504	29434
1505	24524
1506	28234
1507	25015
1508	28646
1509	33097
1510	33154
1511	37190
1512	47859
1513	40589
1514	44556
1515	40938
1516	46990
1517	37223
1518	36403
1519	39703
1520	43343
1521	46511
1522	42414
1523	37805
1524	35982
1525	34869
1526	35430
1527	31516
1528	33856
1529	31302
1530	28854
1531	32671
1532	30232
1533	32741
1534	35634
1535	26682
1536	27235
1537	28267
1538	28232
1539	33750
1540	29849
1541	33436
1542	33098
1543	37115
1544	36671
1545	33406
1546	31763
1547	33160
1548	26388
1549	30570
1550	34009
1551	40412
1552	36807
1553	36221
1554	34120
1555	36297
1556	49855
1557	33594
1558	40334
1559	40640
1560	41324
1561	40809
1562	36615
1563	30428
1564	35532
1565	31246
1566	33979
1567	30457
1568	34824
1569	37013
1570	43013
1571	34953
1572	42929
1573	33419
1574	35066
1575	35295
1576	41585
1577	43369
1578	34163
1579	34092
1580	36550
1581	38404
1582	42546
1583	31434
1584	32236
1585	34415
1586	32112
1587	44620
1588	41442
1589	41394
1590	44404
1591	42879
1592	39062
1593	32924
1594	35234
1595	31871
1596	35725
1597	36930
1598	32319
1599	30472
1600	29048
1601	31309
1602	31476
1603	35705
1604	33265
1605	30966
1606	28189
1607	32934
1608	32557
1609	37468
1610	36143
1611	37537
1612	35928
1613	35321
1614	27901
1615	31329
1616	32935
1617	28445
1618	25635
1619	29354
1620	36406
1621	45837
1622	38749
1623	36986
1624	39156
1625	43350
1626	36569
1627	33728
1628	30984
1629	30235
1630	34852
1631	36211
1632	41220
1633	38696
1634	36311
1635	32918
1636	28170
1637	25758
1638	26883
1639	25525
1640	24856
1641	22935
1642	25279
1643	18933
1644	24974
1645	26241
1646	28303
1647	29979
1648	24631
1649	23359
1650	26037
1651	18497
1652	18832
1653	23552
1654	24675
1655	21802
1656	21326
1657	24074
1658	17469
1659	17602
1660	22337
1661	14378
1662	15900
1663	14520
1664	13946
1665	14588
1666	16420
1667	12593
1668	13448
1669	14578
1670	12449
1671	14908
1672	15170
1673	14221
1674	14912
1675	13969
1676	14552
1677	14075
1678	14358
1679	12008
1680	14137
1681	12153
1682	14541
1683	13280
1684	14363
1685	12946
1686	14736
1687	13811
1688	12550
1689	17286
1690	13161
1691	14331
1692	16147
1693	14070
1694	17539
1695	19448
1696	16506
1697	21187
1698	17431
1699	20070
1700	17658
1701	18855
1702	17628
1703	17761
1704	17097
1705	14997
1706	16385
1707	12420
1708	16154
1709	14147
1710	14925
1711	16197
1712	17628
1713	17273
1714	19562
1715	19836
1716	23259
1717	25877
1718	30422
1719	24044
1720	19363
1721	18256
1722	17334
1723	19540
1724	18787
1725	20930
1726	26408
1727	29464
1728	30881
1729	26306
1730	27125
1731	27254
1732	28222
1733	25783
1734	27279
1735	17708
1736	16136
1737	18353
1738	13936
1739	16773
1740	14599
1741	18363
1742	16550
1743	15292
1744	17201
1745	17217
1746	17094
1747	18416
1748	25551
1749	24977
1750	28601
1751	32436
1752	26764
1753	25134
1754	23891
1755	20326
1756	18540
1757	23477
1758	21559
1759	22209
1760	25179
1761	30296
1762	27123
1763	25992
1764	25424
1765	28390
1766	32138
1767	25432
1768	28761
1769	26830
1770	28863
1771	30599
1772	26988
1773	26303
1774	24305
1775	28124
1776	22973
1777	24847
1778	21238
1779	23026
1780	22781
1781	20201
1782	21078
1783	18467
1784	20553
1785	21457
1786	21433
1787	19492
1788	23884
1789	23309
1790	24017
1791	26289
1792	28016
1793	25215
1794	31189
1795	36099
1796	38287
1797	33827
1798	40223
1799	34298
1800	33608
1801	30827
1802	30219
1803	33194
1804	28579
1805	30460
1806	33678
1807	33414
1808	34635
1809	35999
1810	36882
1811	41032
1812	43150
1813	36227
1814	30491
1815	27931
1816	22183
1817	17001
1818	16950
1819	14897
1820	15872
1821	13773
1822	16170
1823	17030
1824	17350
1825	14348
1826	16128
1827	15616
1828	13566
1829	12164
1830	14804
1831	14259
1832	8919
1833	3334
1834	13856
1835	14797
1836	13741
1837	16662
1838	15155
1839	11505
1840	13173
1841	14554
1842	14561
1843	13912
1844	12193
1845	14025
1846	14486
1847	14846
1848	15193
1849	14881
1850	16417
1851	13697
1852	15548
1853	16897
1854	17581
1855	15972
1856	13548
1857	18427
1858	20382
1859	17134
1860	17600
1861	17265
1862	15175
1863	16679
1864	13880
1865	18959
1866	17690
1867	23171
1868	23866
1869	22648
1870	17913
1871	14379
1872	16553
1873	15695
1874	18580
1875	18096
1876	19932
1877	22252
1878	25563
1879	26942
1880	24581
1881	25762
1882	21606
1883	25555
1884	20046
1885	19458
1886	21469
1887	23925
1888	20851
1889	24895
1890	24009
1891	22880
1892	27631
1893	23234
1894	27823
1895	25490
1896	30573
1897	32790
1898	32545
1899	35187
1900	43431
1901	49023
1902	42752
1903	47923
1904	39937
1905	32966
1906	34141
1907	34481
1908	32238
1909	25745
1910	25525
1911	25056
1912	25706
1913	27864
1914	23786
1915	27554
1916	27382
1917	26435
1918	29331
1919	31700
1920	33023
1921	38725
1922	36602
1923	40705
1924	36986
1925	41868
1926	33349
1927	36548
1928	36760
1929	35059
1930	31523
1931	21882
1932	19768
1933	20735
1934	18637
1935	17550
1936	17283
1937	14610
1938	15272
1939	14005
1940	16002
1941	16137
1942	12402
1943	16539
1944	13178
1945	14442
1946	14865
1947	15528
1948	16911
1949	13975
1950	14691
1951	15161
1952	15128
1953	16350
1954	14868
1955	14522
1956	16044
1957	12456
1958	16959
1959	15992
1960	19547
1961	19295
1962	27087
1963	26202
1964	30229
1965	38781
1966	34456
1967	33724
1968	24627
1969	19071
1970	11398
1971	10727
1972	14883
1973	15523
1974	12138
1975	9250
1976	8499
1977	11876
1978	11741
1979	12472
1980	12524
1981	12372
1982	13064
1983	11679
1984	11568
1985	12647
1986	12242
1987	12164
1988	8821
1989	12297
1990	13634
1991	14060
1992	12596
1993	8694
1994	13972
1995	12983
1996	13421
1997	16120
1998	16046
1999	16306
2000	17368
2001	15456
2002	14668
2003	14644
2004	13275
2005	14757
2006	13853
2007	13303
2008	12654
2009	12399
2010	12712
2011	13554
2012	12631
2013	13968
2014	11284
2015	13135
2016	14274
2017	13610
2018	13637
2019	14255
2020	15134
2021	12780
2022	13004
2023	14582
2024	13210
2025	12299
2026	13377
2027	12489
2028	14217
2029	13814
2030	12457
2031	15345
2032	14473
2033	14681
2034	13495
2035	14974
2036	16549
2037	15367
2038	17569
2039	20468
2040	21531
2041	20027
2042	20599
2043	18274
2044	19468
2045	19791
2046	23626
2047	25726
2048	31890
2049	29852
2050	23885
2051	25433
2052	24617
2053	22497
2054	25485
2055	24576
2056	22727
2057	22018
2058	23506
2059	21781
2060	18491
2061	20411
2062	19992
2063	21824
2064	19857
2065	17118
2066	16989
2067	23565
2068	21853
2069	18556
2070	22196
2071	17115
2072	17510
2073	14673
2074	13963
2075	14443
2076	24808
2077	11981
2078	15438
2079	13615
2080	16859
2081	13011
2082	11956
2083	12756
2084	14144
2085	17671
2086	15875
2087	17170
2088	17406
2089	17365
2090	17281
2091	19685
2092	15578
2093	15768
2094	16916
2095	18738
2096	14347
2097	14371
2098	17529
2099	13632
2100	13521
2101	15484
2102	14113
2103	13851
2104	12727
2105	14344
2106	15661
2107	13473
2108	13096
2109	15057
2110	12647
2111	14498
2112	14093
2113	14982
2114	14606
2115	14099
2116	13843
2117	14398
2118	12291
2119	11599
2120	10921
2121	11037
2122	14153
2123	11908
2124	14017
2125	15232
2126	12882
2127	12924
2128	14584
2129	14257
2130	13255
2131	16206
2132	18289
2133	17597
2134	18211
2135	16969
2136	21711
2137	18569
2138	20427
2139	14706
2140	18231
2141	19817
2142	20833
2143	20605
2144	18690
2145	16628
2146	16527
2147	17845
2148	22521
2149	21865
2150	25390
2151	26302
2152	21534
2153	22636
2154	28838
2155	29251
2156	32154
2157	30589
2158	32605
2159	37238
2160	36096
2161	35996
2162	34689
2163	26907
2164	23992
2165	23464
2166	21281
2167	24164
2168	21860
2169	23730
2170	28127
2171	26500
2172	30915
2173	29077
2174	33446
2175	30832
2176	30553
2177	29012
2178	31027
2179	33615
2180	36822
2181	26288
2182	25157
2183	27617
2184	27658
2185	28881
2186	21700
2187	22318
2188	19718
2189	18734
2190	15500
2191	17817
2192	16464
2193	16387
2194	14498
2195	13042
2196	13305
2197	15811
2198	14035
2199	14360
2200	15827
2201	23099
2202	17686
2203	16881
2204	18274
2205	21245
2206	19363
2207	22130
2208	24074
2209	25033
2210	19097
2211	20287
2212	19024
2213	15907
2214	18754
2215	21190
2216	24470
2217	29809
2218	17380
2219	21458
2220	19937
2221	20825
2222	15108
2223	17281
2224	17265
2225	17158
2226	20245
2227	19584
2228	16359
2229	26852
2230	31896
2231	30150
2232	25687
2233	30562
2234	29035
2235	29459
2236	35668
2237	39833
2238	38835
2239	38182
2240	38594
2241	39064
2242	34851
2243	38548
2244	38815
2245	41036
2246	37619
2247	46299
2248	40824
2249	33327
2250	30933
2251	30743
2252	29351
2253	30770
2254	27812
2255	31875
2256	26574
2257	25921
2258	29883
2259	27358
2260	20275
2261	19393
2262	18085
2263	15080
2264	16691
2265	17283
2266	16959
2267	16836
2268	17597
2269	17387
2270	15722
2271	14234
2272	15352
2273	14596
2274	14534
2275	17011
2276	17207
2277	17220
2278	17944
2279	15224
2280	13207
2281	16307
2282	18217
2283	17686
2284	17773
2285	15463
2286	17589
2287	19720
2288	27196
2289	21855
2290	22858
2291	25263
2292	28234
2293	26246
2294	26280
2295	26716
2296	30284
2297	27198
2298	30252
2299	30611
2300	24508
2301	26734
2302	28967
2303	31714
2304	28997
2305	30358
2306	30396
2307	25803
2308	33607
2309	20930
2310	21359
2311	21165
2312	22506
2313	27102
2314	30249
2315	28298
2316	23899
2317	27151
2318	23786
2319	23754
2320	23533
2321	23157
2322	23813
2323	21841
2324	19154
2325	16599
2326	16614
2327	13557
2328	15266
2329	15568
2330	16498
2331	15157
2332	12426
2333	13527
2334	13455
2335	11651
2336	12809
2337	12955
2338	14418
2339	13325
2340	14185
2341	12603
2342	12373
2343	16162
2344	13978
2345	13085
2346	14303
2347	13444
2348	14439
2349	12358
2350	12108
2351	12863
2352	17006
2353	15147
2354	15474
2355	17076
2356	20500
2357	15326
2358	20435
2359	17666
2360	18172
2361	22786
2362	25366
2363	25826
2364	27918
2365	32562
2366	35632
2367	34831
2368	41350
2369	31727
2370	32090
2371	35945
2372	45808
2373	39701
2374	42744
2375	41843
2376	27552
2377	26771
2378	23490
2379	25561
2380	19129
2381	24288
2382	20284
2383	16635
2384	17372
2385	14908
2386	17694
2387	16233
2388	15686
2389	15364
2390	17507
2391	18296
2392	15748
2393	17457
2394	18763
2395	20670
2396	18625
2397	20418
2398	18902
2399	17677
2400	14911
2401	13909
2402	13529
2403	16273
2404	16841
2405	15350
2406	15897
2407	16170
2408	14526
2409	14239
2410	15809
2411	14651
2412	15899
2413	14114
2414	15007
2415	17299
2416	15864
2417	16757
2418	18750
2419	20040
2420	18516
2421	18114
2422	18901
2423	21036
2424	17127
2425	21070
2426	25926
2427	30138
2428	31988
2429	36022
2430	29237
2431	21844
2432	22754
2433	23912
2434	22202
2435	21767
2436	22269
2437	24702
2438	26250
2439	25905
2440	25932
2441	32905
2442	34343
2443	32646
2444	32169
2445	30964
2446	28784
2447	25814
2448	23310
2449	24715
2450	28077
2451	24110
2452	24262
2453	22172
2454	29690
2455	29578
2456	31083
2457	26305
2458	23100
2459	24377
2460	14636
2461	14863
2462	16717
2463	16457
2464	16019
2465	16729
2466	18009
2467	14258
2468	16703
2469	17131
2470	16435
2471	17528
2472	22033
2473	19892
2474	19665
2475	21797
2476	24805
2477	28510
2478	33291
2479	32735
2480	36963
2481	32772
2482	30534
2483	30128
2484	27871
2485	24686
2486	21271
2487	20224
2488	18692
2489	20506
2490	17004
2491	14653
2492	16563
2493	14528
2494	13703
2495	14900
2496	16302
2497	14832
2498	17100
2499	13011
2500	14885
2501	15250
2502	13925
2503	14858
2504	13927
2505	14022
2506	14546
2507	14876
2508	16054
2509	14805
2510	17558
2511	22074
2512	21419
2513	31507
2514	27610
2515	34460
2516	38083
2517	42601
2518	41695
2519	38542
2520	42326
2521	44308
2522	46562
2523	33657
2524	37567
2525	39791
2526	44945
2527	40807
2528	34990
2529	37477
2530	28091
2531	26315
2532	31349
2533	26267
2534	25956
2535	31347
2536	26454
2537	24422
2538	24799
2539	23752
2540	24860
2541	26099
2542	22314
2543	23087
2544	25933
2545	27023
2546	24906
2547	30703
2548	27088
2549	26442
2550	26169
2551	21848
2552	14608
2553	17513
2554	13969
2555	17066
2556	15350
2557	15008
2558	16184
2559	18703
2560	18209
2561	16288
2562	15118
2563	17234
2564	15277
2565	19342
2566	22717
2567	21462
2568	29573
2569	24611
2570	15351
2571	13245
2572	15673
2573	14063
2574	14626
2575	15543
2576	14601
2577	11732
2578	13380
2579	13596
2580	16481
2581	12894
2582	19482
2583	15812
2584	14386
2585	14928
2586	14956
2587	15130
2588	13217
2589	17083
2590	16470
2591	14263
2592	14788
2593	15498
2594	13332
2595	14488
2596	13695
2597	17117
2598	14171
2599	17734
2600	15197
2601	14794
2602	16121
2603	21079
2604	25682
2605	24685
2606	24754
2607	23623
2608	26818
2609	35198
2610	38018
2611	37049
2612	37817
2613	34549
2614	38447
2615	32319
2616	33945
2617	30949
2618	35825
2619	44531
2620	33236
2621	42374
2622	39811
2623	35611
2624	34888
2625	35713
2626	56490
2627	43704
2628	51530
2629	39340
2630	41357
2631	54562
2632	53046
2633	49625
2634	41513
2635	52002
2636	51845
2637	43697
2638	34812
2639	36052
2640	42303
2641	39332
2642	48553
2643	44321
2644	46831
2645	44332
2646	41430
2647	53274
2648	40555
2649	38787
2650	37790
2651	45449
2652	38033
2653	39399
2654	38078
2655	34659
2656	38389
2657	32600
2658	28940
2659	30448
2660	41532
2661	38849
2662	36007
2663	42332
2664	51750
2665	46424
2666	48139
2667	47434
2668	49019
2669	44674
2670	45229
2671	46007
2672	43144
2673	41912
2674	45551
2675	48988
2676	51060
2677	49035
2678	48843
2679	49571
2680	39416
2681	46585
2682	44069
2683	43905
2684	46018
2685	44971
2686	47229
2687	52381
2688	49789
2689	55048
2690	44085
2691	53660
2692	45205
2693	46160
2694	44675
2695	48830
2696	48306
2697	43086
2698	44331
2699	37328
2700	32737
2701	35840
2702	14205
2703	38304
2704	40788
2705	34438
2706	33335
2707	40947
2708	42839
2709	41190
2710	37417
2711	39442
2712	28482
2713	33418
2714	29749
2715	30262
2716	29829
2717	31897
2718	25187
2719	27508
2720	28769
2721	27107
2722	28163
2723	23893
2724	23238
2725	23218
2726	24370
2727	22628
2728	29539
2729	28035
2730	29757
2731	30862
2732	28949
2733	31937
2734	30506
2735	29130
2736	33299
2737	26348
2738	33268
2739	30570
2740	35937
2741	37038
2742	33995
2743	37505
2744	39803
2745	38681
2746	34351
2747	43878
2748	44612
2749	42534
2750	47248
2751	48704
2752	47291
2753	43561
2754	44669
2755	50564
2756	50570
2757	45300
2758	48782
2759	52176
2760	47177
2761	49327
2762	42521
2763	38819
2764	44742
2765	37135
2766	41762
2767	41343
2768	42305
2769	47481
2770	50704
2771	48806
2772	50993
2773	46209
2774	54358
2775	39217
2776	15131
2777	56209
2778	52356
2779	46857
2780	48638
2781	51994
2782	57740
2783	45756
2784	40779
2785	43735
2786	38935
2787	43490
2788	39364
2789	40370
2790	45102
2791	51549
2792	53719
2793	41539
2794	47790
2795	48237
2796	34746
2797	31723
2798	45759
2799	41162
2800	48154
2801	53272
2802	34618
2803	26939
2804	25342
2805	22767
2806	23634
2807	24243
2808	23025
2809	22413
2810	19378
2811	24620
2812	25832
2813	36956
2814	35835
2815	37553
2816	34253
2817	44871
2818	40973
2819	42016
2820	44558
2821	51756
2822	43400
2823	42168
2824	46384
2825	47310
2826	53029
2827	44634
2828	39415
2829	39611
2830	36097
2831	44457
2832	48468
2833	45184
2834	45124
2835	45137
2836	43241
2837	41229
2838	38195
2839	37604
2840	36088
2841	38272
2842	39404
2843	35395
2844	37402
2845	36735
2846	33395
2847	32596
2848	34481
2849	36474
2850	40356
2851	41416
2852	47114
2853	31352
2854	34559
2855	32133
2856	33411
2857	28258
2858	25862
2859	30210
2860	27547
2861	24433
2862	26221
2863	24378
2864	22499
2865	22066
2866	17249
2867	19254
2868	19224
2869	18442
2870	23425
2871	23163
2872	18156
2873	17830
2874	18091
2875	15958
2876	15115
2877	16774
2878	13195
2879	16454
2880	17244
2881	12779
2882	16027
2883	14968
2884	15086
2885	14190
2886	13345
2887	14268
2888	15644
2889	15715
2890	15454
2891	16490
2892	16545
2893	15178
2894	16997
2895	19586
2896	21029
2897	29044
2898	27124
2899	24650
2900	31735
2901	34788
2902	36751
2903	30981
2904	44816
2905	41294
2906	35833
2907	33334
2908	44299
2909	39199
2910	34816
2911	54316
2912	37383
2913	37445
2914	40144
2915	36676
2916	37838
2917	34912
2918	34234
2919	28023
2920	26210
2921	22237
2922	17995
2923	16511
2924	16842
2925	17740
2926	20270
2927	17430
2928	14867
2929	12731
2930	13356
2931	17891
2932	16392
2933	16120
2934	14384
2935	19194
2936	20004
2937	16429
2938	19433
2939	19911
2940	17254
2941	15645
2942	15453
2943	16688
2944	18943
2945	19480
2946	17173
2947	16066
2948	15420
2949	19694
2950	19159
2951	18368
2952	17328
2953	23725
2954	18892
2955	27827
2956	30691
2957	31785
2958	33969
2959	28403
2960	34987
2961	31863
2962	31881
2963	35391
2964	35673
2965	33827
2966	28875
2967	33142
2968	39657
2969	33147
2970	43154
2971	41211
2972	47132
2973	48524
2974	52082
2975	52616
2976	61448
2977	45495
2978	51380
2979	51558
2980	53654
2981	47202
2982	53180
2983	55880
2984	51348
2985	48602
2986	53897
2987	50886
2988	53847
2989	55432
2990	58428
2991	51157
2992	50055
2993	45837
2994	47623
2995	44251
2996	56513
2997	49044
2998	50291
2999	43601
3000	51882
3001	45459
3002	37605
3003	43245
3004	32360
3005	31835
3006	28326
3007	42480
3008	52351
3009	52932
3010	57043
3011	51244
3012	53100
3013	42489
3014	34541
3015	35124
3016	39351
3017	42947
3018	44124
3019	36836
3020	41983
3021	42310
3022	47289
3023	33228
3024	30301
3025	27544
3026	26600
3027	20179
3028	20236
3029	19147
3030	25025
3031	19851
3032	17911
3033	20217
3034	15718
3035	16695
3036	17619
3037	19854
3038	21808
3039	12992
3040	15318
3041	15976
3042	13625
3043	14104
3044	15083
3045	14512
3046	14613
3047	12993
3048	13833
3049	15005
3050	16449
3051	16093
3052	14391
3053	15110
3054	16628
3055	16620
3056	17783
3057	21137
3058	22555
3059	23086
3060	24257
3061	28615
3062	27586
3063	28927
3064	26335
3065	29761
3066	29197
3067	33886
3068	41125
3069	41128
3070	39717
3071	49152
3072	39774
3073	41134
3074	41205
3075	42167
3076	47573
3077	38036
3078	44086
3079	44243
3080	50889
3081	51447
3082	58350
3083	51307
3084	53952
3085	42515
3086	38905
3087	38357
3088	32451
3089	32745
3090	25790
3091	18222
3092	23028
3093	24082
3094	19691
3095	20457
3096	18333
3097	19849
3098	17954
3099	17114
3100	16543
3101	18604
3102	14334
3103	3226
3104	15503
3105	15268
3106	15845
3107	16336
3108	17632
3109	13731
3110	16938
3111	14578
3112	16915
3113	15950
3114	16205
3115	15765
3116	16593
3117	13929
3118	17181
3119	17285
3120	17885
3121	13882
3122	16403
3123	16997
3124	16232
3125	19462
3126	19502
3127	19490
3128	21008
3129	29381
3130	28777
3131	34682
3132	32081
3133	33110
3134	34476
3135	37028
3136	30198
3137	31703
3138	36935
3139	41721
3140	37631
3141	34847
3142	38170
3143	38909
3144	30519
3145	34930
3146	34457
3147	37991
3148	36097
3149	28750
3150	24111
3151	27837
3152	22718
3153	15495
3154	19217
3155	18679
3156	18229
3157	21507
3158	19455
3159	20811
3160	18344
3161	19356
3162	27390
3163	21986
3164	24645
3165	27489
3166	25614
3167	27879
3168	27021
3169	25782
3170	29798
3171	33220
3172	30973
3173	38495
3174	35523
3175	30974
3176	33183
3177	33279
3178	25525
3179	33616
3180	32497
3181	34885
3182	28336
3183	29297
3184	30593
3185	35734
3186	33214
3187	36785
3188	42270
3189	40558
3190	35072
3191	46700
3192	47843
3193	48166
3194	40859
3195	46135
3196	34335
3197	33156
3198	29460
3199	21928
3200	21229
3201	20498
3202	16249
3203	17898
3204	18070
3205	12324
3206	17492
3207	19825
3208	17932
3209	14911
3210	14087
3211	15033
3212	15653
3213	16846
3214	13720
3215	12460
3216	14340
3217	14053
3218	12944
3219	14112
3220	12829
3221	13960
3222	12175
3223	13874
3224	12965
3225	11629
3226	13243
3227	12685
3228	13741
3229	11988
3230	13134
3231	14898
3232	13700
3233	13892
3234	13242
3235	14479
3236	14993
3237	15110
3238	14389
3239	12735
3240	12488
3241	13841
3242	12204
3243	16380
3244	13477
3245	14651
3246	13899
3247	12349
3248	13753
3249	14381
3250	13338
3251	16404
3252	16598
3253	17702
3254	22244
3255	27361
3256	29807
3257	37971
3258	36101
3259	29264
3260	23429
3261	20036
3262	16586
3263	16459
3264	21311
3265	19207
3266	22858
3267	23890
3268	20806
3269	24768
3270	22670
3271	26581
3272	29679
3273	25572
3274	31632
3275	34228
3276	24084
3277	21241
3278	21578
3279	13871
3280	8909
3281	9964
3282	9654
3283	10472
3284	8486
3285	9840
3286	9507
3287	9022
3288	9941
3289	15090
3290	13209
3291	12291
3292	14245
3293	14557
3294	13565
3295	12926
3296	12228
3297	14501
3298	14880
3299	12643
3300	14193
3301	16305
3302	14212
3303	13315
3304	12509
3305	13701
3306	14947
3307	14561
3308	12198
3309	14287
3310	16750
3311	14362
3312	14583
3313	13131
3314	13903
3315	13940
3316	14498
3317	15350
3318	14801
3319	13102
3320	13054
3321	14186
3322	15633
3323	16043
3324	17145
3325	16384
3326	16124
3327	13930
3328	15954
3329	14579
3330	15458
3331	16835
3332	15379
3333	16088
3334	16639
3335	15415
3336	13798
3337	13770
3338	14017
3339	14791
3340	16530
3341	14698
3342	15274
3343	20908
3344	18975
3345	15443
3346	17743
3347	21365
3348	19577
3349	23154
3350	26744
3351	24659
3352	28297
3353	35661
3354	31819
3355	35050
3356	32488
3357	37534
3358	32311
3359	33631
3360	35705
3361	38329
3362	39750
3363	41087
3364	39188
3365	32257
3366	32298
3367	33990
3368	34776
3369	27747
3370	35311
3371	36453
3372	29493
3373	28769
3374	29487
3375	27736
3376	24783
3377	28570
3378	27452
3379	29614
3380	27427
3381	38819
3382	40948
3383	37399
3384	35505
3385	35638
3386	37060
3387	40394
3388	42927
3389	40117
3390	46120
3391	46515
3392	39246
3393	40704
3394	51181
3395	45986
3396	41090
3397	39136
3398	36237
3399	31657
3400	39221
3401	31085
3402	29881
3403	29872
3404	27607
3405	22936
3406	17542
3407	15125
3408	17387
3409	17227
3410	15254
3411	19688
3412	20778
3413	28634
3414	28317
3415	39801
3416	40550
3417	42708
3418	45053
3419	41226
3420	41468
3421	35663
3422	36254
3423	28746
3424	33642
3425	42436
3426	34910
3427	36182
3428	47105
3429	47303
3430	47868
3431	49429
3432	46666
3433	38142
3434	37892
3435	45411
3436	40499
3437	43710
3438	48471
3439	40322
3440	40647
3441	44030
3442	47359
3443	49069
3444	55248
3445	57283
3446	55742
3447	56914
3448	51538
3449	46239
3450	43170
3451	49728
3452	45253
3453	47942
3454	44745
3455	44441
3456	33562
3457	43078
3458	31081
3459	36894
3460	47127
3461	49978
3462	46869
3463	53617
3464	56022
3465	54779
3466	49789
3467	42217
3468	36626
3469	41589
3470	38868
3471	32886
3472	39372
3473	31804
3474	34174
3475	39248
3476	36014
3477	30240
3478	32401
3479	33137
3480	36836
3481	35096
3482	37089
3483	31831
3484	27852
3485	31909
3486	30543
3487	33028
3488	26738
3489	32244
3490	27297
3491	27668
3492	33516
3493	30903
3494	30498
3495	31324
3496	26047
3497	33218
3498	39247
3499	38432
3500	41410
3501	37105
3502	37279
3503	34382
3504	38414
3505	38917
3506	39221
3507	21757
3508	12552
3509	11355
3510	12247
3511	35604
3512	30234
3513	20543
3514	31073
3515	44410
3516	50870
3517	47193
3518	47395
3519	46614
3520	50140
3521	50915
3522	46758
3523	38708
3524	39297
3525	37729
3526	51030
3527	42327
3528	48051
3529	49297
3530	53729
3531	47663
3532	45823
3533	41562
3534	45335
3535	47639
3536	57071
3537	34746
3538	46092
3539	48318
3540	45001
3541	23233
3542	22123
3543	10722
3544	9958
3545	13277
3546	7706
3547	24426
3548	26472
3549	25855
3550	41262
3551	47103
3552	63428
3553	41678
3554	38974
3555	41522
3556	40795
3557	38797
3558	37773
3559	36434
3560	32749
3561	39817
3562	37161
3563	30720
3564	38279
3565	33598
3566	27408
3567	28518
3568	29398
3569	32454
3570	26689
3571	33419
3572	34805
3573	34773
3574	38744
3575	38921
3576	29956
3577	34386
3578	38743
3579	41967
3580	41648
3581	42380
3582	48603
3583	45806
3584	43195
3585	46418
3586	47280
3587	43545
3588	41875
3589	39094
3590	49107
3591	34199
3592	44861
3593	31052
3594	43600
3595	46828
3596	37468
3597	34902
3598	41667
3599	40096
3600	39557
3601	38534
3602	38139
3603	35923
3604	45818
3605	41558
3606	37721
3607	18044
3608	13815
3609	38972
3610	43481
3611	49655
3612	50406
3613	47001
3614	11469
3615	859
3616	158
3617	223
3618	1126
