	K562_combined
0	7117.0
1	11456.0
2	8982.0
3	10809.0
4	25264.0
5	28231.0
6	24028.0
7	25751.0
8	24728.0
9	29076.0
10	24063.0
11	22366.0
12	24332.0
13	20580.0
14	24751.0
15	24841.0
16	22235.0
17	21412.0
18	20218.0
19	18734.0
20	21277.0
21	11980.0
22	11186.0
23	12742.0
24	11052.0
25	13594.0
26	13233.0
27	12309.0
28	13789.0
29	9822.0
30	10557.0
31	11735.0
32	11381.0
33	12831.0
34	14322.0
35	11975.0
36	13988.0
37	16577.0
38	15619.0
39	19752.0
40	23639.0
41	19672.0
42	19763.0
43	22712.0
44	20271.0
45	20331.0
46	17647.0
47	13006.0
48	14533.0
49	13084.0
50	14647.0
51	17886.0
52	19243.0
53	19586.0
54	20491.0
55	21717.0
56	20279.0
57	19795.0
58	17020.0
59	14554.0
60	15089.0
61	14365.0
62	12858.0
63	17521.0
64	16969.0
65	15205.0
66	17750.0
67	15762.0
68	20230.0
69	18786.0
70	17813.0
71	21566.0
72	19142.0
73	19816.0
74	20210.0
75	19064.0
76	15432.0
77	17363.0
78	16900.0
79	17628.0
80	17170.0
81	16878.0
82	18502.0
83	17482.0
84	19314.0
85	22995.0
86	23126.0
87	23104.0
88	23745.0
89	21363.0
90	25796.0
91	26140.0
92	23832.0
93	30248.0
94	27571.0
95	31366.0
96	36086.0
97	34135.0
98	28593.0
99	27589.0
100	22018.0
101	20301.0
102	21240.0
103	24091.0
104	20665.0
105	18023.0
106	18178.0
107	20363.0
108	21182.0
109	24785.0
110	25430.0
111	26613.0
112	26241.0
113	20994.0
114	20790.0
115	23864.0
116	29145.0
117	34944.0
118	22746.0
119	19662.0
120	25435.0
121	23258.0
122	21808.0
123	19611.0
124	18579.0
125	16337.0
126	20907.0
127	20708.0
128	23122.0
129	21544.0
130	22000.0
131	28343.0
132	27759.0
133	28699.0
134	27719.0
135	27189.0
136	25224.0
137	22766.0
138	20915.0
139	20711.0
140	23025.0
141	22300.0
142	21907.0
143	22741.0
144	19525.0
145	19061.0
146	15508.0
147	16243.0
148	16140.0
149	15467.0
150	16573.0
151	14436.0
152	12747.0
153	13356.0
154	12123.0
155	18122.0
156	13346.0
157	12900.0
158	9231.0
159	11092.0
160	10144.0
161	11311.0
162	11182.0
163	11252.0
164	10224.0
165	11565.0
166	10284.0
167	9744.0
168	10851.0
169	11588.0
170	10309.0
171	10779.0
172	10897.0
173	9563.0
174	13472.0
175	11030.0
176	11556.0
177	9368.0
178	8696.0
179	8451.0
180	8159.0
181	9252.0
182	8500.0
183	10197.0
184	10146.0
185	8443.0
186	9003.0
187	8467.0
188	10615.0
189	8393.0
190	8712.0
191	8701.0
192	9486.0
193	9481.0
194	9372.0
195	10031.0
196	10136.0
197	10307.0
198	10042.0
199	8752.0
200	8977.0
201	8811.0
202	8138.0
203	9128.0
204	9723.0
205	9677.0
206	9173.0
207	9237.0
208	8196.0
209	8902.0
210	8130.0
211	8013.0
212	8568.0
213	10708.0
214	7863.0
215	9387.0
216	11709.0
217	10698.0
218	9369.0
219	10328.0
220	11720.0
221	11226.0
222	11936.0
223	9498.0
224	8804.0
225	9877.0
226	9047.0
227	9162.0
228	8927.0
229	10614.0
230	9218.0
231	8178.0
232	9491.0
233	8595.0
234	9083.0
235	8994.0
236	8718.0
237	8883.0
238	8102.0
239	7685.0
240	8200.0
241	9247.0
242	8819.0
243	8880.0
244	9247.0
245	9565.0
246	8839.0
247	9163.0
248	10714.0
249	9693.0
250	8957.0
251	7580.0
252	9111.0
253	10003.0
254	10002.0
255	10391.0
256	10774.0
257	10786.0
258	11892.0
259	12873.0
260	15348.0
261	14778.0
262	14609.0
263	12934.0
264	14826.0
265	17320.0
266	16826.0
267	15509.0
268	15239.0
269	15480.0
270	14058.0
271	12430.0
272	13964.0
273	15658.0
274	15280.0
275	16393.0
276	14838.0
277	15399.0
278	15705.0
279	16472.0
280	20720.0
281	19637.0
282	19168.0
283	18438.0
284	21686.0
285	20407.0
286	18773.0
287	24127.0
288	25755.0
289	25551.0
290	25441.0
291	21408.0
292	18404.0
293	16075.0
294	16602.0
295	22086.0
296	20016.0
297	16955.0
298	19337.0
299	20069.0
300	16577.0
301	15688.0
302	20006.0
303	15781.0
304	17480.0
305	19269.0
306	21103.0
307	25547.0
308	24382.0
309	20252.0
310	24215.0
311	19170.0
312	15648.0
313	14140.0
314	11823.0
315	9789.0
316	11580.0
317	9424.0
318	9233.0
319	11051.0
320	12801.0
321	14291.0
322	13015.0
323	12484.0
324	12007.0
325	15039.0
326	15327.0
327	14370.0
328	11685.0
329	13260.0
330	10331.0
331	11108.0
332	11623.0
333	57040.0
334	10460.0
335	11783.0
336	12145.0
337	12450.0
338	13125.0
339	12371.0
340	11268.0
341	13536.0
342	10852.0
343	10565.0
344	10955.0
345	9279.0
346	9042.0
347	9883.0
348	10611.0
349	9689.0
350	10731.0
351	11335.0
352	11410.0
353	10204.0
354	10171.0
355	10329.0
356	13429.0
357	12009.0
358	9227.0
359	9931.0
360	11975.0
361	9931.0
362	10746.0
363	9782.0
364	10346.0
365	12141.0
366	12876.0
367	10353.0
368	11608.0
369	11935.0
370	12109.0
371	12430.0
372	11564.0
373	12423.0
374	15670.0
375	17204.0
376	18553.0
377	18103.0
378	19606.0
379	19697.0
380	25570.0
381	26048.0
382	32041.0
383	35439.0
384	31089.0
385	25673.0
386	23829.0
387	26605.0
388	28610.0
389	24754.0
390	18508.0
391	18914.0
392	18196.0
393	18492.0
394	15627.0
395	17505.0
396	15046.0
397	14003.0
398	14394.0
399	11421.0
400	10367.0
401	10234.0
402	10486.0
403	9929.0
404	11111.0
405	12345.0
406	14186.0
407	11024.0
408	10452.0
409	10073.0
410	10008.0
411	9346.0
412	10172.0
413	14548.0
414	12699.0
415	709.0
416	126.0
417	154.0
418	180.0
419	249.0
420	169.0
421	122.0
422	163.0
423	179.0
424	227.0
425	230.0
426	440.0
427	282.0
428	166.0
429	298.0
430	171.0
431	119.0
432	240.0
433	174.0
434	164.0
435	104.0
436	306.0
437	251.0
438	239.0
439	193.0
440	121.0
441	250.0
442	95.0
443	284.0
444	224.0
445	70.0
446	146.0
447	262.0
448	264.0
449	246.0
450	192.0
451	192.0
452	189.0
453	143.0
454	298.0
455	133.0
456	60.0
457	244.0
458	69.0
459	266.0
460	134.0
461	128.0
462	1896.0
463	78.0
464	177.0
465	130.0
466	107.0
467	232.0
468	195.0
469	121.0
470	201.0
471	77.0
472	63.0
473	123.0
474	69.0
475	189.0
476	99.0
477	296.0
478	200.0
479	343.0
480	110.0
481	125.0
482	233.0
483	319.0
484	281.0
485	162.0
486	125.0
487	177.0
488	183.0
489	138.0
490	117.0
491	407.0
492	174.0
493	321.0
494	98.0
495	273.0
496	81.0
497	230.0
498	153.0
499	143.0
500	311.0
501	366.0
502	245.0
503	229.0
504	397.0
505	233.0
506	168.0
507	82.0
508	77.0
509	142.0
510	189.0
511	210.0
512	112.0
513	263.0
514	185.0
515	65.0
516	87.0
517	123.0
518	276.0
519	158.0
520	173.0
521	51.0
522	206.0
523	145.0
524	173.0
525	237.0
526	115.0
527	140.0
528	152.0
529	150.0
530	63.0
531	2820.0
532	12083.0
533	12273.0
534	11621.0
535	12507.0
536	12039.0
537	12817.0
538	13540.0
539	13184.0
540	13127.0
541	11987.0
542	12699.0
543	11458.0
544	12902.0
545	12829.0
546	15515.0
547	15260.0
548	14382.0
549	16355.0
550	15921.0
551	13493.0
552	14074.0
553	10693.0
554	10084.0
555	9367.0
556	8900.0
557	9040.0
558	7858.0
559	7325.0
560	7329.0
561	7280.0
562	5062.0
563	5159.0
564	5712.0
565	5574.0
566	5394.0
567	5649.0
568	5308.0
569	5824.0
570	5772.0
571	743.0
572	199.0
573	2295.0
574	123.0
575	109.0
576	117.0
577	245.0
578	94.0
579	257.0
580	105.0
581	146.0
582	107.0
583	249.0
584	51.0
585	203.0
586	175.0
587	178.0
588	168.0
589	335.0
590	112.0
591	97.0
592	140.0
593	2127.0
594	266.0
595	111.0
596	95.0
597	128.0
598	101.0
599	96.0
600	143.0
601	142.0
602	241.0
603	105.0
604	197.0
605	61.0
606	123.0
607	99.0
608	204.0
609	131.0
610	250.0
611	387.0
612	156.0
613	250.0
614	70.0
615	194.0
616	153.0
617	156.0
618	47.0
619	137.0
620	508.0
621	251.0
622	121.0
623	176.0
624	213.0
625	313.0
626	247.0
627	214.0
628	160.0
629	99.0
630	150.0
631	221.0
632	2715.0
633	5381.0
634	6233.0
635	7112.0
636	8716.0
637	10064.0
638	9144.0
639	9028.0
640	7173.0
641	7276.0
642	7277.0
643	6604.0
644	10300.0
645	14476.0
646	16094.0
647	20680.0
648	22382.0
649	22275.0
650	21721.0
651	25257.0
652	21596.0
653	17135.0
654	15816.0
655	19179.0
656	23858.0
657	23317.0
658	26168.0
659	27028.0
660	29840.0
661	30972.0
662	30135.0
663	33084.0
664	38511.0
665	32435.0
666	30768.0
667	35831.0
668	40878.0
669	32995.0
670	23114.0
671	19863.0
672	28302.0
673	26525.0
674	24826.0
675	32846.0
676	32624.0
677	29237.0
678	28655.0
679	27849.0
680	30356.0
681	35923.0
682	35865.0
683	39010.0
684	30549.0
685	28086.0
686	33746.0
687	34138.0
688	34510.0
689	35160.0
690	30753.0
691	32521.0
692	40425.0
693	39733.0
694	28152.0
695	21337.0
696	24041.0
697	27404.0
698	23789.0
699	32036.0
700	34098.0
701	37580.0
702	33459.0
703	31774.0
704	22125.0
705	26092.0
706	31630.0
707	28759.0
708	28218.0
709	28851.0
710	28722.0
711	30218.0
712	36415.0
713	34421.0
714	36224.0
715	36823.0
716	36647.0
717	28299.0
718	37798.0
719	28156.0
720	27490.0
721	24208.0
722	34214.0
723	35007.0
724	29252.0
725	33142.0
726	31291.0
727	24767.0
728	28035.0
729	29149.0
730	33088.0
731	32667.0
732	27173.0
733	26653.0
734	27658.0
735	27824.0
736	29406.0
737	27652.0
738	28607.0
739	28399.0
740	30195.0
741	35842.0
742	52932.0
743	49419.0
744	48041.0
745	44038.0
746	46769.0
747	58261.0
748	69598.0
749	65596.0
750	103940.0
751	58586.0
752	54958.0
753	58944.0
754	54196.0
755	56793.0
756	46662.0
757	53723.0
758	58368.0
759	62511.0
760	67615.0
761	66376.0
762	61479.0
763	53289.0
764	52178.0
765	45424.0
766	49781.0
767	59709.0
768	45219.0
769	27894.0
770	24245.0
771	16603.0
772	17451.0
773	25832.0
774	20685.0
775	11240.0
776	4834.0
777	1283.0
778	1946.0
779	1717.0
780	6271.0
781	6199.0
782	7024.0
783	5270.0
784	62.0
785	162.0
786	39.0
787	220.0
788	23.0
789	417.0
790	23.0
791	412.0
792	212.0
793	0.0
794	656.0
795	1177.0
796	737.0
797	80.0
798	348.0
799	132.0
800	481.0
801	460.0
802	309.0
803	371.0
804	42.0
805	656.0
806	1513.0
807	1210.0
808	580.0
809	880.0
810	1749.0
811	1592.0
812	3195.0
813	1295.0
814	2882.0
815	3299.0
816	2008.0
817	468.0
818	475.0
819	0.0
820	338.0
821	285.0
822	206.0
823	0.0
824	1378.0
825	1899.0
826	264.0
827	32.0
828	146.0
829	270.0
830	114.0
831	51.0
832	184.0
833	49.0
834	662.0
835	125.0
836	284.0
837	1018.0
838	3765.0
839	8260.0
840	504.0
841	139.0
842	331.0
843	1437.0
844	1244.0
845	1252.0
846	1261.0
847	943.0
848	489.0
849	1296.0
850	655.0
851	186.0
852	20.0
853	20.0
854	102.0
855	29.0
856	225.0
857	1896.0
858	1180.0
859	1105.0
860	945.0
861	504.0
862	1811.0
863	1674.0
864	38.0
865	0.0
866	835.0
867	2463.0
868	3428.0
869	5571.0
870	6416.0
871	3044.0
872	5001.0
873	4558.0
874	3123.0
875	2756.0
876	2611.0
877	3173.0
878	956.0
879	179.0
880	88.0
881	3013.0
882	4101.0
883	5296.0
884	4652.0
885	169.0
886	227.0
887	699.0
888	1199.0
889	67.0
890	1.0
891	12.0
892	15.0
893	64.0
894	4220.0
895	15417.0
896	14293.0
897	14005.0
898	1749.0
899	1318.0
900	754.0
901	1138.0
902	1532.0
903	88.0
904	9.0
905	0.0
906	0.0
907	8019.0
908	6742.0
909	3234.0
910	966.0
911	377.0
912	1710.0
913	1765.0
914	6661.0
915	1982.0
916	135.0
917	28.0
918	81.0
919	290.0
920	135.0
921	441.0
922	2499.0
923	394.0
924	1960.0
925	689.0
926	636.0
927	1331.0
928	283.0
929	43.0
930	0.0
931	163.0
932	57.0
933	182.0
934	70.0
935	290.0
936	327.0
937	913.0
938	329.0
939	315.0
940	359.0
941	87.0
942	0.0
943	9010.0
944	7497.0
945	469.0
946	26.0
947	0.0
948	0.0
949	0.0
950	0.0
951	0.0
952	0.0
953	0.0
954	0.0
955	0.0
956	0.0
957	0.0
958	0.0
959	0.0
960	0.0
961	0.0
962	0.0
963	0.0
964	0.0
965	0.0
966	0.0
967	0.0
968	0.0
969	0.0
970	0.0
971	0.0
972	0.0
973	0.0
974	0.0
975	0.0
976	0.0
977	0.0
978	0.0
979	0.0
980	0.0
981	0.0
982	0.0
983	0.0
984	0.0
985	0.0
986	0.0
987	0.0
988	0.0
989	0.0
990	0.0
991	0.0
992	0.0
993	0.0
994	0.0
995	0.0
996	0.0
997	0.0
998	0.0
999	0.0
1000	0.0
1001	0.0
1002	0.0
1003	0.0
1004	0.0
1005	0.0
1006	0.0
1007	0.0
1008	0.0
1009	0.0
1010	0.0
1011	0.0
1012	0.0
1013	0.0
1014	0.0
1015	0.0
1016	0.0
1017	0.0
1018	0.0
1019	0.0
1020	0.0
1021	0.0
1022	0.0
1023	0.0
1024	0.0
1025	0.0
1026	0.0
1027	0.0
1028	0.0
1029	0.0
1030	0.0
1031	0.0
1032	0.0
1033	0.0
1034	0.0
1035	0.0
1036	0.0
1037	0.0
1038	0.0
1039	0.0
1040	0.0
1041	0.0
1042	0.0
1043	0.0
1044	0.0
1045	0.0
1046	0.0
1047	0.0
1048	0.0
1049	0.0
1050	0.0
1051	0.0
1052	0.0
1053	0.0
1054	0.0
1055	0.0
1056	0.0
1057	0.0
1058	0.0
1059	0.0
1060	0.0
1061	0.0
1062	0.0
1063	0.0
1064	0.0
1065	0.0
1066	0.0
1067	0.0
1068	0.0
1069	0.0
1070	0.0
1071	0.0
1072	0.0
1073	0.0
1074	0.0
1075	0.0
1076	0.0
1077	0.0
1078	0.0
1079	0.0
1080	0.0
1081	0.0
1082	0.0
1083	0.0
1084	0.0
1085	0.0
1086	0.0
1087	0.0
1088	0.0
1089	0.0
1090	0.0
1091	0.0
1092	0.0
1093	0.0
1094	0.0
1095	0.0
1096	0.0
1097	0.0
1098	0.0
1099	0.0
1100	0.0
1101	0.0
1102	0.0
1103	0.0
1104	0.0
1105	0.0
1106	0.0
1107	0.0
1108	0.0
1109	0.0
1110	0.0
1111	0.0
1112	0.0
1113	0.0
1114	0.0
1115	0.0
1116	0.0
1117	0.0
1118	0.0
1119	0.0
1120	0.0
1121	0.0
1122	0.0
1123	0.0
1124	0.0
1125	0.0
1126	0.0
1127	0.0
1128	0.0
1129	0.0
1130	0.0
1131	0.0
1132	0.0
1133	0.0
1134	0.0
1135	0.0
1136	0.0
1137	0.0
1138	0.0
1139	0.0
1140	0.0
1141	0.0
1142	0.0
1143	0.0
1144	0.0
1145	0.0
1146	0.0
1147	0.0
1148	0.0
1149	0.0
1150	0.0
1151	0.0
1152	0.0
1153	0.0
1154	0.0
1155	0.0
1156	0.0
1157	0.0
1158	0.0
1159	0.0
1160	0.0
1161	0.0
1162	0.0
1163	0.0
1164	0.0
1165	0.0
1166	0.0
1167	0.0
1168	0.0
1169	0.0
1170	0.0
1171	0.0
1172	0.0
1173	0.0
1174	0.0
1175	0.0
1176	0.0
1177	0.0
1178	0.0
1179	0.0
1180	0.0
1181	0.0
1182	0.0
1183	0.0
1184	0.0
1185	0.0
1186	0.0
1187	0.0
1188	0.0
1189	0.0
1190	0.0
1191	0.0
1192	0.0
1193	0.0
1194	0.0
1195	0.0
1196	0.0
1197	0.0
1198	0.0
1199	0.0
1200	0.0
1201	0.0
1202	0.0
1203	0.0
1204	0.0
1205	0.0
1206	0.0
1207	0.0
1208	0.0
1209	0.0
1210	0.0
1211	0.0
1212	0.0
1213	0.0
1214	0.0
1215	0.0
1216	0.0
1217	0.0
1218	0.0
1219	0.0
1220	0.0
1221	0.0
1222	0.0
1223	0.0
1224	0.0
1225	0.0
1226	0.0
1227	0.0
1228	0.0
1229	0.0
1230	0.0
1231	0.0
1232	0.0
1233	0.0
1234	0.0
1235	0.0
1236	0.0
1237	0.0
1238	0.0
1239	0.0
1240	0.0
1241	0.0
1242	0.0
1243	0.0
1244	0.0
1245	0.0
1246	0.0
1247	0.0
1248	0.0
1249	0.0
1250	0.0
1251	0.0
1252	0.0
1253	0.0
1254	0.0
1255	0.0
1256	0.0
1257	0.0
1258	0.0
1259	0.0
1260	0.0
1261	0.0
1262	0.0
1263	0.0
1264	0.0
1265	0.0
1266	0.0
1267	0.0
1268	0.0
1269	0.0
1270	0.0
1271	0.0
1272	0.0
1273	0.0
1274	0.0
1275	0.0
1276	0.0
1277	0.0
1278	0.0
1279	0.0
1280	0.0
1281	0.0
1282	0.0
1283	0.0
1284	0.0
1285	0.0
1286	0.0
1287	0.0
1288	0.0
1289	0.0
1290	0.0
1291	0.0
1292	0.0
1293	0.0
1294	0.0
1295	0.0
1296	0.0
1297	0.0
1298	0.0
1299	0.0
1300	0.0
1301	0.0
1302	0.0
1303	0.0
1304	0.0
1305	0.0
1306	0.0
1307	0.0
1308	0.0
1309	492.0
1310	425.0
1311	1399.0
1312	4746.0
1313	130.0
1314	215.0
1315	410.0
1316	232.0
1317	223.0
1318	120.0
1319	539.0
1320	1138.0
1321	451.0
1322	199.0
1323	108.0
1324	449.0
1325	2837.0
1326	3073.0
1327	81.0
1328	5.0
1329	46433.0
1330	18403.0
1331	3506.0
1332	591.0
1333	1229.0
1334	3208.0
1335	3653.0
1336	18994.0
1337	3905.0
1338	129.0
1339	951.0
1340	580.0
1341	310.0
1342	38.0
1343	0.0
1344	1553.0
1345	5858.0
1346	12485.0
1347	564.0
1348	0.0
1349	0.0
1350	430.0
1351	12.0
1352	375.0
1353	3179.0
1354	1852.0
1355	1665.0
1356	911.0
1357	1839.0
1358	1652.0
1359	809.0
1360	0.0
1361	0.0
1362	519.0
1363	3540.0
1364	3415.0
1365	3700.0
1366	7832.0
1367	17563.0
1368	63070.0
1369	15480.0
1370	2966.0
1371	0.0
1372	0.0
1373	3462.0
1374	3229.0
1375	2883.0
1376	2182.0
1377	0.0
1378	0.0
1379	2743.0
1380	4958.0
1381	2972.0
1382	3191.0
1383	3975.0
1384	1500.0
1385	1147.0
1386	677.0
1387	900.0
1388	1654.0
1389	5708.0
1390	4575.0
1391	966.0
1392	1040.0
1393	1208.0
1394	393.0
1395	1701.0
1396	11808.0
1397	1978.0
1398	2319.0
1399	4860.0
1400	919.0
1401	232.0
1402	1295.0
1403	968.0
1404	225.0
1405	0.0
1406	0.0
1407	43.0
1408	25.0
1409	2690.0
1410	811.0
1411	1019.0
1412	1774.0
1413	1604.0
1414	1122.0
1415	0.0
1416	3333.0
1417	1671.0
1418	3516.0
1419	9679.0
1420	13426.0
1421	19951.0
1422	20805.0
1423	22548.0
1424	22896.0
1425	25603.0
1426	27216.0
1427	28231.0
1428	26112.0
1429	27128.0
1430	22637.0
1431	28160.0
1432	33221.0
1433	28449.0
1434	26308.0
1435	29602.0
1436	29327.0
1437	21641.0
1438	22266.0
1439	22388.0
1440	21941.0
1441	17740.0
1442	17181.0
1443	20520.0
1444	18158.0
1445	18692.0
1446	15095.0
1447	19046.0
1448	20566.0
1449	19463.0
1450	20182.0
1451	19160.0
1452	18190.0
1453	22846.0
1454	21030.0
1455	22422.0
1456	19515.0
1457	21887.0
1458	21066.0
1459	23614.0
1460	29955.0
1461	31643.0
1462	28621.0
1463	25704.0
1464	21427.0
1465	17504.0
1466	6404.0
1467	14792.0
1468	15027.0
1469	11986.0
1470	13357.0
1471	13438.0
1472	13289.0
1473	11889.0
1474	12814.0
1475	13938.0
1476	14475.0
1477	15575.0
1478	12271.0
1479	13776.0
1480	15223.0
1481	13356.0
1482	16128.0
1483	19105.0
1484	26226.0
1485	27090.0
1486	24174.0
1487	28544.0
1488	25387.0
1489	19903.0
1490	22716.0
1491	22292.0
1492	24918.0
1493	26417.0
1494	24286.0
1495	22720.0
1496	21452.0
1497	23230.0
1498	21712.0
1499	22526.0
1500	21319.0
1501	20455.0
1502	24038.0
1503	31709.0
1504	22718.0
1505	17652.0
1506	16621.0
1507	17372.0
1508	20583.0
1509	20246.0
1510	22415.0
1511	21340.0
1512	22278.0
1513	24292.0
1514	21494.0
1515	24790.0
1516	16492.0
1517	13416.0
1518	11975.0
1519	13491.0
1520	12507.0
1521	13844.0
1522	12051.0
1523	12651.0
1524	12716.0
1525	10691.0
1526	11469.0
1527	11344.0
1528	10675.0
1529	10945.0
1530	12378.0
1531	14877.0
1532	11224.0
1533	11287.0
1534	11725.0
1535	10806.0
1536	11760.0
1537	9289.0
1538	11045.0
1539	10527.0
1540	8417.0
1541	10242.0
1542	11957.0
1543	14656.0
1544	14412.0
1545	14373.0
1546	15378.0
1547	20282.0
1548	18273.0
1549	19326.0
1550	22892.0
1551	24646.0
1552	22466.0
1553	23123.0
1554	22110.0
1555	21675.0
1556	17461.0
1557	14941.0
1558	14625.0
1559	12584.0
1560	10696.0
1561	11629.0
1562	11058.0
1563	12872.0
1564	11443.0
1565	10581.0
1566	10182.0
1567	10685.0
1568	11433.0
1569	13416.0
1570	14004.0
1571	15059.0
1572	14813.0
1573	13940.0
1574	16182.0
1575	16037.0
1576	18364.0
1577	18964.0
1578	24801.0
1579	28965.0
1580	23006.0
1581	21980.0
1582	20550.0
1583	22941.0
1584	23573.0
1585	19687.0
1586	23783.0
1587	18328.0
1588	18140.0
1589	16642.0
1590	20022.0
1591	19572.0
1592	18361.0
1593	20786.0
1594	20766.0
1595	21191.0
1596	19538.0
1597	19600.0
1598	18914.0
1599	17734.0
1600	20823.0
1601	23375.0
1602	19147.0
1603	19250.0
1604	19103.0
1605	22298.0
1606	22794.0
1607	20748.0
1608	22374.0
1609	24617.0
1610	27343.0
1611	43405.0
1612	27223.0
1613	23906.0
1614	22139.0
1615	19746.0
1616	23752.0
1617	21699.0
1618	24187.0
1619	26142.0
1620	20929.0
1621	15744.0
1622	13326.0
1623	14822.0
1624	12654.0
1625	11639.0
1626	12678.0
1627	11788.0
1628	11845.0
1629	10328.0
1630	12130.0
1631	11680.0
1632	10321.0
1633	7960.0
1634	10234.0
1635	9621.0
1636	11587.0
1637	12417.0
1638	11848.0
1639	11568.0
1640	10339.0
1641	9365.0
1642	11526.0
1643	15090.0
1644	13461.0
1645	12016.0
1646	13061.0
1647	13975.0
1648	13746.0
1649	10460.0
1650	11876.0
1651	9968.0
1652	10811.0
1653	10212.0
1654	9706.0
1655	9838.0
1656	11538.0
1657	9353.0
1658	9710.0
1659	9111.0
1660	9717.0
1661	8324.0
1662	9678.0
1663	10411.0
1664	9259.0
1665	8088.0
1666	8895.0
1667	8561.0
1668	9010.0
1669	8866.0
1670	8803.0
1671	10003.0
1672	10415.0
1673	10108.0
1674	10902.0
1675	10521.0
1676	8881.0
1677	10374.0
1678	11494.0
1679	9657.0
1680	10515.0
1681	10399.0
1682	12586.0
1683	14516.0
1684	14550.0
1685	14816.0
1686	14402.0
1687	14404.0
1688	14425.0
1689	14178.0
1690	8105.0
1691	9269.0
1692	10684.0
1693	12520.0
1694	12306.0
1695	9367.0
1696	11598.0
1697	11266.0
1698	11146.0
1699	9898.0
1700	10200.0
1701	9237.0
1702	10491.0
1703	10319.0
1704	9410.0
1705	9962.0
1706	10008.0
1707	11364.0
1708	10999.0
1709	9946.0
1710	9145.0
1711	13111.0
1712	13965.0
1713	10314.0
1714	11040.0
1715	9854.0
1716	14250.0
1717	16880.0
1718	20013.0
1719	20792.0
1720	18101.0
1721	21012.0
1722	17614.0
1723	20815.0
1724	24657.0
1725	24434.0
1726	22676.0
1727	23615.0
1728	20873.0
1729	17187.0
1730	21498.0
1731	26735.0
1732	27250.0
1733	20859.0
1734	19288.0
1735	18659.0
1736	23112.0
1737	20249.0
1738	23895.0
1739	23080.0
1740	23927.0
1741	20532.0
1742	15566.0
1743	13794.0
1744	15884.0
1745	15036.0
1746	15654.0
1747	15642.0
1748	15691.0
1749	15386.0
1750	13855.0
1751	17527.0
1752	14936.0
1753	15088.0
1754	13184.0
1755	13294.0
1756	15436.0
1757	15012.0
1758	15181.0
1759	16224.0
1760	18179.0
1761	15835.0
1762	19078.0
1763	17855.0
1764	14995.0
1765	15966.0
1766	18656.0
1767	19678.0
1768	18372.0
1769	22309.0
1770	26937.0
1771	25787.0
1772	24420.0
1773	22300.0
1774	21030.0
1775	22717.0
1776	23791.0
1777	24223.0
1778	23883.0
1779	22231.0
1780	21964.0
1781	20611.0
1782	20995.0
1783	18452.0
1784	18741.0
1785	19746.0
1786	18442.0
1787	18671.0
1788	19602.0
1789	19539.0
1790	18710.0
1791	18886.0
1792	17436.0
1793	18798.0
1794	19035.0
1795	18005.0
1796	20941.0
1797	22247.0
1798	23719.0
1799	28348.0
1800	29574.0
1801	29865.0
1802	30763.0
1803	32214.0
1804	33024.0
1805	30178.0
1806	26983.0
1807	26110.0
1808	33637.0
1809	30565.0
1810	17870.0
1811	22511.0
1812	23786.0
1813	26119.0
1814	20954.0
1815	19319.0
1816	20768.0
1817	21142.0
1818	25245.0
1819	25039.0
1820	26393.0
1821	19645.0
1822	24422.0
1823	24689.0
1824	19137.0
1825	20195.0
1826	21535.0
1827	24720.0
1828	26951.0
1829	18282.0
1830	21223.0
1831	25931.0
1832	21113.0
1833	21329.0
1834	18135.0
1835	18917.0
1836	18673.0
1837	18262.0
1838	20438.0
1839	25288.0
1840	24066.0
1841	21938.0
1842	21126.0
1843	20694.0
1844	23879.0
1845	22190.0
1846	18113.0
1847	0.0
1848	2618.0
1849	20330.0
1850	13088.0
1851	0.0
1852	0.0
1853	6976.0
1854	19720.0
1855	20752.0
1856	18078.0
1857	19141.0
1858	13457.0
1859	16916.0
1860	16120.0
1861	15971.0
1862	17724.0
1863	17739.0
1864	20911.0
1865	17500.0
1866	16985.0
1867	18530.0
1868	18869.0
1869	17603.0
1870	20119.0
1871	25083.0
1872	24076.0
1873	26509.0
1874	26624.0
1875	21600.0
1876	25033.0
1877	25757.0
1878	26897.0
1879	24590.0
1880	21904.0
1881	25270.0
1882	35829.0
1883	33588.0
1884	27286.0
1885	32597.0
1886	29214.0
1887	28291.0
1888	35076.0
1889	38144.0
1890	35491.0
1891	42264.0
1892	44993.0
1893	44695.0
1894	48708.0
1895	38940.0
1896	34449.0
1897	39851.0
1898	44293.0
1899	34500.0
1900	38276.0
1901	42445.0
1902	32439.0
1903	37691.0
1904	32734.0
1905	35295.0
1906	33803.0
1907	44268.0
1908	47967.0
1909	42907.0
1910	47012.0
1911	36400.0
1912	36113.0
1913	36703.0
1914	37190.0
1915	38763.0
1916	54168.0
1917	42606.0
1918	45312.0
1919	39352.0
1920	35188.0
1921	37470.0
1922	35222.0
1923	42774.0
1924	44996.0
1925	44099.0
1926	38095.0
1927	34289.0
1928	26259.0
1929	35211.0
1930	29561.0
1931	31392.0
1932	30889.0
1933	36491.0
1934	36330.0
1935	37014.0
1936	36321.0
1937	31394.0
1938	46291.0
1939	40547.0
1940	38782.0
1941	29345.0
1942	18928.0
1943	23954.0
1944	32423.0
1945	33501.0
1946	31330.0
1947	45435.0
1948	39048.0
1949	42799.0
1950	34995.0
1951	39028.0
1952	40450.0
1953	37762.0
1954	42479.0
1955	34834.0
1956	37391.0
1957	45148.0
1958	32791.0
1959	37652.0
1960	37735.0
1961	38988.0
1962	39913.0
1963	39911.0
1964	37695.0
1965	37011.0
1966	40061.0
1967	42207.0
1968	31612.0
1969	35277.0
1970	38162.0
1971	37955.0
1972	34458.0
1973	27850.0
1974	26891.0
1975	33848.0
1976	35439.0
1977	36545.0
1978	34210.0
1979	36967.0
1980	41091.0
1981	42423.0
1982	42198.0
1983	45582.0
1984	43122.0
1985	38695.0
1986	41537.0
1987	39899.0
1988	41043.0
1989	36166.0
1990	35448.0
1991	29231.0
1992	33594.0
1993	23035.0
1994	22614.0
1995	26663.0
1996	35953.0
1997	35166.0
1998	32693.0
1999	27275.0
2000	38316.0
2001	41614.0
2002	49158.0
2003	40766.0
2004	37051.0
2005	43582.0
2006	42376.0
2007	48848.0
2008	35698.0
2009	43794.0
2010	50368.0
2011	41220.0
2012	36871.0
2013	43179.0
2014	50228.0
2015	52938.0
2016	57739.0
2017	58554.0
2018	50967.0
2019	55418.0
2020	53692.0
2021	60540.0
2022	48397.0
2023	53957.0
2024	48173.0
2025	42315.0
2026	45609.0
2027	44980.0
2028	48305.0
2029	52642.0
2030	46954.0
2031	58759.0
2032	61831.0
2033	57680.0
2034	65908.0
2035	51941.0
2036	55313.0
2037	45242.0
2038	41231.0
2039	45629.0
2040	37047.0
2041	35769.0
2042	40715.0
2043	37219.0
2044	31529.0
2045	27573.0
2046	30159.0
2047	30391.0
2048	24139.0
2049	27486.0
2050	29569.0
2051	32627.0
2052	34509.0
2053	31512.0
2054	31086.0
2055	32341.0
2056	33332.0
2057	34393.0
2058	30750.0
2059	35509.0
2060	36375.0
2061	37620.0
2062	38127.0
2063	40930.0
2064	39418.0
2065	31302.0
2066	32921.0
2067	27758.0
2068	20641.0
2069	23244.0
2070	17416.0
2071	15367.0
2072	14578.0
2073	17784.0
2074	14281.0
2075	16255.0
2076	18647.0
2077	16276.0
2078	15371.0
2079	18608.0
2080	22930.0
2081	28040.0
2082	33608.0
2083	32421.0
2084	33849.0
2085	28208.0
2086	30175.0
2087	21706.0
2088	19265.0
2089	19442.0
2090	20017.0
2091	25858.0
2092	28600.0
2093	23716.0
2094	19455.0
2095	16551.0
2096	15303.0
2097	16269.0
2098	14577.0
2099	13269.0
2100	15448.0
2101	13147.0
2102	12177.0
2103	15267.0
2104	15364.0
2105	13014.0
2106	12986.0
2107	15414.0
2108	13547.0
2109	11350.0
2110	13733.0
2111	12620.0
2112	12128.0
2113	10635.0
2114	13749.0
2115	13548.0
2116	12398.0
2117	10219.0
2118	10976.0
2119	14581.0
2120	12762.0
2121	14017.0
2122	13495.0
2123	11096.0
2124	12919.0
2125	14408.0
2126	13460.0
2127	13361.0
2128	13638.0
2129	15117.0
2130	14067.0
2131	14398.0
2132	11700.0
2133	11817.0
2134	15179.0
2135	14219.0
2136	16129.0
2137	25781.0
2138	18114.0
2139	18739.0
2140	16484.0
2141	16819.0
2142	16832.0
2143	13726.0
2144	16639.0
2145	17810.0
2146	16029.0
2147	14734.0
2148	17790.0
2149	22232.0
2150	29140.0
2151	33177.0
2152	30848.0
2153	33168.0
2154	35347.0
2155	30718.0
2156	33622.0
2157	32210.0
2158	37169.0
2159	30924.0
2160	29944.0
2161	28600.0
2162	26414.0
2163	35096.0
2164	35279.0
2165	26702.0
2166	24206.0
2167	30936.0
2168	39688.0
2169	33276.0
2170	26163.0
2171	21810.0
2172	31086.0
2173	25169.0
2174	19769.0
2175	21375.0
2176	19545.0
2177	19755.0
2178	13554.0
2179	17957.0
2180	15142.0
2181	18871.0
2182	15985.0
2183	15920.0
2184	19144.0
2185	17699.0
2186	15199.0
2187	18794.0
2188	17565.0
2189	18117.0
2190	16699.0
2191	20314.0
2192	17999.0
2193	18621.0
2194	20365.0
2195	18910.0
2196	21333.0
2197	25383.0
2198	27424.0
2199	31729.0
2200	32469.0
2201	32197.0
2202	38446.0
2203	36941.0
2204	35072.0
2205	36196.0
2206	39081.0
2207	38795.0
2208	37176.0
2209	38495.0
2210	35106.0
2211	39822.0
2212	32901.0
2213	35648.0
2214	32893.0
2215	34136.0
2216	39982.0
2217	39777.0
2218	33487.0
2219	30205.0
2220	31726.0
2221	26314.0
2222	25449.0
2223	23431.0
2224	22481.0
2225	26102.0
2226	35773.0
2227	29946.0
2228	29572.0
2229	29765.0
2230	34932.0
2231	36644.0
2232	40834.0
2233	41353.0
2234	34633.0
2235	39183.0
2236	41804.0
2237	40066.0
2238	47219.0
2239	42250.0
2240	43814.0
2241	39864.0
2242	40239.0
2243	36140.0
2244	40293.0
2245	33195.0
2246	26774.0
2247	26025.0
2248	20726.0
2249	25611.0
2250	23988.0
2251	29913.0
2252	24738.0
2253	31607.0
2254	26137.0
2255	24176.0
2256	26457.0
2257	28405.0
2258	31374.0
2259	30709.0
2260	31825.0
2261	32531.0
2262	33700.0
2263	22981.0
2264	25067.0
2265	20197.0
2266	20980.0
2267	18862.0
2268	15942.0
2269	14338.0
2270	16499.0
2271	14904.0
2272	14509.0
2273	16488.0
2274	15724.0
2275	16789.0
2276	17093.0
2277	18866.0
2278	17250.0
2279	16550.0
2280	21875.0
2281	23068.0
2282	28348.0
2283	30514.0
2284	35228.0
2285	36101.0
2286	32045.0
2287	39561.0
2288	36556.0
2289	31241.0
2290	35982.0
2291	39819.0
2292	41160.0
2293	40241.0
2294	49370.0
2295	49438.0
2296	50466.0
2297	48294.0
2298	52741.0
2299	44113.0
2300	37741.0
2301	41798.0
2302	47911.0
2303	55185.0
2304	50977.0
2305	47425.0
2306	56326.0
2307	45816.0
2308	41202.0
2309	42377.0
2310	46877.0
2311	36742.0
2312	44323.0
2313	42098.0
2314	32666.0
2315	23219.0
2316	15234.0
2317	27830.0
2318	42047.0
2319	41070.0
2320	47290.0
2321	47974.0
2322	54137.0
2323	49017.0
2324	42241.0
2325	50668.0
2326	48540.0
2327	49164.0
2328	48533.0
2329	34169.0
2330	33784.0
2331	36310.0
2332	34561.0
2333	34414.0
2334	35679.0
2335	32480.0
2336	36833.0
2337	41039.0
2338	40542.0
2339	42125.0
2340	43050.0
2341	46140.0
2342	37489.0
2343	46413.0
2344	47110.0
2345	43305.0
2346	45424.0
2347	50627.0
2348	47341.0
2349	35998.0
2350	32339.0
2351	28502.0
2352	28115.0
2353	25456.0
2354	22437.0
2355	32564.0
2356	26979.0
2357	24253.0
2358	19463.0
2359	19080.0
2360	18430.0
2361	17780.0
2362	19422.0
2363	15231.0
2364	16460.0
2365	17003.0
2366	15065.0
2367	20691.0
2368	15523.0
2369	15549.0
2370	15483.0
2371	16313.0
2372	16157.0
2373	17549.0
2374	17953.0
2375	17231.0
2376	19340.0
2377	18710.0
2378	30757.0
2379	31552.0
2380	34469.0
2381	39933.0
2382	45054.0
2383	43727.0
2384	47656.0
2385	32766.0
2386	37526.0
2387	31349.0
2388	28917.0
2389	32540.0
2390	24512.0
2391	23853.0
2392	26085.0
2393	23872.0
2394	22034.0
2395	20399.0
2396	19001.0
2397	18320.0
2398	19650.0
2399	20890.0
2400	19458.0
2401	19846.0
2402	20298.0
2403	20859.0
2404	20313.0
2405	19271.0
2406	15683.0
2407	17587.0
2408	17360.0
2409	16996.0
2410	17681.0
2411	16577.0
2412	15046.0
2413	16761.0
2414	16376.0
2415	16576.0
2416	14392.0
2417	15953.0
2418	14001.0
2419	17178.0
2420	12365.0
2421	15183.0
2422	17163.0
2423	14543.0
2424	14972.0
2425	16714.0
2426	14949.0
2427	16372.0
2428	14815.0
2429	15335.0
2430	15665.0
2431	13586.0
2432	15880.0
2433	14606.0
2434	17495.0
2435	17299.0
2436	16321.0
2437	14275.0
2438	15884.0
2439	17468.0
2440	19133.0
2441	17726.0
2442	20021.0
2443	18471.0
2444	18155.0
2445	19885.0
2446	21362.0
2447	14778.0
2448	18790.0
2449	17668.0
2450	18837.0
2451	20338.0
2452	20340.0
2453	21045.0
2454	30545.0
2455	28271.0
2456	23162.0
2457	29345.0
2458	29201.0
2459	30695.0
2460	32356.0
2461	30142.0
2462	39998.0
2463	38910.0
2464	38011.0
2465	34682.0
2466	39502.0
2467	39285.0
2468	36378.0
2469	44408.0
2470	46603.0
2471	83637.0
2472	121700.0
2473	94336.0
2474	43639.0
2475	35037.0
2476	42142.0
2477	39155.0
2478	38872.0
2479	43049.0
2480	49220.0
2481	53851.0
2482	45922.0
2483	36842.0
2484	50839.0
2485	46010.0
2486	53820.0
2487	45166.0
2488	44913.0
2489	42070.0
2490	34535.0
2491	38539.0
2492	40724.0
2493	39838.0
2494	38241.0
2495	42632.0
2496	38575.0
2497	47555.0
2498	50507.0
2499	52160.0
2500	42905.0
2501	40815.0
2502	51246.0
2503	40015.0
2504	39133.0
2505	38601.0
2506	35281.0
2507	30177.0
2508	29044.0
2509	32040.0
2510	32305.0
2511	50237.0
2512	37535.0
2513	39325.0
2514	36155.0
2515	34741.0
2516	36914.0
2517	38849.0
2518	39582.0
2519	35953.0
2520	43636.0
2521	58076.0
2522	60374.0
2523	54900.0
2524	50271.0
2525	51419.0
2526	40262.0
2527	42415.0
2528	37905.0
2529	40556.0
2530	35696.0
2531	39299.0
2532	41047.0
2533	36063.0
2534	39806.0
2535	40089.0
2536	45767.0
2537	50219.0
2538	47379.0
2539	50931.0
2540	57175.0
2541	56395.0
2542	41673.0
2543	49124.0
2544	47323.0
2545	43188.0
2546	46540.0
2547	46701.0
2548	43037.0
2549	44355.0
2550	48780.0
2551	56605.0
2552	54979.0
2553	47217.0
2554	41723.0
2555	41773.0
2556	44758.0
2557	44553.0
2558	47423.0
2559	49623.0
2560	52505.0
2561	41799.0
2562	48153.0
2563	54696.0
2564	40872.0
2565	45660.0
2566	39831.0
2567	34110.0
2568	41695.0
2569	42685.0
2570	31004.0
2571	31237.0
2572	26109.0
2573	23269.0
2574	30369.0
2575	43357.0
2576	36711.0
2577	35994.0
2578	33650.0
2579	34221.0
2580	33388.0
2581	36177.0
2582	31478.0
2583	42358.0
2584	59073.0
2585	34035.0
2586	39630.0
2587	38674.0
2588	39884.0
2589	35350.0
2590	45574.0
2591	45462.0
2592	42898.0
2593	48380.0
2594	46987.0
2595	37445.0
2596	39440.0
2597	51122.0
2598	44106.0
2599	58093.0
2600	46412.0
2601	44797.0
2602	46180.0
2603	52865.0
2604	55406.0
2605	52973.0
2606	55343.0
2607	53359.0
2608	51974.0
2609	53089.0
2610	53145.0
2611	49143.0
2612	51409.0
2613	60787.0
2614	54024.0
2615	57403.0
2616	65768.0
2617	58824.0
2618	110744.0
2619	119283.0
2620	109345.0
2621	129399.0
2622	61002.0
2623	55495.0
2624	52211.0
2625	51117.0
2626	50150.0
2627	53174.0
2628	77926.0
2629	52518.0
2630	50840.0
2631	56779.0
2632	55360.0
2633	53711.0
2634	49943.0
2635	48377.0
2636	50190.0
2637	52197.0
2638	53076.0
2639	54165.0
2640	53854.0
2641	44598.0
2642	46240.0
2643	56911.0
2644	51258.0
2645	51914.0
2646	54114.0
2647	55507.0
2648	61923.0
2649	80770.0
2650	95740.0
2651	84423.0
2652	79462.0
2653	56218.0
2654	47229.0
2655	47929.0
2656	49622.0
2657	50525.0
2658	53484.0
2659	49353.0
2660	47157.0
2661	19844.0
2662	0.0
2663	0.0
2664	22255.0
2665	46485.0
2666	48834.0
2667	51001.0
2668	58753.0
2669	49123.0
2670	45721.0
2671	56074.0
2672	277497.0
2673	287353.0
2674	320377.0
2675	301354.0
2676	280009.0
2677	320427.0
2678	302348.0
2679	387839.0
2680	260766.0
2681	226046.0
2682	213020.0
2683	67593.0
2684	56382.0
2685	43524.0
2686	48189.0
2687	45926.0
2688	42966.0
2689	45734.0
2690	46659.0
2691	48491.0
2692	51526.0
2693	44297.0
2694	51162.0
2695	37477.0
2696	43043.0
2697	45367.0
2698	38172.0
2699	40313.0
2700	45162.0
2701	41762.0
2702	42665.0
2703	35895.0
2704	41252.0
2705	40002.0
2706	46585.0
2707	47430.0
2708	37222.0
2709	39913.0
2710	43206.0
2711	45368.0
2712	46844.0
2713	42908.0
2714	51841.0
2715	50437.0
2716	45983.0
2717	52978.0
2718	44595.0
2719	41180.0
2720	55121.0
2721	41515.0
2722	43117.0
2723	45209.0
2724	45275.0
2725	43453.0
2726	45651.0
2727	35537.0
2728	15209.0
2729	32125.0
2730	37856.0
2731	37807.0
2732	36574.0
2733	38124.0
2734	45823.0
2735	40320.0
2736	35792.0
2737	34771.0
2738	37868.0
2739	40676.0
2740	32510.0
2741	5517.0
2742	36375.0
2743	31724.0
2744	36981.0
2745	34714.0
2746	30018.0
2747	32741.0
2748	33822.0
2749	30459.0
2750	26308.0
2751	39753.0
2752	30415.0
2753	28569.0
2754	36513.0
2755	32009.0
2756	30779.0
2757	34794.0
2758	34076.0
2759	33948.0
2760	37665.0
2761	36348.0
2762	32710.0
2763	31994.0
2764	33674.0
2765	36070.0
2766	43848.0
2767	47143.0
2768	38414.0
2769	44888.0
2770	37359.0
2771	33673.0
2772	28976.0
2773	40684.0
2774	35280.0
2775	43406.0
2776	51142.0
2777	41171.0
2778	20201.0
2779	41818.0
2780	43892.0
2781	36958.0
2782	46231.0
2783	17498.0
2784	20682.0
2785	31397.0
2786	39306.0
2787	36942.0
2788	33732.0
2789	35430.0
2790	46516.0
2791	39847.0
2792	40945.0
2793	48746.0
2794	30713.0
2795	40201.0
2796	39013.0
2797	42386.0
2798	35897.0
2799	41927.0
2800	39951.0
2801	38285.0
2802	41494.0
2803	37295.0
2804	33017.0
2805	26518.0
2806	38160.0
2807	40669.0
2808	42741.0
2809	39990.0
2810	47684.0
2811	42758.0
2812	39872.0
2813	37857.0
2814	26119.0
2815	38147.0
2816	35577.0
2817	39492.0
2818	30504.0
2819	36951.0
2820	29233.0
2821	26917.0
2822	6604.0
2823	3.0
2824	0.0
