	K562_combined
0	0
1	16033
2	23776
3	19500
4	20028
5	22265
6	19622
7	16718
8	20509
9	20521
10	21018
11	19641
12	14920
13	16827
14	20991
15	17777
16	17533
17	20842
18	18421
19	19543
20	19944
21	17950
22	16834
23	16821
24	17908
25	20529
26	18233
27	16309
28	15091
29	20801
30	17256
31	17645
32	17330
33	18415
34	18364
35	23335
36	18257
37	15979
38	17666
39	20941
40	18464
41	19944
42	19668
43	24164
44	21340
45	19800
46	17449
47	17598
48	18783
49	19853
50	18870
51	20059
52	20971
53	21697
54	22819
55	24001
56	24954
57	25527
58	21053
59	21373
60	26707
61	32617
62	41401
63	39195
64	34891
65	26759
66	26114
67	25235
68	23050
69	23480
70	19511
71	23996
72	22686
73	20019
74	23103
75	21940
76	23358
77	25607
78	23506
79	24229
80	23801
81	30984
82	30603
83	30815
84	35495
85	40941
86	44627
87	53023
88	47113
89	50291
90	58607
91	58425
92	56376
93	59138
94	57368
95	63702
96	72221
97	74417
98	54634
99	50910
100	74483
101	74939
102	73994
103	62957
104	53673
105	55710
106	49206
107	48273
108	47550
109	53403
110	51116
111	41656
112	47075
113	40632
114	38678
115	40721
116	39103
117	34877
118	26521
119	24839
120	27649
121	27373
122	23773
123	18671
124	21024
125	20769
126	24499
127	22842
128	28871
129	26489
130	26863
131	34220
132	33576
133	28044
134	27345
135	32289
136	27211
137	25505
138	20872
139	21042
140	19859
141	20969
142	18205
143	22194
144	19973
145	20755
146	20934
147	21649
148	18532
149	21496
150	19459
151	22292
152	20118
153	22579
154	23005
155	21371
156	22373
157	22249
158	22615
159	23296
160	23456
161	20074
162	21873
163	24113
164	22049
165	27069
166	24159
167	21917
168	23893
169	33133
170	38997
171	41921
172	41248
173	44890
174	39472
175	49305
176	45828
177	52596
178	48054
179	41261
180	57139
181	50682
182	58264
183	50697
184	53063
185	57229
186	55489
187	53863
188	50710
189	51900
190	55364
191	62468
192	55384
193	67547
194	59950
195	66109
196	69124
197	68696
198	72506
199	58559
200	67620
201	52285
202	77292
203	70473
204	69066
205	68372
206	59314
207	59775
208	59014
209	52353
210	58441
211	50744
212	55019
213	48382
214	49417
215	50791
216	42691
217	42080
218	44340
219	51512
220	51190
221	52740
222	41466
223	50191
224	48273
225	57084
226	57600
227	51979
228	44421
229	44162
230	46419
231	49539
232	47437
233	55845
234	54520
235	53440
236	58254
237	56110
238	43687
239	46832
240	45236
241	35830
242	37660
243	49301
244	56126
245	45820
246	40196
247	41820
248	47242
249	55614
250	57894
251	58886
252	58795
253	54797
254	66598
255	67802
256	66752
257	67650
258	57706
259	64589
260	68707
261	74622
262	65831
263	55024
264	60135
265	63353
266	65243
267	61136
268	68691
269	61545
270	69768
271	51830
272	57338
273	60058
274	46091
275	46029
276	53447
277	44135
278	60345
279	46080
280	40439
281	46339
282	44924
283	66591
284	65936
285	64656
286	74708
287	71066
288	78868
289	65303
290	65154
291	67816
292	65639
293	67260
294	60606
295	48155
296	49055
297	59402
298	57326
299	59343
300	50337
301	63801
302	62619
303	45172
304	51147
305	44251
306	65602
307	67663
308	68207
309	64835
310	54163
311	56894
312	45702
313	53037
314	48014
315	41911
316	48705
317	45287
318	47282
319	45066
320	43578
321	42285
322	44616
323	49931
324	48255
325	53081
326	52326
327	51573
328	41054
329	43433
330	38391
331	49693
332	36599
333	39649
334	33665
335	35560
336	34143
337	35489
338	35063
339	32251
340	32671
341	35746
342	34237
343	44717
344	41474
345	35852
346	37975
347	32024
348	38484
349	39687
350	37716
351	33057
352	39776
353	41758
354	39120
355	49117
356	47652
357	45476
358	40268
359	35489
360	29525
361	33008
362	31885
363	27073
364	20406
365	26617
366	21758
367	21409
368	20187
369	20504
370	20451
371	18502
372	18413
373	22247
374	19640
375	19418
376	22375
377	23503
378	18345
379	16323
380	20264
381	18953
382	17633
383	23782
384	15994
385	21526
386	17478
387	22078
388	17566
389	15508
390	20333
391	20687
392	19112
393	20303
394	23683
395	24172
396	22106
397	29381
398	43380
399	55799
400	49054
401	53835
402	52425
403	44378
404	42687
405	35486
406	32407
407	33272
408	34673
409	27153
410	25290
411	24604
412	30699
413	23126
414	21061
415	25067
416	24740
417	25579
418	24971
419	25145
420	22393
421	22748
422	26468
423	19604
424	23216
425	19655
426	25280
427	21676
428	23281
429	21054
430	26304
431	28396
432	26079
433	21412
434	24001
435	25935
436	21430
437	21536
438	20546
439	16548
440	17640
441	20262
442	18907
443	20008
444	18044
445	17115
446	17201
447	15842
448	17859
449	16749
450	21193
451	18732
452	19501
453	23510
454	20929
455	19798
456	17116
457	17949
458	22664
459	24752
460	22928
461	24732
462	24000
463	21091
464	28571
465	24267
466	20648
467	17314
468	21812
469	23823
470	21583
471	25058
472	31355
473	34480
474	41029
475	46818
476	43192
477	46555
478	47114
479	57707
480	42996
481	39370
482	33915
483	44446
484	41154
485	42577
486	33568
487	38993
488	34636
489	37266
490	42830
491	36351
492	38264
493	31571
494	34932
495	27005
496	24663
497	21272
498	18201
499	20341
500	21478
501	19807
502	19648
503	22671
504	19847
505	22864
506	25729
507	25233
508	26848
509	32513
510	29913
511	31966
512	45294
513	35343
514	36313
515	38396
516	43848
517	37610
518	30391
519	23352
520	22710
521	23835
522	23728
523	22677
524	22097
525	20839
526	20656
527	22357
528	13859
529	19799
530	20391
531	24043
532	22051
533	24664
534	22924
535	23121
536	18529
537	19022
538	18241
539	18879
540	21652
541	19318
542	20652
543	20695
544	19705
545	22136
546	22655
547	25397
548	22318
549	22958
550	31449
551	34462
552	31046
553	28646
554	27171
555	25118
556	25935
557	23580
558	20266
559	20794
560	18213
561	20777
562	19025
563	21324
564	24242
565	31081
566	30749
567	28784
568	22691
569	19738
570	19327
571	19121
572	20502
573	19644
574	23412
575	23466
576	17286
577	20228
578	21158
579	17860
580	18043
581	18609
582	18560
583	17033
584	16401
585	18918
586	17896
587	16921
588	20736
589	18418
590	17396
591	20477
592	19085
593	17300
594	19532
595	19150
596	18281
597	19526
598	17485
599	17531
600	19837
601	19221
602	22076
603	22040
604	20962
605	22484
606	15994
607	17419
608	18734
609	18455
610	20897
611	22947
612	23689
613	22522
614	24400
615	22635
616	24084
617	22813
618	26163
619	28085
620	27405
621	25576
622	26982
623	24264
624	26972
625	27971
626	26584
627	32424
628	30704
629	41107
630	43298
631	43514
632	38688
633	33250
634	37916
635	54682
636	39643
637	37287
638	38399
639	39709
640	41747
641	46204
642	50073
643	53156
644	46149
645	43095
646	46312
647	42063
648	46757
649	48964
650	45320
651	45249
652	55170
653	49940
654	56493
655	55486
656	58629
657	47353
658	55649
659	57225
660	64913
661	58870
662	65075
663	59113
664	47171
665	41806
666	44100
667	44443
668	46890
669	49999
670	49948
671	47716
672	42677
673	40858
674	42110
675	46463
676	56651
677	44443
678	52852
679	52598
680	48756
681	44707
682	33050
683	35508
684	31945
685	34583
686	33092
687	27862
688	23816
689	23494
690	25055
691	22106
692	22501
693	19221
694	25720
695	25084
696	25942
697	19627
698	20501
699	20308
700	20148
701	15546
702	18779
703	18547
704	20247
705	19698
706	20099
707	19060
708	22532
709	19547
710	19978
711	19271
712	20465
713	18659
714	18395
715	20669
716	19742
717	19337
718	19219
719	19938
720	21025
721	18114
722	20251
723	19709
724	21668
725	22142
726	23067
727	27078
728	26500
729	26148
730	25967
731	28183
732	26566
733	30248
734	36965
735	52716
736	50073
737	54864
738	62944
739	58425
740	62088
741	54909
742	48036
743	45804
744	58279
745	60487
746	43875
747	47125
748	55905
749	58741
750	54770
751	53806
752	46352
753	40285
754	51322
755	46272
756	51403
757	58706
758	52372
759	48044
760	62964
761	66704
762	53149
763	63519
764	54164
765	46992
766	58867
767	57508
768	55055
769	48394
770	45248
771	61670
772	51306
773	52955
774	43738
775	47733
776	40661
777	47303
778	42613
779	34995
780	50208
781	50826
782	51260
783	59040
784	65627
785	48582
786	56998
787	50398
788	54661
789	53286
790	39983
791	38331
792	28698
793	39286
794	34063
795	34338
796	31033
797	30808
798	25133
799	30044
800	31483
801	28910
802	34876
803	38982
804	44862
805	41675
806	44607
807	56114
808	60877
809	59836
810	58775
811	59320
812	50071
813	50304
814	41283
815	42015
816	42497
817	40381
818	38823
819	37715
820	37641
821	45756
822	45034
823	47219
824	41437
825	39245
826	43196
827	38229
828	34024
829	31631
830	26883
831	29165
832	32534
833	34791
834	31034
835	34280
836	31203
837	39462
838	40171
839	51740
840	58096
841	58956
842	48415
843	52654
844	52892
845	47349
846	40789
847	45525
848	47776
849	50858
850	55382
851	62664
852	59516
853	53633
854	63782
855	58964
856	56255
857	64011
858	61808
859	47696
860	43810
861	42528
862	57786
863	56457
864	52186
865	48753
866	53277
867	47911
868	62469
869	51002
870	50373
871	48010
872	52542
873	58024
874	60638
875	50196
876	62144
877	39849
878	45831
879	40540
880	38614
881	44226
882	39597
883	46682
884	49963
885	54650
886	42763
887	48744
888	46058
889	64140
890	60273
891	63625
892	51660
893	53242
894	45464
895	47409
896	57819
897	47939
898	56613
899	60674
900	65398
901	75865
902	76737
903	73235
904	75655
905	73592
906	61096
907	64184
908	61893
909	51486
910	57085
911	66757
912	64004
913	61369
914	63448
915	53232
916	47517
917	49445
918	59121
919	61057
920	52312
921	54277
922	54064
923	48420
924	46147
925	49673
926	51798
927	47413
928	64165
929	60248
930	59522
931	57578
932	53700
933	57993
934	68012
935	64838
936	37457
937	57295
938	64556
939	65158
940	62024
941	66578
942	55947
943	60384
944	63317
945	63816
946	68790
947	66686
948	70589
949	52686
950	70370
951	74759
952	59139
953	54315
954	49260
955	56448
956	68065
957	65687
958	60699
959	57491
960	55860
961	58346
962	62295
963	61199
964	51192
965	34531
966	33055
967	28359
968	29975
969	33761
970	34220
971	32311
972	32960
973	34386
974	36081
975	35887
976	31490
977	33742
978	35100
979	33974
980	35546
981	34966
982	33781
983	36767
984	36329
985	30898
986	37765
987	35802
988	32711
989	39603
990	32719
991	34074
992	30277
993	31389
994	30255
995	29636
996	37419
997	36543
998	33093
999	37161
1000	29636
1001	29728
1002	31935
1003	31872
1004	34727
1005	40390
1006	38823
1007	44183
1008	27809
1009	32148
1010	37470
1011	37358
1012	42428
1013	39931
1014	27736
1015	25549
1016	23905
1017	21528
1018	20988
1019	17469
1020	19412
1021	21086
1022	20652
1023	20849
1024	19194
1025	22195
1026	23534
1027	26839
1028	30482
1029	26533
1030	31575
1031	30420
1032	26938
1033	32057
1034	32528
1035	29627
1036	30213
1037	26137
1038	28243
1039	30871
1040	37495
1041	37581
1042	32120
1043	36837
1044	41081
1045	38213
1046	37435
1047	35874
1048	35505
1049	31948
1050	29332
1051	31134
1052	27030
1053	29924
1054	28045
1055	28936
1056	35916
1057	35526
1058	31286
1059	27182
1060	25746
1061	28952
1062	36442
1063	38996
1064	33599
1065	37804
1066	34564
1067	30951
1068	24115
1069	27770
1070	25986
1071	24313
1072	23681
1073	22770
1074	24022
1075	26976
1076	28537
1077	26862
1078	26096
1079	19068
1080	18915
1081	21554
1082	19621
1083	19125
1084	17769
1085	19659
1086	18839
1087	18774
1088	16002
1089	17609
1090	16245
1091	17467
1092	21116
1093	19510
1094	17768
1095	19969
1096	17673
1097	18529
1098	22236
1099	22472
1100	19980
1101	14952
1102	17666
1103	18340
1104	18391
1105	18773
1106	17293
1107	19086
1108	17577
1109	18900
1110	19740
1111	19070
1112	20910
1113	18975
1114	17511
1115	18204
1116	17789
1117	15438
1118	16951
1119	17929
1120	17841
1121	18057
1122	17672
1123	18875
1124	18843
1125	20172
1126	22027
1127	20835
1128	19704
1129	22978
1130	22777
1131	24066
1132	21623
1133	23138
1134	23436
1135	23508
1136	21652
1137	23858
1138	24695
1139	22213
1140	26511
1141	30190
1142	28266
1143	23938
1144	26351
1145	25453
1146	23493
1147	22105
1148	21418
1149	23270
1150	30891
1151	27528
1152	25520
1153	31666
1154	30418
1155	27691
1156	24604
1157	27980
1158	34063
1159	41411
1160	36949
1161	32434
1162	29078
1163	36038
1164	33261
1165	31666
1166	34412
1167	29916
1168	30889
1169	32959
1170	31973
1171	31758
1172	27342
1173	25848
1174	23310
1175	21799
1176	15926
1177	21767
1178	18081
1179	22418
1180	22530
1181	20343
1182	21310
1183	20722
1184	18919
1185	19571
1186	17579
1187	19849
1188	20154
1189	17827
1190	17026
1191	20214
1192	22976
1193	20581
1194	21469
1195	11508
1196	12156
1197	10593
1198	11450
1199	9147
1200	10971
1201	16571
1202	21711
1203	21422
1204	23773
1205	28580
1206	25089
1207	23889
1208	20068
1209	29616
1210	34795
1211	11777
1212	9596
1213	7200
1214	9869
1215	15198
1216	17414
1217	17200
1218	15197
1219	20053
1220	18676
1221	18587
1222	20133
1223	19222
1224	22102
1225	18843
1226	18499
1227	26771
1228	19253
1229	19076
1230	19751
1231	18917
1232	19275
1233	16322
1234	17299
1235	17076
1236	16395
1237	18282
1238	19786
1239	17093
1240	17349
1241	17734
1242	19757
1243	22096
1244	17397
1245	13999
1246	15652
1247	18672
1248	16433
1249	17254
1250	17263
1251	17766
1252	17785
1253	19031
1254	15510
1255	15493
1256	14637
1257	15359
1258	15794
1259	14950
1260	15193
1261	15158
1262	13534
1263	12401
1264	14294
1265	13821
1266	18244
1267	16719
1268	15814
1269	14350
1270	16120
1271	17362
1272	14863
1273	17912
1274	15532
1275	19029
1276	22569
1277	21268
1278	20958
1279	20236
1280	18338
1281	19772
1282	23011
1283	21783
1284	20153
1285	17747
1286	15500
1287	18905
1288	17393
1289	21289
1290	18645
1291	17242
1292	18235
1293	21833
1294	22494
1295	21782
1296	18984
1297	20608
1298	27455
1299	23566
1300	27596
1301	19234
1302	24210
1303	21393
1304	21443
1305	19181
1306	26173
1307	24523
1308	23936
1309	24424
1310	27653
1311	25920
1312	24611
1313	22049
1314	26124
1315	22322
1316	21074
1317	23112
1318	22684
1319	21339
1320	23449
1321	23781
1322	23036
1323	7855
1324	0
1325	13495
1326	21156
1327	19468
1328	23450
1329	24753
1330	23497
1331	21560
1332	20972
1333	21733
1334	19964
1335	20523
1336	18817
1337	21084
1338	20532
1339	18056
1340	23666
1341	26456
1342	18074
1343	18705
1344	15858
1345	18970
1346	15794
1347	15832
1348	19245
1349	17656
1350	18529
1351	18576
1352	23045
1353	24124
1354	16835
1355	16164
1356	15575
1357	11991
1358	12808
1359	9863
1360	12762
1361	9884
1362	11690
1363	10156
1364	11903
1365	12402
1366	12219
1367	11415
1368	11860
1369	12649
1370	12712
1371	12653
1372	10479
1373	14020
1374	11355
1375	13925
1376	14218
1377	14771
1378	19060
1379	19895
1380	25481
1381	24288
1382	24704
1383	29410
1384	27451
1385	28499
1386	24682
1387	23746
1388	20654
1389	21728
1390	20982
1391	22695
1392	21948
1393	22563
1394	24997
1395	31156
1396	26578
1397	26783
1398	21001
1399	23380
1400	25476
1401	20509
1402	21714
1403	19817
1404	16370
1405	15108
1406	16250
1407	13807
1408	11118
1409	15251
1410	15341
1411	16440
1412	15676
1413	15607
1414	16560
1415	16006
1416	19850
1417	18395
1418	23029
1419	24398
1420	22472
1421	22521
1422	23949
1423	23236
1424	23042
1425	26113
1426	24631
1427	26373
1428	26263
1429	29996
1430	25786
1431	28560
1432	21953
1433	26757
1434	27221
1435	26396
1436	23867
1437	24760
1438	30233
1439	37905
1440	37667
1441	31523
1442	38625
1443	41190
1444	39983
1445	32455
1446	36054
1447	36620
1448	32644
1449	29565
1450	35866
1451	32648
1452	34959
1453	31235
1454	34843
1455	32019
1456	29419
1457	26256
1458	28464
1459	31645
1460	28744
1461	27777
1462	28484
1463	33698
1464	23029
1465	20543
1466	22577
1467	19661
1468	18331
1469	18793
1470	18476
1471	17972
1472	15332
1473	14709
1474	13553
1475	15398
1476	13178
1477	11899
1478	13443
1479	10568
1480	11450
1481	11031
1482	12068
1483	10531
1484	10049
1485	10131
1486	10953
1487	11417
1488	11212
1489	11891
1490	9640
1491	10721
1492	10450
1493	11643
1494	10268
1495	11265
1496	10724
1497	10180
1498	12041
1499	9943
1500	10305
1501	11286
1502	10764
1503	12292
1504	10747
1505	15817
1506	13907
1507	19811
1508	18317
1509	24538
1510	23087
1511	17857
1512	6104
1513	2312
1514	3186
1515	3383
1516	17896
1517	11070
1518	10451
1519	12962
1520	8497
1521	9358
1522	9364
1523	8797
1524	9660
1525	9959
1526	9923
1527	9259
1528	8790
1529	8641
1530	11390
1531	9917
1532	10066
1533	8517
1534	9300
1535	8904
1536	10915
1537	9444
1538	11234
1539	11020
1540	10805
1541	13381
1542	14851
1543	14223
1544	14112
1545	16524
1546	15214
1547	12956
1548	13947
1549	10165
1550	11000
1551	8502
1552	9973
1553	11081
1554	12549
1555	11000
1556	10665
1557	10910
1558	9727
1559	8312
1560	8328
1561	9976
1562	10621
1563	9702
1564	9865
1565	10960
1566	11154
1567	10659
1568	10993
1569	10242
1570	10065
1571	11521
1572	10408
1573	11396
1574	9247
1575	8933
1576	9062
1577	10293
1578	9184
1579	9664
1580	9927
1581	10047
1582	9140
1583	7970
1584	8880
1585	10327
1586	8149
1587	9406
1588	8929
1589	9236
1590	8726
1591	10522
1592	8203
1593	10584
1594	8833
1595	9141
1596	10527
1597	8978
1598	9754
1599	9499
1600	8407
1601	9009
1602	8923
1603	8548
1604	10360
1605	8986
1606	9393
1607	9425
1608	8748
1609	9069
1610	8118
1611	8967
1612	9366
1613	10914
1614	10749
1615	11879
1616	10474
1617	11433
1618	9801
1619	9845
1620	8997
1621	7929
1622	7460
1623	10069
1624	8700
1625	10493
1626	10171
1627	11271
1628	12154
1629	13416
1630	14125
1631	13913
1632	13335
1633	14236
1634	17232
1635	17705
1636	17064
1637	15057
1638	15010
1639	15153
1640	12099
1641	11331
1642	10571
1643	11434
1644	8742
1645	9855
1646	10023
1647	7173
1648	10521
1649	9117
1650	10508
1651	9019
1652	8759
1653	8773
1654	9403
1655	9426
1656	8340
1657	9475
1658	7506
1659	7029
1660	7579
1661	7832
1662	8165
1663	9092
1664	7697
1665	8954
1666	9819
1667	10022
1668	8443
1669	8389
1670	8318
1671	9451
1672	10115
1673	9443
1674	9294
1675	7969
1676	7680
1677	8093
1678	9331
1679	9851
1680	9003
1681	10872
1682	9458
1683	8843
1684	11606
1685	14123
1686	11021
1687	13253
1688	11021
1689	8145
1690	9558
1691	7715
1692	9471
1693	10087
1694	10899
1695	9289
1696	9954
1697	10097
1698	10327
1699	9935
1700	9541
1701	9080
1702	8234
1703	8887
1704	8590
1705	9035
1706	9246
1707	9465
1708	10294
1709	12542
1710	13951
1711	14115
1712	12077
1713	8141
1714	9480
1715	9251
1716	9623
1717	8568
1718	10159
1719	8887
1720	8229
1721	9559
1722	9349
1723	9482
1724	9814
1725	8685
1726	7626
1727	9591
1728	10136
1729	8838
1730	8173
1731	8811
1732	9961
1733	9326
1734	11177
1735	10459
1736	9812
1737	10177
1738	10088
1739	10551
1740	12778
1741	11984
1742	13539
1743	12643
1744	12827
1745	17773
1746	12430
1747	15803
1748	14694
1749	13749
1750	13034
1751	13168
1752	16030
1753	17033
1754	16996
1755	19411
1756	20209
1757	18530
1758	10447
1759	16213
1760	18034
1761	21219
1762	18820
1763	20584
1764	17556
1765	14145
1766	12734
1767	11410
1768	11019
1769	10874
1770	9428
1771	9470
1772	8921
1773	9586
1774	9803
1775	9065
1776	8846
1777	9684
1778	9652
1779	9178
1780	8907
1781	9688
1782	9840
1783	8514
1784	7924
1785	9034
1786	8766
1787	8125
1788	9165
1789	7783
1790	7552
1791	8192
1792	8927
1793	7925
1794	9205
1795	8680
1796	10115
1797	8715
1798	8604
1799	8680
1800	9720
1801	9208
1802	8563
1803	8763
1804	9267
1805	10032
1806	7508
1807	7854
1808	8319
1809	13536
1810	1381
1811	0
1812	0
1813	0
1814	0
1815	0
1816	0
1817	0
1818	0
1819	0
1820	0
1821	0
1822	0
1823	0
1824	0
1825	0
1826	0
1827	0
1828	0
1829	0
1830	0
1831	0
1832	0
1833	0
1834	0
1835	0
1836	0
1837	0
1838	0
1839	0
1840	0
1841	0
1842	0
1843	0
1844	0
1845	0
1846	0
1847	0
1848	0
1849	0
1850	0
1851	0
1852	0
1853	0
1854	0
1855	0
1856	0
1857	0
1858	0
1859	0
1860	0
1861	0
1862	0
1863	0
1864	0
1865	0
1866	0
1867	0
1868	0
1869	0
1870	9580
1871	14974
1872	19811
1873	25389
1874	20126
1875	19441
1876	18136
1877	19623
1878	14335
1879	14292
1880	11955
1881	12368
1882	10188
1883	12775
1884	11728
1885	10381
1886	10314
1887	10999
1888	10266
1889	10913
1890	10046
1891	9597
1892	10678
1893	13133
1894	11290
1895	10946
1896	10146
1897	8601
1898	9430
1899	9729
1900	9324
1901	8482
1902	8603
1903	8933
1904	8428
1905	7437
1906	10067
1907	10415
1908	9480
1909	7978
1910	9515
1911	9144
1912	10226
1913	10839
1914	8125
1915	8835
1916	8267
1917	8888
1918	9427
1919	9184
1920	9573
1921	9779
1922	8835
1923	9855
1924	11308
1925	10226
1926	9201
1927	9618
1928	11503
1929	10759
1930	9270
1931	8482
1932	10174
1933	9779
1934	10181
1935	10683
1936	11366
1937	10502
1938	9934
1939	9792
1940	8608
1941	9318
1942	8546
1943	7972
1944	13215
1945	9923
1946	10105
1947	10982
1948	12983
1949	14214
1950	15344
1951	15464
1952	15217
1953	19511
1954	19727
1955	11677
1956	10818
1957	10879
1958	14118
1959	12061
1960	14737
1961	12253
1962	14690
1963	17151
1964	19589
1965	20788
1966	23318
1967	18485
1968	17042
1969	19355
1970	18391
1971	16367
1972	23346
1973	22885
1974	17446
1975	13938
1976	12395
1977	12123
1978	11952
1979	12228
1980	10711
1981	12351
1982	10087
1983	11953
1984	13992
1985	13668
1986	15722
1987	18644
1988	16706
1989	22448
1990	26750
1991	25685
1992	24705
1993	24704
1994	25401
1995	26134
1996	25727
1997	24855
1998	25359
1999	29632
2000	26808
2001	27012
2002	27163
2003	23970
2004	22949
2005	25225
2006	24822
2007	22932
2008	22046
2009	20059
2010	18551
2011	19089
2012	14856
2013	19302
2014	21321
2015	21178
2016	19890
2017	24287
2018	24945
2019	27841
2020	20905
2021	19808
2022	24057
2023	24354
2024	29363
2025	33744
2026	30020
2027	33898
2028	30510
2029	26225
2030	25155
2031	23418
2032	23184
2033	21699
2034	19548
2035	16355
2036	16645
2037	14897
2038	17986
2039	14878
2040	11072
2041	13440
2042	10948
2043	11093
2044	11385
2045	11631
2046	11276
2047	9172
2048	11398
2049	11203
2050	9052
2051	10876
2052	8839
2053	9578
2054	8401
2055	10119
2056	8450
2057	8923
2058	8995
2059	9783
2060	9630
2061	9545
2062	8031
2063	10149
2064	9996
2065	8132
2066	10288
2067	9405
2068	8680
2069	8261
2070	8032
2071	7568
2072	7644
2073	8882
2074	9558
2075	9446
2076	10545
2077	7885
2078	7008
2079	10596
2080	9561
2081	8820
2082	9849
2083	9673
2084	9738
2085	12279
2086	10197
2087	9982
2088	9183
2089	9503
2090	9915
2091	9326
2092	10511
2093	11214
2094	9683
2095	11003
2096	9532
2097	9682
2098	9832
2099	10691
2100	10193
2101	9464
2102	10512
2103	10611
2104	10074
2105	13477
2106	17212
2107	16097
2108	15810
2109	15895
2110	16797
2111	15993
2112	17761
2113	18908
2114	17626
2115	16000
2116	18468
2117	19443
2118	16746
2119	15690
2120	15249
2121	15742
2122	13149
2123	12809
2124	13567
2125	9824
2126	12551
2127	10918
2128	12153
2129	11222
2130	11137
2131	11413
2132	12585
2133	9052
2134	10590
2135	14951
2136	14512
2137	16350
2138	19373
2139	19866
2140	19504
2141	16919
2142	15853
2143	20907
2144	22368
2145	21432
2146	22682
2147	19077
2148	18960
2149	20023
2150	23229
2151	25837
2152	23864
2153	22757
2154	26385
2155	25108
2156	29627
2157	23923
2158	20195
2159	22773
2160	19080
2161	21386
2162	22211
2163	19606
2164	22891
2165	19644
2166	22084
2167	17468
2168	18350
2169	16989
2170	16685
2171	17130
2172	19554
2173	14131
2174	16035
2175	14488
2176	14122
2177	15929
2178	12814
2179	15723
2180	19694
2181	19701
2182	17610
2183	13043
2184	12605
2185	11848
2186	13233
2187	14829
2188	11719
2189	13203
2190	11492
2191	10328
2192	10118
2193	8881
2194	9612
2195	9359
2196	9016
2197	10218
2198	9951
2199	10348
2200	12362
2201	11842
2202	14111
2203	11749
2204	21712
2205	16918
2206	15918
2207	15041
2208	15529
2209	13047
2210	10861
2211	12963
2212	12846
2213	11345
2214	9687
2215	12557
2216	9936
2217	9141
2218	12217
2219	12007
2220	12983
2221	12367
2222	10329
2223	14267
2224	10663
2225	12618
2226	14486
2227	15314
2228	17003
2229	13388
2230	14328
2231	15551
2232	16943
2233	15600
2234	18448
2235	21096
2236	21491
2237	16388
2238	11848
2239	13819
2240	17219
2241	17016
2242	15202
2243	18037
2244	25352
2245	19648
2246	22600
2247	26674
2248	23670
2249	26536
2250	24592
2251	23444
2252	17824
2253	20327
2254	37738
2255	22779
2256	21423
2257	21633
2258	19130
2259	23309
2260	23177
2261	20103
2262	21136
2263	18364
2264	20426
2265	22718
2266	24588
2267	23086
2268	29400
2269	26632
2270	23086
2271	22250
2272	21758
2273	20973
2274	19484
2275	23597
2276	23592
2277	20852
2278	17197
2279	18302
2280	16881
2281	19334
2282	15115
2283	15901
2284	13542
2285	12467
2286	13654
2287	10908
2288	13699
2289	10740
2290	12242
2291	13183
2292	12455
2293	12255
2294	10942
2295	12788
2296	14095
2297	20816
2298	15923
2299	20063
2300	15530
2301	15191
2302	15854
2303	13972
2304	15422
2305	16525
2306	15940
2307	18193
2308	16947
2309	19930
2310	18051
2311	18662
2312	16413
2313	19630
2314	23769
2315	23081
2316	19471
2317	20149
2318	17332
2319	15317
2320	18295
2321	12869
2322	13014
2323	12535
2324	11151
2325	10049
2326	10567
2327	9939
2328	10642
2329	11930
2330	9912
2331	10135
2332	10983
2333	11012
2334	12579
2335	12083
2336	10181
2337	11672
2338	10569
2339	9342
2340	9539
2341	11572
2342	11180
2343	11088
2344	10342
2345	11345
2346	10443
2347	11780
2348	10345
2349	11947
2350	10684
2351	10357
2352	9512
2353	10132
2354	10333
2355	8595
2356	10346
2357	10569
2358	9980
2359	11830
2360	10596
2361	13304
2362	12148
2363	14429
2364	14183
2365	14450
2366	15404
2367	14648
2368	13682
2369	14498
2370	17483
2371	20800
2372	18043
2373	19700
2374	18647
2375	16903
2376	17738
2377	19393
2378	22649
2379	23021
2380	28112
2381	25708
2382	27439
2383	26771
2384	28848
2385	28713
2386	33038
2387	32166
2388	23636
2389	22464
2390	29596
2391	17653
2392	19303
2393	20627
2394	22233
2395	22082
2396	23932
2397	24765
2398	23035
2399	27586
2400	22756
2401	19190
2402	24557
2403	21545
2404	19721
2405	19962
2406	23631
2407	26234
2408	19719
2409	20836
2410	20392
2411	14296
2412	13671
2413	11756
2414	13095
2415	13236
2416	12043
2417	12480
2418	13126
2419	11230
2420	11239
2421	13786
2422	18483
2423	21718
2424	21282
2425	29960
2426	27653
2427	27939
2428	21235
2429	23137
2430	21361
2431	19546
2432	21852
2433	21859
2434	23092
2435	16388
2436	20417
2437	16771
2438	20692
2439	22171
2440	24608
2441	27365
2442	28848
2443	24703
2444	28611
2445	31305
2446	28724
2447	28988
2448	29244
2449	20138
2450	25144
2451	22028
2452	29949
2453	31184
2454	30631
2455	29770
2456	29225
2457	27913
2458	24439
2459	23357
2460	28695
2461	25530
2462	26315
2463	29484
2464	25072
2465	24720
2466	28723
2467	29597
2468	30021
2469	21451
2470	22370
2471	21412
2472	21917
2473	22019
2474	21860
2475	24729
2476	20866
2477	23928
2478	24257
2479	22868
2480	22694
2481	21266
2482	20920
2483	24663
2484	27215
2485	30340
2486	32375
2487	27072
2488	31238
2489	30717
2490	31751
2491	34513
2492	31644
2493	26994
2494	27125
2495	26985
2496	29583
2497	28564
2498	27844
2499	23560
2500	22466
2501	25124
2502	31927
2503	27613
2504	28364
2505	24557
2506	30822
2507	24460
2508	22791
2509	24304
2510	22483
2511	24144
2512	22788
2513	18136
2514	23715
2515	26484
2516	24187
2517	20995
2518	23602
2519	25658
2520	21733
2521	23345
2522	29711
2523	29495
2524	24359
2525	25543
2526	24699
2527	26577
2528	27944
2529	35780
2530	24947
2531	28541
2532	32872
2533	29826
2534	22812
2535	24306
2536	24723
2537	22669
2538	24797
2539	22448
2540	22159
2541	21350
2542	24013
2543	24360
2544	23169
2545	31439
2546	35607
2547	30506
2548	33412
2549	30127
2550	27740
2551	26298
2552	25343
2553	22384
2554	35623
2555	29023
2556	31867
2557	31765
2558	33044
2559	29969
2560	27825
2561	34724
2562	36725
2563	38496
2564	34090
2565	34385
2566	38772
2567	33947
2568	36661
2569	34385
2570	38327
2571	35467
2572	32795
2573	30530
2574	29258
2575	32631
2576	31424
2577	30191
2578	30856
2579	37256
2580	36815
2581	27684
2582	38464
2583	32351
2584	32659
2585	32671
2586	32335
2587	31887
2588	26469
2589	27655
2590	26579
2591	27668
2592	29495
2593	31659
2594	27405
2595	26136
2596	32091
2597	26043
2598	24792
2599	24668
2600	22521
2601	24717
2602	28139
2603	24418
2604	27149
2605	24223
2606	21123
2607	20509
2608	23191
2609	29829
2610	25276
2611	24588
2612	23587
2613	21671
2614	24214
2615	23229
2616	20097
2617	21311
2618	17624
2619	18569
2620	18640
2621	23974
2622	20153
2623	21272
2624	20593
2625	18856
2626	17422
2627	17856
2628	17968
2629	16271
2630	15685
2631	13260
2632	17469
2633	14410
2634	18855
2635	15697
2636	13962
2637	16115
2638	21026
2639	20409
2640	22887
2641	20559
2642	20949
2643	21409
2644	20719
2645	26519
2646	18576
2647	22214
2648	23242
2649	18349
2650	18686
2651	17969
2652	18143
2653	16104
2654	19626
2655	19216
2656	18959
2657	16369
2658	18484
2659	17762
2660	18058
2661	21399
2662	23761
2663	26031
2664	26121
2665	28450
2666	23027
2667	26743
2668	25426
2669	27060
2670	26011
2671	30540
2672	28664
2673	29800
2674	25553
2675	24212
2676	22913
2677	24341
2678	24567
2679	26200
2680	27533
2681	25800
2682	24067
2683	24344
2684	22512
2685	19861
2686	23864
2687	23346
2688	20996
2689	20693
2690	20977
2691	18720
2692	19792
2693	20020
2694	18221
2695	16749
2696	17373
2697	21490
2698	18106
2699	15446
2700	18202
2701	16786
2702	14826
2703	17570
2704	19081
2705	18136
2706	16324
2707	16474
2708	17872
2709	19438
2710	19818
2711	20107
2712	22250
2713	17652
2714	20819
2715	25973
2716	26327
2717	26732
2718	29776
2719	30648
2720	22213
2721	23022
2722	25562
2723	22132
2724	19385
2725	21212
2726	24078
2727	21740
2728	28439
2729	31824
2730	33111
2731	27634
2732	26761
2733	19685
2734	29491
2735	23688
2736	19802
2737	16294
2738	18241
2739	14825
2740	11558
2741	11530
2742	12276
2743	10333
2744	12443
2745	11756
2746	12257
2747	12822
2748	14242
2749	14775
2750	14446
2751	18805
2752	16300
2753	18902
2754	18268
2755	26212
2756	26353
2757	28165
2758	29152
2759	22579
2760	30220
2761	30256
2762	29850
2763	30845
2764	22012
2765	29079
2766	42389
2767	41670
2768	39847
2769	40049
2770	49256
2771	53406
2772	56770
2773	43839
2774	39184
2775	35381
2776	35755
2777	39810
2778	41746
2779	49078
2780	56437
2781	37255
2782	38000
2783	36221
2784	36065
2785	36346
2786	32560
2787	37622
2788	32397
2789	28805
2790	30184
2791	26144
2792	24247
2793	29463
2794	31138
2795	26643
2796	32477
2797	30651
2798	29383
2799	27588
2800	30810
2801	31071
2802	26759
2803	29010
2804	27298
2805	27573
2806	28213
2807	29601
2808	29416
2809	28674
2810	27903
2811	28602
2812	32250
2813	32337
2814	32515
2815	36098
2816	36402
2817	33320
2818	41510
2819	42669
2820	42637
2821	51195
2822	37848
2823	43999
2824	36388
2825	35981
2826	37230
2827	41282
2828	42589
2829	36894
2830	46915
2831	43865
2832	42992
2833	39967
2834	40597
2835	42172
2836	40009
2837	40095
2838	41593
2839	45877
2840	34890
2841	32868
2842	32863
2843	35657
2844	32767
2845	35487
2846	42817
2847	37428
2848	32985
2849	30750
2850	34734
2851	36246
2852	43507
2853	40564
2854	34663
2855	31834
2856	41367
2857	40960
2858	39099
2859	39416
2860	44890
2861	35062
2862	34817
2863	32688
2864	31083
2865	29959
2866	29461
2867	29052
2868	27543
2869	24468
2870	23812
2871	25349
2872	20646
2873	21205
2874	27922
2875	21075
2876	22590
2877	20225
2878	19005
2879	15223
2880	18756
2881	14877
2882	14234
2883	14713
2884	13378
2885	15312
2886	15860
2887	11773
2888	12036
2889	11969
2890	13667
2891	14511
2892	13955
2893	13579
2894	11928
2895	14371
2896	13222
2897	11984
2898	11584
2899	9125
2900	12895
2901	12603
2902	11604
2903	12000
2904	12990
2905	14065
2906	11755
2907	12354
2908	14643
2909	13141
2910	12003
2911	13071
2912	11377
2913	13424
2914	14917
2915	16306
2916	12278
2917	15940
2918	16662
2919	15749
2920	18507
2921	18880
2922	17592
2923	25585
2924	31143
2925	22940
2926	17434
2927	12668
2928	15570
2929	11939
2930	11490
2931	12405
2932	12739
2933	13252
2934	12236
2935	14241
2936	11256
2937	14462
2938	14533
2939	11488
2940	12826
2941	20181
2942	17942
2943	16401
2944	13410
2945	14235
2946	13519
2947	15831
2948	16188
2949	13071
2950	12949
2951	13776
2952	15428
2953	13478
2954	11813
2955	10742
2956	12130
2957	13911
2958	12610
2959	15149
2960	13895
2961	13053
2962	12414
2963	13781
2964	14034
2965	12224
2966	12305
2967	13282
2968	15079
2969	16040
2970	19147
2971	18036
2972	21145
2973	28134
2974	34261
2975	28374
2976	33956
2977	34102
2978	26800
2979	34246
2980	25472
2981	24143
2982	25250
2983	25818
2984	29417
2985	28717
2986	30101
2987	32068
2988	33082
2989	27643
2990	26144
2991	27909
2992	24648
2993	26830
2994	28245
2995	29872
2996	27414
2997	31229
2998	35035
2999	34750
3000	31999
3001	38441
3002	32860
3003	32945
3004	36016
3005	39412
3006	37331
3007	38354
3008	40812
3009	45090
3010	34789
3011	31190
3012	34753
3013	27840
3014	28127
3015	30568
3016	30304
3017	29326
3018	29401
3019	23623
3020	27251
3021	24052
3022	29242
3023	31423
3024	30262
3025	31540
3026	28067
3027	35168
3028	29226
3029	28432
3030	29083
3031	30461
3032	32449
3033	29370
3034	25383
3035	33267
3036	32329
3037	32632
3038	39490
3039	34135
3040	36186
3041	33949
3042	28469
3043	31847
3044	29955
3045	34010
3046	31340
3047	26168
3048	24522
3049	26711
3050	32004
3051	32831
3052	27447
3053	33507
3054	31628
3055	36495
3056	35763
3057	36290
3058	34079
3059	29143
3060	29936
3061	26653
3062	23345
3063	23300
3064	19846
3065	21943
3066	21740
3067	23037
3068	18057
3069	18995
3070	18570
3071	17710
3072	19553
3073	18411
3074	18031
3075	20149
3076	22279
3077	19563
3078	20894
3079	24336
3080	30737
3081	22590
3082	19159
3083	14817
3084	17170
3085	17787
3086	17153
3087	18316
3088	20284
3089	21756
3090	21063
3091	22147
3092	19367
3093	32737
3094	33410
3095	29579
3096	29057
3097	28881
3098	33155
3099	37262
3100	36111
3101	34023
3102	31450
3103	27273
3104	26847
3105	23200
3106	27999
3107	30597
3108	32937
3109	41744
3110	44601
3111	43426
3112	35142
3113	37691
3114	36429
3115	31738
3116	37470
3117	33397
3118	29532
3119	25648
3120	27099
3121	31531
3122	29908
3123	32520
3124	36312
3125	38375
3126	38866
3127	39984
3128	30646
3129	37526
3130	36743
3131	27087
3132	25397
3133	25214
3134	29565
3135	41568
3136	46385
3137	38028
3138	40750
3139	37339
3140	29942
3141	26993
3142	28807
3143	29470
3144	29895
3145	27302
3146	29584
3147	24318
3148	22910
3149	24030
3150	23353
3151	29705
3152	24394
3153	23720
3154	32178
3155	25036
3156	31007
3157	32161
3158	25637
3159	25180
3160	26299
3161	26071
3162	26151
3163	22411
3164	23527
3165	26986
3166	25611
3167	29996
3168	38314
3169	36494
3170	29754
3171	27448
3172	22066
3173	19753
3174	17855
3175	17131
3176	15423
3177	15627
3178	18381
3179	22815
3180	16498
3181	14908
3182	15838
3183	16794
3184	15168
3185	14187
3186	16090
3187	16163
3188	19114
3189	18465
3190	20427
3191	23696
3192	25319
3193	24259
3194	35834
3195	35880
3196	30113
3197	35793
3198	33004
3199	33004
3200	28620
3201	30725
3202	29847
3203	37459
3204	32481
3205	32139
3206	26729
3207	27025
3208	34682
3209	28668
3210	23495
3211	22258
3212	23476
3213	20445
3214	17028
3215	21233
3216	19649
3217	21384
3218	24920
3219	27043
3220	22060
3221	18985
3222	21361
3223	14314
3224	14631
3225	13239
3226	13301
3227	15445
3228	14816
3229	15924
3230	14258
3231	15941
3232	13389
3233	14833
3234	13789
3235	13781
3236	11736
3237	12572
3238	11937
3239	11366
3240	12670
3241	11305
3242	9696
3243	13342
3244	12751
3245	13906
3246	14357
3247	13605
3248	12839
3249	12759
3250	7914
3251	13746
3252	12113
3253	11439
3254	10046
3255	11432
3256	11451
3257	14736
3258	13663
3259	11251
3260	13485
3261	12367
3262	13650
3263	12953
3264	15988
3265	13343
3266	15060
3267	12780
3268	13775
3269	14055
3270	13900
3271	11378
3272	12879
3273	13593
3274	13347
3275	12928
3276	12619
3277	15268
3278	12618
3279	13055
3280	11441
3281	14074
3282	12779
3283	14385
3284	13239
3285	11252
3286	13599
3287	12462
3288	10506
3289	10891
3290	13027
3291	13492
3292	13092
3293	11760
3294	11145
3295	9239
3296	13752
3297	14729
3298	15420
3299	12635
3300	12691
3301	13923
3302	13569
3303	13195
3304	13097
3305	13238
3306	11869
3307	14051
3308	14297
3309	10741
3310	13009
3311	15295
3312	18137
3313	20663
3314	17663
3315	17822
3316	18951
3317	16982
3318	16158
3319	15173
3320	15867
3321	15483
3322	14852
3323	14550
3324	16063
3325	13496
3326	14170
3327	11072
3328	13227
3329	12893
3330	12433
3331	14731
3332	14428
3333	14899
3334	13572
3335	12959
3336	14867
3337	14978
3338	15726
3339	14894
3340	13830
3341	12777
3342	14215
3343	15177
3344	13281
3345	15345
3346	16607
3347	20488
3348	28030
3349	23522
3350	21451
3351	20196
3352	21502
3353	25127
3354	28902
3355	30934
3356	33484
3357	31479
3358	20394
3359	16990
3360	17273
3361	13735
3362	15384
3363	15121
3364	13499
3365	14383
3366	14098
3367	13326
3368	16113
3369	14339
3370	14722
3371	16400
3372	12636
3373	13955
3374	15078
3375	22219
3376	26486
3377	24128
3378	23262
3379	22351
3380	24106
3381	17153
3382	22163
3383	21845
3384	25168
3385	24023
3386	20339
3387	24122
3388	23730
3389	30669
3390	32060
3391	31566
3392	40583
3393	38851
3394	40306
3395	38131
3396	31420
3397	39504
3398	38462
3399	39501
3400	39773
3401	40544
3402	33232
3403	34109
3404	40585
3405	33634
3406	35787
3407	42296
3408	43269
3409	42927
3410	43693
3411	34201
3412	34187
3413	28752
3414	33373
3415	36842
3416	36239
3417	44565
3418	40577
3419	36593
3420	39163
3421	42859
3422	38740
3423	44466
3424	50398
3425	42085
3426	34022
3427	33967
3428	35400
3429	39029
3430	43236
3431	40183
3432	40177
3433	42600
3434	39807
3435	46317
3436	34993
3437	39377
3438	39981
3439	37861
3440	44738
3441	35837
3442	36777
3443	32868
3444	36366
3445	38882
3446	36876
3447	37343
3448	38760
3449	29807
3450	26674
3451	33754
3452	27725
3453	27831
3454	29544
3455	25650
3456	21450
3457	19026
3458	18730
3459	18697
3460	15340
3461	16817
3462	16899
3463	16475
3464	13322
3465	14509
3466	13531
3467	13729
3468	14136
3469	13606
3470	13377
3471	12228
3472	16699
3473	12062
3474	14311
3475	15240
3476	13212
3477	13536
3478	14485
3479	13092
3480	14976
3481	14553
3482	16750
3483	17925
3484	14276
3485	12822
3486	14463
3487	11070
3488	14189
3489	14426
3490	12276
3491	12222
3492	15181
3493	14269
3494	13453
3495	14886
3496	12789
3497	11249
3498	12223
3499	11811
3500	12620
3501	11889
3502	12197
3503	11853
3504	15421
3505	14298
3506	12375
3507	12772
3508	13133
3509	15246
3510	11628
3511	13629
3512	14705
3513	14255
3514	12407
3515	13867
3516	13536
3517	13629
3518	12128
3519	15435
3520	13976
3521	13527
3522	17042
3523	16128
3524	22451
3525	19397
3526	21695
3527	25271
3528	20562
3529	16006
3530	22014
3531	21951
3532	24875
3533	29337
3534	32588
3535	29468
3536	29955
3537	37156
3538	40155
3539	43561
3540	41432
3541	45268
3542	32400
3543	34926
3544	34443
3545	30752
3546	32771
3547	26872
3548	28313
3549	27191
3550	27410
3551	26634
3552	23485
3553	22631
3554	24585
3555	26992
3556	26320
3557	29835
3558	30049
3559	28758
3560	27824
3561	26311
3562	23366
3563	23871
3564	23412
3565	18931
3566	20191
3567	21738
3568	18358
3569	23013
3570	19634
3571	22275
3572	25155
3573	21245
3574	33017
3575	38002
3576	30838
3577	29590
3578	30687
3579	42358
3580	44331
3581	38229
3582	33962
3583	36375
3584	33032
3585	35998
3586	37201
3587	48754
3588	33028
3589	31006
3590	23449
3591	25792
3592	22332
3593	18367
3594	16874
3595	14331
3596	13978
3597	15183
3598	14505
3599	14663
3600	15903
3601	14187
3602	15775
3603	14779
3604	17026
3605	18830
3606	25304
3607	18759
3608	16525
3609	17187
3610	21252
3611	26098
3612	32881
3613	22626
3614	26447
3615	17862
3616	16436
3617	14909
3618	16951
3619	14939
3620	16221
3621	13086
3622	14078
3623	14704
3624	13107
3625	14749
3626	15901
3627	16109
3628	21262
3629	22848
3630	28399
3631	24658
3632	24684
3633	21908
3634	21636
3635	20303
3636	20417
3637	21685
3638	24157
3639	23972
3640	24802
3641	25174
3642	27462
3643	27880
3644	25890
3645	22213
3646	26749
3647	24431
3648	39152
3649	42876
3650	38169
3651	36444
3652	37337
3653	35378
3654	43026
3655	36800
3656	46872
3657	45646
3658	48042
3659	43354
3660	44561
3661	40832
3662	48369
3663	51705
3664	51786
3665	48723
3666	45282
3667	36467
3668	41195
3669	44006
3670	40722
3671	43038
3672	48839
3673	49364
3674	46914
3675	46642
3676	50360
3677	51213
3678	43664
3679	48792
3680	48548
3681	43299
3682	46212
3683	45854
3684	39187
3685	40180
3686	41325
3687	42200
3688	43425
3689	47386
3690	40028
3691	36445
3692	34518
3693	32336
3694	34953
3695	44043
3696	35749
3697	36822
3698	37872
3699	35983
3700	34355
3701	33846
3702	35342
3703	42090
3704	48239
3705	36491
3706	42694
3707	44900
3708	43730
3709	48103
3710	42984
3711	42431
3712	40277
3713	46245
3714	40646
3715	39793
3716	40559
3717	43639
3718	44678
3719	43925
3720	38083
3721	34307
3722	35406
3723	37220
3724	44203
3725	43080
3726	48298
3727	44200
3728	39778
3729	49007
3730	44081
3731	42132
3732	51994
3733	54187
3734	52030
3735	46031
3736	38237
3737	39697
3738	46204
3739	38080
3740	39311
3741	32320
3742	25206
3743	31606
3744	35388
3745	29916
3746	30706
3747	34002
3748	34098
3749	31701
3750	33376
3751	27430
3752	27854
3753	32441
3754	26199
3755	32981
3756	29819
3757	27624
3758	26028
3759	20897
3760	21641
3761	19901
3762	16090
3763	17035
3764	17536
3765	16631
3766	14420
3767	14655
3768	16313
3769	17247
3770	16702
3771	17839
3772	20054
3773	20522
3774	17619
3775	17574
3776	15657
3777	21357
3778	19139
3779	14573
3780	17288
3781	16245
3782	13615
3783	15022
3784	12878
3785	15352
3786	16951
3787	13348
3788	16219
3789	16664
3790	14015
3791	16839
3792	13993
3793	19266
3794	14454
3795	15374
3796	16146
3797	15114
3798	15992
3799	15867
3800	18346
3801	16649
3802	15014
3803	14869
3804	16123
3805	17140
3806	14972
3807	15558
3808	15239
3809	14611
3810	15038
3811	13660
3812	14051
3813	15134
3814	14242
3815	13765
3816	13932
3817	15972
3818	16254
3819	20604
3820	28981
3821	21721
3822	26908
3823	23182
3824	23947
3825	22112
3826	20014
3827	21511
3828	15557
3829	16703
3830	17964
3831	16246
3832	13970
3833	14091
3834	14326
3835	14281
3836	14901
3837	11772
3838	16525
3839	13476
3840	13442
3841	14797
3842	17059
3843	19752
3844	15680
3845	16534
3846	15946
3847	15479
3848	17043
3849	14581
3850	23665
3851	22973
3852	26248
3853	19034
3854	21895
3855	20128
3856	19280
3857	14844
3858	18196
3859	17325
3860	22076
3861	22850
3862	24052
3863	27941
3864	24966
3865	27086
3866	36088
3867	33721
3868	37552
3869	44038
3870	59330
3871	56374
3872	49447
3873	48398
3874	44736
3875	51740
3876	51858
3877	50732
3878	51174
3879	47728
3880	45352
3881	46971
3882	37667
3883	36455
3884	50431
3885	49763
3886	50006
3887	39985
3888	45898
3889	40211
3890	40214
3891	34380
3892	36862
3893	42764
3894	45834
3895	49309
3896	38632
3897	54110
3898	45174
3899	45704
3900	31514
3901	40108
3902	36397
3903	42192
3904	15926
3905	45986
3906	47124
3907	30315
3908	99320
3909	45680
3910	31557
3911	43878
3912	42019
3913	37026
3914	35475
3915	40356
3916	50373
3917	59427
3918	50820
3919	49115
3920	49710
3921	42916
3922	41979
3923	46666
3924	50035
3925	46223
3926	47302
3927	51514
3928	43406
3929	38279
3930	38318
3931	46580
3932	68373
3933	48093
3934	50904
3935	38526
3936	28562
3937	34264
3938	28190
3939	39027
3940	41469
3941	46753
3942	41552
3943	46416
3944	49893
3945	42558
3946	42701
3947	27186
3948	37910
3949	40629
3950	40548
3951	35039
3952	37535
3953	41150
3954	30934
3955	37439
3956	25935
3957	22771
3958	2106
3959	333
3960	0
