	K562_combined
0	0
1	0
2	0
3	0
4	0
5	0
6	0
7	0
8	0
9	0
10	0
11	0
12	0
13	0
14	0
15	0
16	0
17	0
18	0
19	0
20	0
21	0
22	0
23	0
24	0
25	0
26	0
27	0
28	0
29	0
30	0
31	0
32	0
33	0
34	0
35	0
36	0
37	0
38	0
39	0
40	0
41	0
42	0
43	0
44	0
45	0
46	0
47	0
48	0
49	0
50	0
51	0
52	0
53	0
54	0
55	0
56	0
57	0
58	0
59	0
60	0
61	0
62	0
63	0
64	0
65	0
66	0
67	0
68	0
69	0
70	0
71	0
72	0
73	0
74	0
75	0
76	0
77	0
78	0
79	0
80	0
81	0
82	0
83	0
84	0
85	0
86	0
87	0
88	0
89	0
90	0
91	0
92	0
93	0
94	0
95	0
96	0
97	0
98	0
99	0
100	0
101	0
102	0
103	0
104	0
105	0
106	0
107	0
108	0
109	0
110	0
111	0
112	0
113	0
114	0
115	0
116	0
117	0
118	0
119	0
120	0
121	0
122	0
123	0
124	0
125	0
126	0
127	0
128	0
129	0
130	0
131	0
132	0
133	0
134	0
135	0
136	0
137	0
138	0
139	0
140	0
141	0
142	0
143	0
144	0
145	0
146	0
147	0
148	0
149	0
150	0
151	0
152	0
153	0
154	0
155	0
156	0
157	0
158	0
159	0
160	0
161	0
162	0
163	0
164	0
165	0
166	0
167	0
168	0
169	0
170	0
171	0
172	0
173	0
174	0
175	0
176	0
177	0
178	0
179	0
180	0
181	0
182	0
183	0
184	0
185	0
186	0
187	0
188	0
189	0
190	0
191	0
192	0
193	0
194	0
195	0
196	0
197	0
198	0
199	0
200	0
201	0
202	0
203	0
204	0
205	0
206	0
207	0
208	0
209	0
210	0
211	0
212	0
213	0
214	0
215	0
216	0
217	0
218	0
219	0
220	0
221	0
222	0
223	0
224	0
225	0
226	0
227	0
228	0
229	0
230	0
231	0
232	0
233	0
234	0
235	0
236	0
237	0
238	0
239	0
240	0
241	0
242	0
243	0
244	0
245	0
246	0
247	0
248	0
249	0
250	0
251	0
252	0
253	0
254	0
255	0
256	0
257	0
258	0
259	0
260	0
261	0
262	0
263	0
264	0
265	0
266	0
267	0
268	0
269	0
270	0
271	0
272	0
273	0
274	0
275	0
276	0
277	0
278	0
279	0
280	0
281	0
282	0
283	0
284	0
285	0
286	0
287	0
288	0
289	0
290	0
291	0
292	0
293	0
294	0
295	0
296	0
297	0
298	0
299	0
300	0
301	0
302	0
303	0
304	0
305	0
306	0
307	0
308	0
309	0
310	0
311	0
312	0
313	0
314	0
315	0
316	0
317	0
318	0
319	0
320	0
321	0
322	0
323	0
324	0
325	0
326	0
327	0
328	0
329	0
330	0
331	0
332	0
333	0
334	0
335	0
336	0
337	0
338	0
339	0
340	0
341	0
342	0
343	0
344	0
345	0
346	0
347	0
348	0
349	0
350	0
351	0
352	0
353	0
354	0
355	0
356	0
357	0
358	0
359	0
360	0
361	0
362	0
363	0
364	0
365	0
366	0
367	0
368	0
369	0
370	0
371	0
372	0
373	0
374	0
375	0
376	0
377	0
378	0
379	0
380	1525
381	3748
382	2786
383	6013
384	9107
385	15447
386	15742
387	15022
388	16549
389	17582
390	19508
391	18913
392	18463
393	16873
394	21552
395	17547
396	14919
397	13613
398	17898
399	14089
400	12460
401	12231
402	18693
403	25765
404	25168
405	21511
406	25005
407	31576
408	28322
409	35519
410	22260
411	24345
412	23292
413	24269
414	20918
415	23227
416	22119
417	20428
418	23345
419	24284
420	21666
421	26718
422	27434
423	21700
424	23714
425	27183
426	24745
427	23781
428	22899
429	27477
430	28856
431	24544
432	27909
433	27195
434	24789
435	25109
436	22033
437	21912
438	26060
439	21908
440	23871
441	21973
442	24972
443	24827
444	20706
445	33480
446	20707
447	19669
448	16945
449	18322
450	20693
451	18466
452	19187
453	18906
454	17017
455	17822
456	15297
457	15174
458	12432
459	13154
460	15109
461	14322
462	13906
463	15632
464	15773
465	17210
466	17232
467	20380
468	18674
469	18919
470	19055
471	18620
472	18104
473	18981
474	19672
475	18701
476	20168
477	20637
478	21909
479	19155
480	21888
481	21158
482	19949
483	18029
484	18054
485	19627
486	22421
487	18194
488	18222
489	18916
490	17358
491	23753
492	20060
493	22104
494	21832
495	18488
496	20126
497	21574
498	16302
499	17632
500	22808
501	25549
502	21199
503	21915
504	24961
505	26840
506	24940
507	21170
508	24309
509	26015
510	19998
511	21858
512	22299
513	25888
514	23826
515	25533
516	24094
517	27855
518	25084
519	31710
520	24466
521	20739
522	21074
523	16504
524	19359
525	18154
526	18969
527	20170
528	18115
529	17060
530	19688
531	18450
532	21888
533	34056
534	23166
535	28900
536	27814
537	24033
538	20671
539	22129
540	23525
541	24613
542	21463
543	18054
544	19402
545	20048
546	19564
547	20769
548	22398
549	25226
550	33171
551	33259
552	28383
553	24651
554	28858
555	30672
556	29065
557	28202
558	29960
559	34342
560	28320
561	27546
562	21711
563	22872
564	25594
565	25307
566	24469
567	23603
568	23601
569	21960
570	22906
571	26309
572	28244
573	27994
574	25692
575	21258
576	19123
577	28164
578	28291
579	29105
580	27351
581	27129
582	33756
583	30993
584	28459
585	25651
586	25534
587	26039
588	19630
589	17433
590	16057
591	17909
592	18729
593	16208
594	16058
595	17308
596	17389
597	17628
598	19043
599	22289
600	24138
601	23399
602	20925
603	27427
604	19745
605	24547
606	21870
607	18540
608	18360
609	21561
610	21998
611	21343
612	22742
613	24613
614	27101
615	22877
616	22001
617	23480
618	28404
619	29205
620	25360
621	28348
622	26178
623	28426
624	23809
625	28785
626	24808
627	24724
628	22240
629	19886
630	20252
631	21571
632	24008
633	23406
634	22812
635	20266
636	18543
637	16053
638	15175
639	17411
640	16127
641	11810
642	14970
643	15882
644	13808
645	14189
646	16871
647	18235
648	19364
649	18533
650	15657
651	16866
652	19097
653	20169
654	17730
655	20040
656	21254
657	25377
658	21487
659	25218
660	22309
661	24553
662	26459
663	21336
664	16455
665	15874
666	17836
667	22977
668	20495
669	20652
670	19609
671	18525
672	18645
673	19168
674	17248
675	16466
676	17284
677	16592
678	16911
679	16204
680	14832
681	15517
682	17786
683	17911
684	19644
685	18284
686	16151
687	18587
688	18482
689	15165
690	14211
691	12252
692	13215
693	11590
694	11699
695	10762
696	11374
697	10384
698	11429
699	11296
700	11476
701	12501
702	11446
703	12522
704	11587
705	10314
706	13066
707	11589
708	11187
709	11173
710	10077
711	10414
712	8650
713	8152
714	10694
715	8801
716	9655
717	8866
718	9152
719	8230
720	10053
721	9206
722	10232
723	9956
724	11598
725	17925
726	13430
727	15494
728	14853
729	16750
730	16696
731	17479
732	15957
733	24108
734	17841
735	17284
736	21894
737	16207
738	22099
739	18963
740	18471
741	15984
742	16969
743	15057
744	16562
745	18063
746	19850
747	23815
748	23214
749	19288
750	22487
751	19596
752	21552
753	18060
754	13603
755	11166
756	11489
757	11795
758	10661
759	12497
760	10998
761	10753
762	12398
763	11699
764	13328
765	13379
766	12116
767	13065
768	14854
769	18833
770	17706
771	13596
772	16041
773	14008
774	12725
775	13392
776	15598
777	15449
778	16548
779	14582
780	12434
781	12945
782	13221
783	13510
784	12759
785	15473
786	14970
787	13008
788	14238
789	17180
790	20245
791	17663
792	17956
793	18553
794	18492
795	16825
796	17375
797	15966
798	17695
799	17302
800	14782
801	18320
802	15937
803	17961
804	17844
805	14772
806	16601
807	19499
808	17399
809	16028
810	16312
811	18247
812	18686
813	20968
814	17386
815	20205
816	21547
817	18633
818	18495
819	22420
820	23242
821	22920
822	22790
823	21362
824	25400
825	28472
826	23337
827	31670
828	15654
829	24400
830	23579
831	26893
832	28430
833	30181
834	27517
835	25480
836	29246
837	30594
838	21454
839	30041
840	22010
841	27058
842	21827
843	22211
844	23618
845	22590
846	22931
847	22701
848	22293
849	23661
850	24296
851	28916
852	27212
853	21245
854	24630
855	21910
856	25941
857	25527
858	24830
859	21602
860	17390
861	20024
862	18842
863	21355
864	18782
865	17944
866	16824
867	18029
868	14430
869	14781
870	18294
871	19565
872	18804
873	18756
874	19498
875	17119
876	16806
877	17183
878	15708
879	14459
880	16267
881	15681
882	15124
883	13657
884	15239
885	15070
886	16621
887	13580
888	14628
889	17562
890	14818
891	20208
892	18125
893	19556
894	24140
895	24226
896	27566
897	29717
898	29455
899	35085
900	25488
901	22600
902	24218
903	24401
904	24401
905	23019
906	23409
907	26431
908	27156
909	30262
910	25003
911	26967
912	31294
913	31779
914	26846
915	25201
916	23846
917	32025
918	36200
919	27152
920	30134
921	24640
922	28083
923	27394
924	19616
925	24885
926	28340
927	24611
928	23506
929	26767
930	23054
931	21486
932	22310
933	29257
934	27223
935	25172
936	22452
937	28008
938	26403
939	21405
940	17210
941	24755
942	25264
943	25262
944	24069
945	23490
946	19595
947	19838
948	19362
949	19184
950	16546
951	16502
952	15174
953	20708
954	19717
955	15095
956	15663
957	14241
958	13595
959	11895
960	11432
961	11666
962	12657
963	13681
964	14409
965	15114
966	18971
967	14349
968	18274
969	20034
970	19638
971	21066
972	21827
973	23423
974	26197
975	24116
976	21419
977	21355
978	16645
979	19263
980	15786
981	22768
982	25001
983	23108
984	22752
985	19450
986	22279
987	22096
988	19761
989	23635
990	25764
991	19846
992	21796
993	25029
994	19037
995	22329
996	24128
997	27923
998	24911
999	20437
1000	25048
1001	22776
1002	25515
1003	29799
1004	34425
1005	26408
1006	27328
1007	26147
1008	31901
1009	26475
1010	27331
1011	29587
1012	21331
1013	25031
1014	26434
1015	28017
1016	25693
1017	24903
1018	24027
1019	22794
1020	22553
1021	21444
1022	19851
1023	26345
1024	22673
1025	27548
1026	22495
1027	23281
1028	23506
1029	23468
1030	22326
1031	23418
1032	27968
1033	26948
1034	22600
1035	21842
1036	25837
1037	28958
1038	24251
1039	20399
1040	22467
1041	26518
1042	24064
1043	25435
1044	24477
1045	21798
1046	27716
1047	32976
1048	29341
1049	28769
1050	26145
1051	30476
1052	22403
1053	28367
1054	26080
1055	25852
1056	9633
1057	15070
1058	19458
1059	22798
1060	25823
1061	11181
1062	4542
1063	20965
1064	21073
1065	22361
1066	22401
1067	22358
1068	19153
1069	20754
1070	20312
1071	18955
1072	18014
1073	15540
1074	16713
1075	13081
1076	15139
1077	12242
1078	10135
1079	10849
1080	10397
1081	11484
1082	8702
1083	9651
1084	9562
1085	9693
1086	9990
1087	8296
1088	8422
1089	8074
1090	9024
1091	9036
1092	7354
1093	9524
1094	8579
1095	8862
1096	7618
1097	9599
1098	8588
1099	9792
1100	8914
1101	7874
1102	9090
1103	8987
1104	9467
1105	10460
1106	8886
1107	7658
1108	9112
1109	11043
1110	8977
1111	7271
1112	9552
1113	8261
1114	8890
1115	7659
1116	8385
1117	7855
1118	8029
1119	7789
1120	8066
1121	7921
1122	8128
1123	8990
1124	7868
1125	7847
1126	7388
1127	8370
1128	9320
1129	7208
1130	8632
1131	8276
1132	7310
1133	7350
1134	8651
1135	9188
1136	7709
1137	7799
1138	8938
1139	9866
1140	8405
1141	8692
1142	7587
1143	8722
1144	8264
1145	9450
1146	8290
1147	8146
1148	6941
1149	7985
1150	7748
1151	8843
1152	7154
1153	6881
1154	3642
1155	8257
1156	8636
1157	7010
1158	6995
1159	7309
1160	9189
1161	8166
1162	9950
1163	8754
1164	8867
1165	7987
1166	8640
1167	10249
1168	10105
1169	9509
1170	8599
1171	8251
1172	9017
1173	9899
1174	9758
1175	7183
1176	10300
1177	8685
1178	8853
1179	8526
1180	10414
1181	8242
1182	8225
1183	9281
1184	8444
1185	9001
1186	9296
1187	9761
1188	10125
1189	8794
1190	9335
1191	9772
1192	9771
1193	10599
1194	11756
1195	12656
1196	12544
1197	17409
1198	18169
1199	20909
1200	21184
1201	22066
1202	18101
1203	17861
1204	21338
1205	17436
1206	20119
1207	17450
1208	17797
1209	20392
1210	18799
1211	17052
1212	21106
1213	19649
1214	25009
1215	25108
1216	23672
1217	23315
1218	21903
1219	21474
1220	18589
1221	18430
1222	18554
1223	22629
1224	17735
1225	11715
1226	10856
1227	11574
1228	10206
1229	11191
1230	9863
1231	9586
1232	8999
1233	9993
1234	8718
1235	8393
1236	7308
1237	9190
1238	9244
1239	9714
1240	8053
1241	7690
1242	8930
1243	8133
1244	9938
1245	10021
1246	8393
1247	6869
1248	9512
1249	8516
1250	7393
1251	8139
1252	9066
1253	8186
1254	10747
1255	9366
1256	9546
1257	8006
1258	8067
1259	8517
1260	7937
1261	8855
1262	8240
1263	7824
1264	8379
1265	7722
1266	8173
1267	8446
1268	8055
1269	6896
1270	7957
1271	8421
1272	16545
1273	7822
1274	8156
1275	8730
1276	9250
1277	8158
1278	7561
1279	8406
1280	9177
1281	8669
1282	9820
1283	8676
1284	7915
1285	6398
1286	5722
1287	7821
1288	9449
1289	8248
1290	10587
1291	13435
1292	13686
1293	12797
1294	9247
1295	12177
1296	12593
1297	11818
1298	11235
1299	10709
1300	8689
1301	8531
1302	9683
1303	9661
1304	9114
1305	8370
1306	8735
1307	7995
1308	9113
1309	8503
1310	10158
1311	8177
1312	8141
1313	9787
1314	8931
1315	9524
1316	8780
1317	8679
1318	9991
1319	8997
1320	9685
1321	7683
1322	9645
1323	10049
1324	10608
1325	8337
1326	9654
1327	9327
1328	10149
1329	10525
1330	10811
1331	10678
1332	11926
1333	10624
1334	12299
1335	12600
1336	12265
1337	12225
1338	11460
1339	11861
1340	10257
1341	11841
1342	12782
1343	11387
1344	12624
1345	11899
1346	11649
1347	9217
1348	11689
1349	12184
1350	15199
1351	12995
1352	14632
1353	15008
1354	16013
1355	14980
1356	13773
1357	11384
1358	13341
1359	12840
1360	11089
1361	12825
1362	10099
1363	10487
1364	9506
1365	9472
1366	11298
1367	9710
1368	10983
1369	11097
1370	8595
1371	8103
1372	9056
1373	9298
1374	9011
1375	10175
1376	8938
1377	10400
1378	8741
1379	9142
1380	9490
1381	10186
1382	12344
1383	12164
1384	10146
1385	11357
1386	11519
1387	11123
1388	10047
1389	9185
1390	9603
1391	10982
1392	10418
1393	9072
1394	9894
1395	11842
1396	11350
1397	11719
1398	11435
1399	12879
1400	10447
1401	12360
1402	12196
1403	15196
1404	13714
1405	11931
1406	11079
1407	11030
1408	11449
1409	9080
1410	8168
1411	9255
1412	8972
1413	7935
1414	7821
1415	7679
1416	8663
1417	10197
1418	8375
1419	7986
1420	9484
1421	8421
1422	10353
1423	9282
1424	8597
1425	7363
1426	8795
1427	7439
1428	8255
1429	8106
1430	7876
1431	9033
1432	9304
1433	9061
1434	9218
1435	9399
1436	8081
1437	10156
1438	8203
1439	8631
1440	8869
1441	7685
1442	7360
1443	7906
1444	8792
1445	8878
1446	8158
1447	9845
1448	10352
1449	10591
1450	10373
1451	11100
1452	11075
1453	10142
1454	11539
1455	9257
1456	8160
1457	8631
1458	9629
1459	9553
1460	10094
1461	11882
1462	10247
1463	11148
1464	15362
1465	16966
1466	18719
1467	20652
1468	17083
1469	17515
1470	18084
1471	22013
1472	22361
1473	23240
1474	24648
1475	19896
1476	19672
1477	16250
1478	15818
1479	19022
1480	15046
1481	17094
1482	16676
1483	16595
1484	15411
1485	14626
1486	13636
1487	13952
1488	9963
1489	10150
1490	11788
1491	10180
1492	10242
1493	12735
1494	11718
1495	11619
1496	10800
1497	10908
1498	10792
1499	9255
1500	8280
1501	10369
1502	10703
1503	11919
1504	11233
1505	11807
1506	15018
1507	15849
1508	16041
1509	16258
1510	18037
1511	15230
1512	14097
1513	13103
1514	14936
1515	14957
1516	17275
1517	15426
1518	21740
1519	19582
1520	19934
1521	23574
1522	22429
1523	20138
1524	19680
1525	17769
1526	15895
1527	16949
1528	17507
1529	18424
1530	17506
1531	19671
1532	15687
1533	11796
1534	12503
1535	12519
1536	12534
1537	10728
1538	9626
1539	10684
1540	13223
1541	11825
1542	10507
1543	9672
1544	12570
1545	13450
1546	14842
1547	16417
1548	15233
1549	21858
1550	23251
1551	25098
1552	20450
1553	17045
1554	18251
1555	17713
1556	17287
1557	21386
1558	21005
1559	15307
1560	20381
1561	17291
1562	17150
1563	15047
1564	11863
1565	10965
1566	12705
1567	12223
1568	11034
1569	10043
1570	9642
1571	10110
1572	10684
1573	11539
1574	11362
1575	9461
1576	8923
1577	10421
1578	9828
1579	9651
1580	11224
1581	10793
1582	15919
1583	18259
1584	21193
1585	15939
1586	15779
1587	13336
1588	13503
1589	13109
1590	12970
1591	13021
1592	12883
1593	11145
1594	11498
1595	16017
1596	18403
1597	17062
1598	16493
1599	21086
1600	23708
1601	23865
1602	22012
1603	16542
1604	15565
1605	12146
1606	10635
1607	9335
1608	9183
1609	12194
1610	11440
1611	11605
1612	13319
1613	11902
1614	11662
1615	13493
1616	13657
1617	16593
1618	19723
1619	14098
1620	12621
1621	27463
1622	66440
1623	80587
1624	73529
1625	74733
1626	64642
1627	65229
1628	71085
1629	26458
1630	7780
1631	11723
1632	9850
1633	8001
1634	9366
1635	9381
1636	10616
1637	11155
1638	11039
1639	9753
1640	9543
1641	9340
1642	8266
1643	7753
1644	8787
1645	8242
1646	7922
1647	7204
1648	7696
1649	10225
1650	7886
1651	8359
1652	8698
1653	9963
1654	8935
1655	9940
1656	9402
1657	10083
1658	9248
1659	8915
1660	8126
1661	9254
1662	8285
1663	9380
1664	8803
1665	8753
1666	9869
1667	11441
1668	9409
1669	11165
1670	14366
1671	13705
1672	13215
1673	15143
1674	12035
1675	10344
1676	9577
1677	9100
1678	10451
1679	9759
1680	9456
1681	8957
1682	9025
1683	8252
1684	11912
1685	10549
1686	9073
1687	7997
1688	7864
1689	9167
1690	7735
1691	8615
1692	8697
1693	8583
1694	9843
1695	9392
1696	7107
1697	8402
1698	8541
1699	8407
1700	9183
1701	8127
1702	7991
1703	8307
1704	8535
1705	8897
1706	8083
1707	8954
1708	8168
1709	10774
1710	9646
1711	6558
1712	8881
1713	9358
1714	8495
1715	8644
1716	9679
1717	7807
1718	9086
1719	9974
1720	8817
1721	9116
1722	9233
1723	9197
1724	7753
1725	7993
1726	8806
1727	8115
1728	8697
1729	7812
1730	6815
1731	7130
1732	8780
1733	8249
1734	7243
1735	1825
1736	0
1737	0
1738	6298
1739	8989
1740	8272
1741	7953
1742	7480
1743	7793
1744	6859
1745	6786
1746	8436
1747	7988
1748	9198
1749	10106
1750	10869
1751	11125
1752	7954
1753	10365
1754	9311
1755	9201
1756	9477
1757	8007
1758	9494
1759	8686
1760	9311
1761	8068
1762	8511
1763	8616
1764	8335
1765	7533
1766	7160
1767	6685
1768	9391
1769	7405
1770	8843
1771	8246
1772	7950
1773	8100
1774	7350
1775	9214
1776	8801
1777	7948
1778	8000
1779	6830
1780	7149
1781	8564
1782	7983
1783	7487
1784	7034
1785	7594
1786	7820
1787	9773
1788	8259
1789	7668
1790	7790
1791	7600
1792	8266
1793	8070
1794	7927
1795	7635
1796	7768
1797	7441
1798	7338
1799	7957
1800	9420
1801	9292
1802	8964
1803	7162
1804	8416
1805	8489
1806	10102
1807	8166
1808	16672
1809	64419
1810	66456
1811	61159
1812	58649
1813	59382
1814	57151
1815	66925
1816	63482
1817	65593
1818	71766
1819	62342
1820	69248
1821	73227
1822	69185
1823	63352
1824	75193
1825	66782
1826	68403
1827	71426
1828	65598
1829	74455
1830	74187
1831	67445
1832	74362
1833	81174
1834	83977
1835	66207
1836	87031
1837	90033
1838	90212
1839	78824
1840	93109
1841	90425
1842	77699
1843	78370
1844	84870
1845	70203
1846	83203
1847	77059
1848	73745
1849	37272
1850	8608
1851	9208
1852	8993
1853	9247
1854	9481
1855	8991
1856	9680
1857	9778
1858	14602
1859	83596
1860	79272
1861	72156
1862	60247
1863	68718
1864	76158
1865	58205
1866	60323
1867	8756
1868	8922
1869	9114
1870	8639
1871	8539
1872	11049
1873	10887
1874	9275
1875	9853
1876	8883
1877	101554
1878	105066
1879	99505
1880	52905
1881	9665
1882	10003
1883	8800
1884	9660
1885	9416
1886	8927
1887	8810
1888	9262
1889	9335
1890	8536
1891	9281
1892	10598
1893	11039
1894	11091
1895	11555
1896	10317
1897	12527
1898	13409
1899	14561
1900	15754
1901	18745
1902	20059
1903	21124
1904	26024
1905	22990
1906	27876
1907	21305
1908	22334
1909	19453
1910	19505
1911	21642
1912	21344
1913	22730
1914	26226
1915	27233
1916	27194
1917	30915
1918	35741
1919	31682
1920	32333
1921	30234
1922	26540
1923	23991
1924	19646
1925	22052
1926	22394
1927	20557
1928	22754
1929	20471
1930	17894
1931	18876
1932	18103
1933	18987
1934	17187
1935	14489
1936	15309
1937	16316
1938	9828
1939	11533
1940	12013
1941	13382
1942	12563
1943	14767
1944	12954
1945	10343
1946	12404
1947	12742
1948	14026
1949	16201
1950	15851
1951	17210
1952	22139
1953	17656
1954	19791
1955	26704
1956	27371
1957	28399
1958	28565
1959	26126
1960	24810
1961	22622
1962	22105
1963	22777
1964	21043
1965	18099
1966	18471
1967	16276
1968	18402
1969	17948
1970	21842
1971	22134
1972	24306
1973	21117
1974	24596
1975	25169
1976	22859
1977	25014
1978	24894
1979	23412
1980	24213
1981	29286
1982	28451
1983	27491
1984	32391
1985	27284
1986	29412
1987	26471
1988	29001
1989	26160
1990	23831
1991	26392
1992	28959
1993	28488
1994	29368
1995	29559
1996	33883
1997	30551
1998	28512
1999	29155
2000	30446
2001	30996
2002	30548
2003	29540
2004	27796
2005	27463
2006	23498
2007	24378
2008	24361
2009	27998
2010	22784
2011	27646
2012	21417
2013	24992
2014	24948
2015	25116
2016	23347
2017	21327
2018	20109
2019	21312
2020	22607
2021	20188
2022	24436
2023	22737
2024	25508
2025	34086
2026	26485
2027	17651
2028	19314
2029	19723
2030	16528
2031	16893
2032	15106
2033	16501
2034	16462
2035	16230
2036	12771
2037	9880
2038	10233
2039	8761
2040	8524
2041	11106
2042	11329
2043	8662
2044	8467
2045	8806
2046	10758
2047	9335
2048	10062
2049	9798
2050	9625
2051	10075
2052	10042
2053	10690
2054	9131
2055	10985
2056	10588
2057	10303
2058	10807
2059	11993
2060	12204
2061	10918
2062	10923
2063	13341
2064	22084
2065	21705
2066	21065
2067	24643
2068	22200
2069	20673
2070	18601
2071	17711
2072	14100
2073	11454
2074	11018
2075	10903
2076	11367
2077	11034
2078	11066
2079	8757
2080	9361
2081	8874
2082	9327
2083	10190
2084	8442
2085	9199
2086	8550
2087	8816
2088	9879
2089	9202
2090	7895
2091	7793
2092	9998
2093	9068
2094	8622
2095	8527
2096	7993
2097	8078
2098	9495
2099	9166
2100	10294
2101	8841
2102	9355
2103	9944
2104	9117
2105	9524
2106	10855
2107	8333
2108	9763
2109	10076
2110	10558
2111	8211
2112	8727
2113	8909
2114	9041
2115	8756
2116	6802
2117	8648
2118	9034
2119	9808
2120	8587
2121	10097
2122	9677
2123	9750
2124	10427
2125	9721
2126	9098
2127	8193
2128	10754
2129	11962
2130	10487
2131	12432
2132	10752
2133	10362
2134	12922
2135	12279
2136	11405
2137	9774
2138	11964
2139	12299
2140	14999
2141	15574
2142	17826
2143	16544
2144	18328
2145	17773
2146	13918
2147	11664
2148	11587
2149	13939
2150	13939
2151	10879
2152	10770
2153	10474
2154	11390
2155	10709
2156	11011
2157	10922
2158	10330
2159	10369
2160	12132
2161	9332
2162	9559
2163	9729
2164	8720
2165	8842
2166	9367
2167	10428
2168	11581
2169	9177
2170	138717
2171	113544
2172	121312
2173	46993
2174	9089
2175	9745
2176	16948
2177	16535
2178	15196
2179	16331
2180	15403
2181	13797
2182	15121
2183	15309
2184	15911
2185	17252
2186	19078
2187	18701
2188	16956
2189	15128
2190	17544
2191	18738
2192	15721
2193	14948
2194	15594
2195	16772
2196	13867
2197	14789
2198	14450
2199	15421
2200	15345
2201	14287
2202	15555
2203	16879
2204	15630
2205	20298
2206	22279
2207	29524
2208	22625
2209	20070
2210	20845
2211	21951
2212	18303
2213	19109
2214	20323
2215	22021
2216	24735
2217	21575
2218	20868
2219	21366
2220	19831
2221	24224
2222	30677
2223	35773
2224	33311
2225	29394
2226	24616
2227	26731
2228	23165
2229	26496
2230	25809
2231	27083
2232	29820
2233	24096
2234	22905
2235	21627
2236	24900
2237	22384
2238	21935
2239	22179
2240	19943
2241	20313
2242	19627
2243	20341
2244	22395
2245	17988
2246	17256
2247	1694
2248	0
2249	0
2250	16679
2251	19655
2252	17274
2253	17908
2254	14877
2255	18478
2256	18245
2257	19856
2258	13800
2259	13740
2260	20314
2261	20574
2262	20640
2263	22350
2264	23763
2265	26014
2266	30173
2267	29008
2268	21920
2269	22559
2270	25859
2271	24035
2272	20386
2273	23016
2274	14973
2275	23296
2276	22064
2277	25320
2278	31975
2279	27957
2280	26730
2281	25973
2282	27368
2283	19908
2284	24380
2285	22024
2286	11208
2287	0
2288	12061
2289	21796
2290	19478
2291	22309
2292	16832
2293	0
2294	4191
2295	19919
2296	18875
2297	19131
2298	22186
2299	24534
2300	28318
2301	33486
2302	5897
2303	0
