	K562_combined
0	24243
1	21913
2	21516
3	22685
4	20345
5	25790
6	0
7	2177
8	23384
9	24240
10	20829
11	27885
12	33883
13	30358
14	30208
15	31707
16	29256
17	32486
18	26211
19	29099
20	30166
21	32071
22	31342
23	29754
24	33450
25	35522
26	36490
27	33574
28	39564
29	33146
30	34212
31	32945
32	33364
33	38610
34	31978
35	30844
36	34855
37	37437
38	33774
39	30751
40	34309
41	34574
42	33558
43	31187
44	31660
45	30271
46	31320
47	26133
48	32858
49	31696
50	27038
51	24769
52	33478
53	33120
54	29920
55	31322
56	29514
57	26241
58	24956
59	13197
60	20845
61	17956
62	16388
63	16594
64	18257
65	19204
66	21321
67	22695
68	29707
69	33987
70	34004
71	36598
72	38543
73	34376
74	31047
75	34566
76	37895
77	37532
78	31984
79	30301
80	32785
81	32477
82	56186
83	29993
84	27791
85	33620
86	33680
87	32505
88	29361
89	33512
90	35505
91	31601
92	35672
93	35352
94	34771
95	28292
96	36002
97	37129
98	32282
99	30847
100	27857
101	26419
102	34354
103	32347
104	25834
105	28526
106	30164
107	30327
108	34489
109	33053
110	31679
111	25338
112	26191
113	25555
114	23932
115	24410
116	25960
117	24100
118	23189
119	27044
120	59816
121	23244
122	24131
123	27787
124	27472
125	30323
126	32881
127	35576
128	30178
129	28794
130	27449
131	31070
132	30549
133	33089
134	29877
135	32991
136	34901
137	29983
138	40642
139	33273
140	32435
141	29816
142	34584
143	32938
144	34588
145	34574
146	30704
147	33702
148	30692
149	33495
150	39691
151	35757
152	37513
153	36037
154	38834
155	33751
156	33981
157	33126
158	35907
159	41587
160	43416
161	40930
162	42556
163	36578
164	41137
165	37506
166	37283
167	29270
168	32709
169	24809
170	30841
171	29676
172	30596
173	30467
174	26378
175	30474
176	23418
177	23234
178	21594
179	24635
180	21464
181	26002
182	24449
183	24917
184	25390
185	21491
186	23200
187	25437
188	22272
189	23291
190	19097
191	21883
192	22515
193	23768
194	21936
195	21032
196	23604
197	23111
198	23511
199	22075
200	24046
201	24394
202	23151
203	20922
204	25375
205	20727
206	15873
207	15763
208	15908
209	20365
210	24558
211	23885
212	22517
213	24237
214	25914
215	18315
216	17382
217	15679
218	13984
219	16428
220	15894
221	15394
222	14707
223	16685
224	16811
225	14514
226	16102
227	16229
228	16365
229	16763
230	22332
231	16240
232	21827
233	21351
234	22228
235	23577
236	26669
237	22862
238	24942
239	22304
240	21556
241	22397
242	21740
243	18846
244	18488
245	18180
246	19515
247	15174
248	16603
249	17233
250	18251
251	17724
252	20733
253	21351
254	17386
255	17842
256	19834
257	22623
258	28306
259	21333
260	19331
261	17508
262	18174
263	20009
264	21237
265	21532
266	25317
267	24094
268	31892
269	28457
270	24982
271	18233
272	20842
273	18749
274	22657
275	19646
276	23009
277	24756
278	21758
279	24116
280	20034
281	17445
282	21955
283	21352
284	26791
285	26205
286	23588
287	22777
288	20871
289	22972
290	18228
291	18187
292	17611
293	21549
294	18118
295	19439
296	21666
297	21298
298	22558
299	22408
300	25199
301	27079
302	26547
303	29133
304	25182
305	25634
306	31564
307	26110
308	25595
309	16691
310	17265
311	25047
312	15436
313	16439
314	19398
315	19153
316	31747
317	34223
318	29918
319	22523
320	23710
321	24766
322	32208
323	32963
324	32985
325	36031
326	37284
327	30613
328	29104
329	25019
330	23151
331	20580
332	9030
333	20491
334	28044
335	21913
336	28360
337	27695
338	34268
339	33322
340	31388
341	29483
342	64566
343	31591
344	32523
345	34929
346	36483
347	32299
348	30579
349	35796
350	38314
351	38380
352	30237
353	28847
354	31486
355	36383
356	33036
357	32599
358	35029
359	36035
360	36259
361	41910
362	30858
363	31989
364	30320
365	25371
366	5053
367	1762
368	703
369	6720
370	10912
371	14662
372	16281
373	18642
374	13358
375	28681
376	30763
377	28534
378	20521
379	1816
380	2287
381	781
382	5930
383	32201
384	26441
385	33677
386	27047
387	30344
388	30710
389	27560
390	20868
391	24428
392	27538
393	24524
394	23034
395	28656
396	25569
397	30708
398	24916
399	27571
400	26558
401	26524
402	28948
403	24524
404	17394
405	9536
406	9874
407	7235
408	6161
409	18689
410	17168
411	15937
412	20910
413	24507
414	22068
415	23340
416	20101
417	27783
418	30796
419	28793
420	32452
421	29354
422	36477
423	35392
424	58481
425	29347
426	55850
427	31767
428	25155
429	19749
430	36932
431	12952
432	0
433	2316
434	22643
435	15094
436	23757
437	20370
438	28510
439	19761
440	15592
441	10939
442	9174
443	7724
444	21398
445	47219
446	0
447	0
448	0
449	0
450	0
451	0
452	0
453	0
454	0
455	0
456	0
457	0
458	0
459	0
460	0
461	0
462	0
463	0
464	0
465	0
466	0
467	0
468	0
469	0
470	0
471	0
472	0
473	0
474	0
475	0
476	0
477	0
478	0
479	0
480	0
481	0
482	0
483	0
484	0
485	0
486	0
487	0
488	0
489	0
490	0
491	0
492	0
493	0
494	0
495	0
496	0
497	0
498	0
499	0
500	0
501	0
502	0
503	0
504	0
505	44400
506	34035
507	26260
508	28766
509	20457
510	23585
511	38105
512	44072
513	54823
514	55095
515	51381
516	47676
517	56908
518	56525
519	48871
520	35207
521	38531
522	44674
523	34480
524	48077
525	52556
526	48986
527	44597
528	31930
529	33003
530	45647
531	50398
532	38678
533	46879
534	47559
535	40205
536	50286
537	51516
538	67563
539	68027
540	67149
541	64445
542	63985
543	74582
544	68065
545	61024
546	44279
547	49691
548	42602
549	51991
550	43951
551	43773
552	44411
553	43998
554	44940
555	38464
556	36510
557	41906
558	45359
559	46303
560	40973
561	35003
562	41945
563	39748
564	34337
565	36272
566	34737
567	34546
568	43218
569	35067
570	45264
571	40072
572	43296
573	43555
574	38088
575	33043
576	38003
577	43929
578	29578
579	26988
580	42526
581	36605
582	39408
583	38111
584	40634
585	44976
586	37625
587	35286
588	41353
589	34906
590	32863
591	27603
592	32444
593	31826
594	38381
595	48151
596	50969
597	44798
598	40805
599	35805
600	38712
601	38976
602	44278
603	41300
604	46327
605	42318
606	34792
607	28319
608	35234
609	46458
610	36003
611	45565
612	49909
613	40778
614	39715
615	46044
616	38896
617	41566
618	38194
619	35259
620	30557
621	30329
622	36817
623	36912
624	41305
625	45643
626	42155
627	40998
628	39717
629	34582
630	42609
631	37041
632	29668
633	39312
634	35093
635	33932
636	42650
637	34424
638	33033
639	35085
640	36967
641	36808
642	40196
643	42267
644	46384
645	49690
646	37053
647	29972
648	32115
649	35613
650	29536
651	31146
652	33732
653	32720
654	40936
655	37853
656	30413
657	32265
658	36447
659	40973
660	31362
661	36212
662	38688
663	35610
664	43612
665	36889
666	50750
667	44342
668	44994
669	49815
670	33619
671	33316
672	36850
673	37302
674	27679
675	36032
676	38202
677	46734
678	40231
679	37333
680	37672
681	47075
682	41255
683	42924
684	46536
685	44279
686	40003
687	33080
688	29770
689	26950
690	1426
691	986
692	1968
693	692
694	1470
695	5166
696	27448
697	38097
698	38783
699	45450
700	42257
701	41174
702	42853
703	43040
704	42530
705	38149
706	34399
707	35241
708	40339
709	41468
710	35475
711	31467
712	40592
713	39684
714	48035
715	43993
716	36846
717	37605
718	36512
719	39064
720	36801
721	40851
722	34501
723	44881
724	30799
725	11039
726	23308
727	62637
728	33154
729	38452
730	40341
731	49161
732	40386
733	39542
734	45115
735	42840
736	51381
737	50315
738	51794
739	47284
740	50588
741	42624
742	42876
743	47867
744	47002
745	51401
746	48166
747	49185
748	41966
749	40817
750	45621
751	43591
752	48651
753	39860
754	45285
755	48897
756	49416
757	46963
758	45448
759	41713
760	36558
761	50861
762	55413
763	51907
764	46000
765	49356
766	46091
767	45021
768	46023
769	45397
770	46719
771	52765
772	52159
773	53790
774	41879
775	45969
776	35292
777	34827
778	35482
779	40928
780	34907
781	36198
782	35687
783	25457
784	24834
785	23435
786	29908
787	27944
788	26710
789	39070
790	40223
791	41636
792	49454
793	60251
794	56966
795	91370
796	53946
797	49889
798	45724
799	54544
800	47953
801	53431
802	51859
803	51952
804	50714
805	57071
806	49772
807	41889
808	50431
809	51790
810	49455
811	53217
812	47321
813	50469
814	55465
815	53438
816	48317
817	49533
818	54249
819	49696
820	49976
821	49618
822	46868
823	56071
824	42547
825	42648
826	41014
827	82899
828	89748
829	62832
830	41943
831	50953
832	51758
833	53909
834	47658
835	50244
836	46244
837	49002
838	52730
839	49235
840	53807
841	53821
842	50682
843	59359
844	61345
845	43616
846	57708
847	56353
848	53699
849	49698
850	42823
851	51202
852	53746
853	50234
854	44063
855	49499
856	48442
857	50668
858	54478
859	52743
860	49322
861	54185
862	59305
863	50778
864	54934
865	54826
866	54952
867	61224
868	58288
869	47168
870	35491
871	21587
872	11264
873	42065
874	44042
875	42699
876	39956
877	43229
878	46082
879	51811
880	50031
881	49925
882	45585
883	57720
884	69855
885	63351
886	51745
887	26016
888	1815
889	942
890	166
891	8044
892	4224
893	2494
894	2366
895	13751
896	40989
897	52070
898	47832
899	45600
900	52726
901	41149
902	22639
903	45075
904	42540
905	51370
906	49417
907	57629
908	34464
909	28506
910	32516
911	38410
912	30622
913	32467
914	48832
915	49882
916	44464
917	48772
918	65136
919	60063
920	59783
921	60183
922	49645
923	50835
924	50720
925	43087
926	43426
927	41579
928	39188
929	40952
930	51822
931	61696
932	49444
933	46724
934	50692
935	53330
936	51337
937	49422
938	47432
939	53251
940	54956
941	45124
942	48099
943	52029
944	46032
945	53638
946	52806
947	49512
948	49211
949	54285
950	47865
951	50640
952	51100
953	56252
954	42746
955	58774
956	60301
957	50906
958	53003
959	51121
960	49545
961	46876
962	48301
963	46635
964	49284
965	51386
966	43338
967	54046
968	49694
969	53440
970	56197
971	55639
972	51795
973	52899
974	54598
975	49524
976	45718
977	53864
978	50786
979	53284
980	57857
981	38336
982	36087
983	46613
984	56879
985	40815
986	42744
987	36432
988	39755
989	37034
990	33906
991	28660
992	29333
993	25338
994	26880
995	24458
996	23820
997	25116
998	22093
999	17897
1000	17724
1001	18167
1002	18873
1003	18075
1004	19121
1005	16763
1006	17788
1007	16884
1008	16543
1009	14586
1010	16927
1011	16798
1012	17505
1013	16515
1014	14231
1015	14398
1016	15868
1017	15313
1018	14931
1019	15725
1020	17341
1021	15148
1022	15117
1023	15753
1024	14132
1025	17192
1026	16215
1027	13664
1028	16775
1029	16791
1030	19771
1031	16749
1032	15995
1033	19483
1034	21337
1035	21263
1036	20276
1037	20374
1038	20786
1039	18572
1040	15619
1041	16282
1042	18386
1043	19808
1044	17788
1045	18769
1046	15729
1047	19239
1048	16474
1049	15729
1050	19133
1051	16929
1052	19169
1053	16911
1054	19658
1055	18918
1056	24670
1057	29173
1058	33291
1059	32639
1060	37302
1061	32699
1062	23837
1063	30917
1064	31609
1065	31834
1066	38985
1067	43669
1068	44263
1069	39185
1070	50550
1071	35400
1072	37449
1073	32669
1074	39014
1075	37407
1076	42348
1077	39991
1078	32339
1079	25010
1080	24762
1081	25163
1082	25363
1083	26031
1084	24956
1085	25842
1086	23533
1087	24247
1088	23788
1089	20796
1090	27742
1091	29996
1092	35293
1093	34293
1094	37967
1095	41401
1096	40823
1097	40169
1098	41349
1099	52357
1100	48546
1101	52737
1102	51480
1103	58050
1104	48114
1105	50793
1106	45523
1107	50371
1108	52344
1109	50079
1110	50617
1111	44909
1112	50219
1113	42679
1114	51397
1115	38613
1116	49076
1117	46440
1118	54478
1119	49674
1120	50225
1121	44606
1122	47396
1123	42514
1124	36284
1125	53186
1126	47464
1127	47101
1128	53498
1129	49693
1130	41924
1131	50204
1132	49188
1133	52546
1134	53056
1135	48786
1136	39633
1137	43576
1138	41474
1139	35829
1140	35379
1141	37034
1142	36013
1143	43657
1144	39469
1145	45351
1146	38368
1147	50705
1148	46936
1149	48223
1150	54801
1151	47839
1152	43909
1153	27150
1154	40007
1155	44552
1156	44079
1157	44041
1158	54454
1159	49912
1160	36643
1161	18854
1162	28790
1163	35511
1164	42092
1165	33692
1166	40338
1167	38455
1168	40412
1169	48524
1170	40027
1171	38166
1172	47440
1173	46688
1174	42016
1175	42910
1176	35936
1177	36249
1178	29346
1179	25551
1180	30277
1181	28357
1182	32169
1183	29826
1184	35464
1185	36179
1186	35294
1187	36416
1188	42093
1189	36702
1190	38655
1191	36134
1192	33725
1193	39244
1194	32850
1195	30773
1196	33809
1197	31229
1198	35935
1199	35890
1200	39580
1201	37091
1202	37945
1203	45540
1204	47847
1205	47711
1206	30475
1207	26277
1208	32397
1209	39163
1210	44947
1211	37106
1212	35282
1213	37817
1214	53070
1215	51199
1216	47786
1217	40777
1218	39562
1219	39618
1220	40150
1221	31478
1222	32164
1223	30236
1224	33616
1225	31606
1226	36806
1227	33411
1228	39853
1229	49479
1230	52136
1231	56363
1232	58878
1233	54440
1234	49052
1235	48685
1236	40911
1237	44222
1238	53253
1239	44077
1240	54659
1241	50890
1242	47929
1243	50212
1244	45796
1245	43035
1246	47675
1247	52191
1248	11166
1249	31628
1250	36138
1251	37668
1252	40625
1253	43239
1254	46290
1255	33898
1256	29614
1257	17304
1258	36451
1259	48378
1260	42571
1261	50057
1262	52836
1263	50924
1264	43185
1265	40833
1266	32186
1267	32013
1268	31944
1269	36363
1270	39599
1271	41826
1272	35454
1273	32175
1274	27360
1275	29162
1276	20449
1277	23109
1278	21681
1279	20529
1280	25041
1281	25561
1282	26916
1283	36051
1284	46818
1285	48902
1286	45516
1287	33622
1288	36443
1289	35715
1290	43528
1291	42844
1292	39391
1293	44718
1294	41227
1295	43138
1296	33668
1297	37721
1298	46996
1299	42339
1300	46218
1301	38393
1302	34870
1303	34390
1304	42191
1305	48231
1306	41661
1307	49434
1308	44682
1309	40894
1310	43067
1311	41956
1312	44355
1313	41889
1314	44536
1315	56724
1316	42953
1317	37247
1318	37158
1319	41837
1320	47829
1321	44412
1322	44983
1323	37924
1324	39755
1325	45527
1326	43120
1327	45564
1328	40716
1329	41668
1330	38743
1331	38821
1332	31523
1333	30265
1334	33653
1335	37725
1336	35528
1337	29517
1338	28350
1339	33635
1340	35516
1341	34967
1342	29116
1343	29567
1344	30220
1345	27219
1346	28089
1347	34488
1348	26998
1349	26688
1350	24844
1351	24099
1352	20937
1353	19285
1354	21292
1355	23828
1356	22725
1357	26481
1358	24094
1359	26286
1360	26228
1361	24460
1362	25556
1363	19544
1364	19910
1365	19105
1366	19834
1367	17638
1368	17187
1369	15065
1370	16619
1371	16500
1372	17333
1373	17945
1374	15091
1375	15105
1376	16264
1377	15973
1378	17804
1379	16317
1380	15824
1381	15102
1382	15760
1383	14401
1384	14727
1385	16521
1386	17721
1387	16181
1388	16163
1389	16916
1390	18638
1391	15307
1392	16227
1393	16234
1394	16690
1395	18726
1396	18270
1397	18682
1398	21755
1399	20828
1400	17849
1401	20458
1402	23399
1403	27844
1404	26331
1405	26033
1406	29175
1407	31061
1408	31338
1409	34301
1410	32048
1411	39766
1412	42738
1413	43702
1414	46998
1415	41250
1416	39990
1417	39264
1418	43308
1419	41111
1420	46202
1421	51047
1422	41857
1423	50618
1424	50548
1425	54159
1426	52935
1427	45645
1428	41100
1429	40954
1430	38322
1431	39895
1432	32236
1433	34877
1434	38590
1435	38521
1436	33671
1437	41610
1438	32932
1439	38990
1440	42822
1441	39360
1442	39998
1443	48112
1444	51099
1445	50069
1446	49591
1447	54222
1448	53149
1449	50844
1450	46760
1451	45165
1452	46895
1453	46863
1454	57675
1455	51278
1456	46079
1457	57977
1458	51885
1459	56667
1460	55062
1461	58355
1462	58016
1463	53668
1464	56402
1465	51817
1466	52736
1467	49007
1468	55219
1469	50374
1470	55317
1471	57528
1472	45452
1473	55664
1474	50963
1475	47304
1476	45752
1477	51809
1478	54720
1479	53277
1480	53630
1481	42692
1482	49252
1483	52103
1484	48943
1485	53200
1486	48910
1487	54086
1488	50107
1489	52901
1490	56409
1491	55134
1492	44850
1493	55067
1494	48565
1495	52195
1496	55271
1497	51131
1498	47423
1499	48380
1500	49616
1501	54477
1502	52852
1503	45846
1504	48071
1505	51375
1506	52688
1507	50888
1508	53879
1509	43207
1510	47982
1511	47370
1512	45772
1513	42695
1514	45574
1515	43880
1516	48439
1517	50778
1518	42671
1519	45562
1520	48557
1521	46140
1522	46448
1523	52334
1524	49297
1525	61750
1526	59140
1527	50457
1528	59895
1529	57689
1530	53721
1531	52441
1532	53050
1533	46908
1534	45412
1535	48358
1536	50596
1537	57162
1538	57153
1539	49976
1540	47090
1541	37381
1542	39730
1543	33528
1544	31595
1545	35909
1546	37072
1547	38540
1548	29787
1549	6941
1550	13710
1551	184
1552	12569
1553	41337
1554	53576
1555	46992
1556	45371
1557	48226
1558	45536
1559	40776
1560	49394
1561	48048
1562	45493
1563	43680
1564	50309
1565	38384
1566	47599
1567	51043
1568	48842
1569	41742
1570	54208
1571	48708
1572	44102
1573	41514
1574	41673
1575	54846
1576	43086
1577	39971
1578	39064
1579	50622
1580	44447
1581	42247
1582	38952
1583	36812
1584	35836
1585	47033
1586	50631
1587	35880
1588	34046
1589	39264
1590	42523
1591	47968
1592	50710
1593	39762
1594	9624
1595	33557
1596	48853
1597	43847
1598	48434
1599	35602
1600	27278
1601	42179
1602	43963
1603	45075
1604	44554
1605	41812
1606	43135
1607	40751
1608	47951
1609	52379
1610	42823
1611	40374
1612	44189
1613	42130
1614	44860
1615	37188
1616	38038
1617	34513
1618	32904
1619	34796
1620	39117
1621	33197
1622	8241
1623	4371
