	K562_combined
0	0
1	19649
2	3187
3	35888
4	29861
5	29653
6	27290
7	26726
8	22872
9	26136
10	27343
11	29428
12	30927
13	37230
14	34081
15	33972
16	32418
17	28580
18	26583
19	24929
20	30681
21	32751
22	28784
23	23318
24	27391
25	26479
26	26998
27	26406
28	28088
29	28578
30	29086
31	29590
32	33355
33	34974
34	36078
35	38204
36	30462
37	31395
38	34474
39	33028
40	29525
41	22354
42	24150
43	23884
44	22869
45	24107
46	22573
47	29161
48	21719
49	26545
50	25364
51	25891
52	27103
53	25799
54	26840
55	25816
56	22707
57	28406
58	35123
59	35410
60	29844
61	34040
62	33232
63	34187
64	32316
65	29121
66	29521
67	24378
68	23589
69	24374
70	20295
71	22840
72	18995
73	25037
74	26311
75	27832
76	26812
77	23960
78	22828
79	23772
80	25354
81	24609
82	23969
83	26095
84	29433
85	29529
86	28116
87	27666
88	27565
89	25352
90	28443
91	22248
92	21035
93	22327
94	24129
95	25235
96	26540
97	22983
98	22378
99	23524
100	23929
101	22683
102	24338
103	24303
104	23100
105	24601
106	28002
107	20855
108	21094
109	19872
110	22961
111	25765
112	21253
113	24212
114	26779
115	25271
116	23535
117	22359
118	23213
119	25087
120	23121
121	26424
122	23744
123	30463
124	30863
125	31350
126	32941
127	38196
128	33512
129	33659
130	32419
131	34854
132	33408
133	33982
134	35595
135	35823
136	34645
137	34902
138	34269
139	35924
140	37568
141	36769
142	37514
143	29523
144	9397
145	37926
146	30362
147	31449
148	28350
149	26476
150	22079
151	19506
152	22567
153	23709
154	21657
155	23358
156	28775
157	30584
158	30313
159	28507
160	32043
161	32657
162	34460
163	37249
164	30365
165	28740
166	20107
167	36619
168	23296
169	20599
170	19120
171	7648
172	17909
173	19258
174	21642
175	25043
176	29065
177	26940
178	23328
179	26973
180	29811
181	27266
182	22976
183	22791
184	20963
185	22504
186	21914
187	20092
188	19676
189	22852
190	27816
191	13817
192	14011
193	1180
194	6070
195	22492
196	28023
197	24396
198	23827
199	22867
200	21902
201	23759
202	17860
203	21464
204	19004
205	24804
206	23660
207	24957
208	18968
209	15783
210	18857
211	9086
212	20369
213	18149
214	18837
215	23693
216	25054
217	21703
218	21593
219	18995
220	21821
221	20626
222	22642
223	19665
224	12476
225	21495
226	23967
227	21080
228	17032
229	19015
230	4133
231	22375
232	22219
233	23216
234	26201
235	27997
236	31707
237	28424
238	27269
239	33608
240	29589
241	26058
242	29066
243	32174
244	30952
245	24630
246	25461
247	26150
248	29056
249	31850
250	31800
251	24049
252	28566
253	27707
254	27750
255	26407
256	30779
257	35649
258	31479
259	34045
260	33679
261	36588
262	28648
263	28591
264	28690
265	28240
266	24405
267	25378
268	23850
269	22040
270	18454
271	17910
272	17357
273	19356
274	16412
275	16745
276	15084
277	16246
278	19088
279	16899
280	16675
281	16573
282	17494
283	16007
284	15816
285	17564
286	21785
287	26375
288	30298
289	24369
290	24030
291	19170
292	21377
293	20646
294	26584
295	20154
296	20341
297	18293
298	17484
299	20892
300	20408
301	19376
302	21311
303	15446
304	14167
305	11800
306	13288
307	15343
308	15407
309	14676
310	12514
311	13524
312	12780
313	14104
314	13022
315	12576
316	12719
317	12427
318	12452
319	15572
320	16535
321	18829
322	16390
323	14293
324	12958
325	12871
326	13227
327	13116
328	12053
329	14928
330	13173
331	12093
332	11637
333	9367
334	11154
335	9112
336	9053
337	10152
338	10032
339	11109
340	9740
341	10787
342	9539
343	10086
344	9750
345	10861
346	9075
347	10625
348	8541
349	9895
350	9588
351	9481
352	9905
353	10355
354	9547
355	8841
356	9702
357	9814
358	10090
359	8835
360	10220
361	10222
362	10870
363	12190
364	11966
365	11042
366	12347
367	12030
368	12648
369	11298
370	14462
371	14449
372	13033
373	15973
374	16230
375	14647
376	17296
377	17484
378	17739
379	20428
380	18223
381	19046
382	17758
383	19912
384	22445
385	22826
386	19211
387	21126
388	21151
389	22140
390	26743
391	26764
392	24125
393	20561
394	18412
395	17762
396	13837
397	13727
398	12490
399	11258
400	11131
401	11818
402	12180
403	10164
404	10703
405	11070
406	10045
407	11487
408	10902
409	9650
410	10050
411	10723
412	9673
413	10597
414	9595
415	10917
416	9464
417	9300
418	10727
419	11136
420	9395
421	11543
422	10993
423	10727
424	10797
425	9646
426	12666
427	12647
428	14568
429	20354
430	20587
431	20831
432	19462
433	21442
434	18723
435	21908
436	22175
437	17637
438	18175
439	18246
440	15586
441	17657
442	19395
443	23028
444	21587
445	18638
446	17354
447	15387
448	16667
449	18676
450	17845
451	14138
452	16827
453	22575
454	30945
455	32745
456	24879
457	26165
458	26240
459	26089
460	29108
461	27706
462	26658
463	27151
464	22600
465	25687
466	26773
467	27251
468	24564
469	28402
470	28196
471	36471
472	32231
473	31128
474	34520
475	27397
476	25658
477	33133
478	25409
479	30297
480	28398
481	26829
482	26768
483	27634
484	24129
485	27926
486	25950
487	27580
488	24650
489	26380
490	26221
491	28287
492	24912
493	24279
494	29195
495	25081
496	29684
497	31963
498	34231
499	35512
500	35880
501	39627
502	40913
503	33203
504	33467
505	31058
506	32247
507	24808
508	28249
509	32332
510	29455
511	26029
512	23896
513	17569
514	23399
515	26105
516	28911
517	26699
518	27660
519	22767
520	23570
521	28610
522	27712
523	25239
524	25170
525	29066
526	27267
527	28460
528	38789
529	31866
530	33967
531	24423
532	26340
533	25257
534	28301
535	31399
536	33688
537	30178
538	28866
539	31277
540	37350
541	37312
542	34395
543	37607
544	34681
545	27962
546	33174
547	37541
548	32169
549	30138
550	31380
551	30027
552	31492
553	38605
554	34426
555	30536
556	32216
557	35536
558	40781
559	42184
560	37347
561	37899
562	33639
563	33380
564	29287
565	28637
566	31054
567	28084
568	27504
569	22491
570	26818
571	25455
572	24410
573	25076
574	28962
575	25711
576	23223
577	21836
578	24879
579	24227
580	21909
581	23128
582	19512
583	23076
584	25456
585	27026
586	28111
587	28822
588	29099
589	26511
590	27704
591	25341
592	27981
593	23938
594	24290
595	23668
596	23731
597	24980
598	18502
599	18213
600	20542
601	21158
602	17055
603	17614
604	19298
605	21943
606	25595
607	21392
608	23063
609	27098
610	24996
611	22959
612	26415
613	32277
614	27021
615	27283
616	27466
617	31074
618	28624
619	36506
620	32938
621	35270
622	33603
623	33009
624	31122
625	26142
626	17591
627	38537
628	38583
629	43835
630	45418
631	40154
632	38588
633	35336
634	36989
635	37574
636	47417
637	48254
638	43124
639	43164
640	41637
641	45300
642	44705
643	49930
644	44799
645	42476
646	40388
647	37035
648	44976
649	38537
650	37704
651	35463
652	37266
653	31604
654	33235
655	34172
656	39595
657	30588
658	36945
659	28936
660	34770
661	34277
662	28292
663	21153
664	23944
665	20022
666	18289
667	18708
668	19451
669	20289
670	20171
671	26500
672	25421
673	26357
674	26463
675	23396
676	26455
677	20392
678	22976
679	24155
680	17522
681	21352
682	18390
683	23865
684	34901
685	28291
686	22748
687	35626
688	27381
689	41853
690	27876
691	10052
692	9381
693	9122
694	7924
695	16629
696	21537
697	8562
698	0
699	0
700	0
701	0
702	0
703	0
704	0
705	0
706	0
707	0
708	0
709	0
710	0
711	0
712	0
713	0
714	0
715	0
716	0
717	0
718	0
719	0
720	0
721	0
722	0
723	0
724	0
725	0
726	0
727	0
728	0
729	0
730	0
731	0
732	0
733	0
734	0
735	0
736	0
737	0
738	0
739	0
740	0
741	0
742	0
743	0
744	0
745	0
746	0
747	0
748	0
749	0
750	0
751	0
752	0
753	0
754	0
755	0
756	0
757	9664
758	14434
759	16163
760	17017
761	12235
762	9809
763	10092
764	6629
765	8292
766	6146
767	6669
768	10021
769	14530
770	20169
771	15412
772	13887
773	15597
774	15409
775	12060
776	14798
777	16990
778	15921
779	16092
780	15225
781	18619
782	16169
783	17982
784	18486
785	17638
786	19094
787	15536
788	15835
789	19097
790	18378
791	18922
792	17580
793	24971
794	24332
795	25842
796	31836
797	24503
798	25894
799	20924
800	23235
801	22645
802	17452
803	19179
804	21451
805	19612
806	22863
807	20934
808	29077
809	26988
810	23255
811	19923
812	15643
813	13770
814	16220
815	16505
816	15261
817	26117
818	13516
819	16561
820	17228
821	15729
822	13786
823	14549
824	15016
825	15577
826	17752
827	15642
828	14961
829	14837
830	15722
831	14754
832	16810
833	17437
834	16080
835	14986
836	17779
837	18163
838	17107
839	16511
840	15271
841	14333
842	16829
843	16999
844	17006
845	21702
846	20745
847	22767
848	25269
849	30223
850	34123
851	32784
852	31956
853	37203
854	35135
855	30332
856	37557
857	35182
858	35959
859	31531
860	26257
861	22505
862	23279
863	22969
864	22086
865	16817
866	20547
867	20742
868	16747
869	17102
870	18817
871	16523
872	16991
873	20441
874	18168
875	16375
876	16489
877	15209
878	16157
879	26215
880	19920
881	21156
882	26969
883	31997
884	33250
885	31426
886	24463
887	23288
888	18448
889	17243
890	14314
891	15314
892	16413
893	17387
894	17213
895	18008
896	16689
897	15307
898	16108
899	17216
900	13593
901	15532
902	13271
903	13455
904	15682
905	18138
906	17621
907	18002
908	20937
909	23357
910	25349
911	38099
912	39378
913	38280
914	30836
915	31620
916	34037
917	31254
918	26895
919	28954
920	33274
921	28718
922	35986
923	31230
924	28239
925	35378
926	32776
927	39958
928	31990
929	30092
930	29656
931	37736
932	37749
933	39546
934	33023
935	32954
936	36401
937	36042
938	39023
939	32726
940	31912
941	35162
942	27422
943	27916
944	28654
945	25951
946	26797
947	29908
948	32371
949	28223
950	37379
951	38565
952	50236
953	47936
954	39933
955	38819
956	31272
957	30964
958	30670
959	37337
960	37556
961	34668
962	57930
963	49343
964	59802
965	50506
966	50411
967	46001
968	43731
969	40003
970	47868
971	46820
972	36034
973	35796
974	32738
975	35337
976	37305
977	36194
978	34274
979	40614
980	47169
981	47263
982	45411
983	56135
984	55312
985	54833
986	50767
987	50208
988	47834
989	55450
990	52161
991	46824
992	52874
993	57113
994	53627
995	51301
996	44214
997	40125
998	46811
999	46147
1000	53247
1001	56049
1002	53547
1003	52815
1004	46908
1005	50074
1006	49573
1007	48726
1008	50778
1009	50090
1010	49165
1011	46282
1012	52838
1013	49522
1014	50342
1015	47406
1016	47252
1017	41817
1018	42848
1019	45673
1020	48297
1021	53512
1022	48169
1023	43108
1024	40435
1025	38908
1026	44576
1027	43705
1028	53775
1029	51167
1030	43522
1031	56120
1032	54077
1033	52693
1034	57088
1035	54552
1036	40279
1037	36049
1038	36720
1039	29918
1040	36341
1041	37451
1042	37391
1043	40556
1044	46603
1045	57124
1046	55011
1047	48493
1048	55826
1049	51491
1050	48529
1051	44796
1052	43498
1053	45305
1054	40555
1055	45481
1056	42158
1057	33757
1058	43389
1059	46640
1060	51626
1061	54738
1062	45220
1063	50347
1064	56585
1065	56485
1066	58747
1067	51963
1068	47517
1069	53949
1070	51012
1071	48691
1072	48361
1073	56738
1074	56098
1075	52964
1076	49383
1077	47206
1078	47581
1079	43023
1080	48627
1081	56206
1082	50926
1083	46662
1084	42860
1085	33716
1086	39585
1087	44407
1088	41395
1089	49558
1090	47885
1091	59754
1092	56559
1093	81834
1094	60132
1095	67328
1096	54681
1097	45165
1098	47445
1099	49190
1100	42085
1101	36073
1102	33439
1103	23961
1104	27384
1105	29500
1106	33509
1107	33890
1108	31889
1109	27842
1110	22491
1111	20540
1112	17234
1113	23206
1114	20240
1115	22208
1116	20632
1117	24894
1118	29933
1119	26336
1120	43565
1121	51409
1122	60100
1123	47252
1124	54061
1125	44856
1126	56478
1127	58639
1128	53714
1129	51870
1130	52701
1131	48877
1132	52968
1133	53263
1134	50974
1135	56549
1136	53505
1137	47383
1138	44349
1139	44649
1140	52816
1141	52618
1142	47126
1143	43572
1144	46032
1145	37504
1146	44745
1147	50316
1148	53121
1149	52134
1150	55400
1151	54819
1152	57929
1153	47118
1154	47477
1155	44470
1156	53342
1157	50846
1158	49931
1159	49532
1160	40612
1161	40494
1162	48043
1163	50493
1164	52236
1165	51672
1166	40329
1167	26734
1168	24146
1169	24023
1170	22936
1171	25099
1172	20100
1173	16788
1174	16523
1175	18503
1176	16551
1177	17058
1178	18148
1179	17350
1180	16818
1181	17546
1182	15391
1183	13882
1184	15822
1185	16619
1186	16438
1187	15623
1188	15168
1189	16336
1190	15873
1191	17178
1192	14997
1193	16046
1194	14054
1195	12896
1196	15135
1197	14190
1198	9320
1199	16463
1200	12691
1201	14276
1202	16148
1203	14771
1204	14321
1205	15660
1206	14408
1207	15325
1208	14463
1209	16140
1210	19817
1211	20672
1212	21196
1213	18418
1214	18607
1215	15790
1216	15612
1217	14430
1218	14597
1219	12838
1220	14704
1221	14958
1222	15364
1223	15332
1224	13579
1225	15398
1226	13326
1227	15228
1228	13126
1229	11222
1230	14443
1231	11992
1232	14426
1233	12090
1234	13307
1235	15844
1236	15371
1237	17244
1238	16284
1239	17791
1240	17118
1241	15697
1242	13880
1243	16361
1244	17599
1245	17914
1246	18205
1247	18671
1248	21223
1249	22281
1250	26139
1251	30619
1252	36263
1253	36668
1254	28866
1255	32531
1256	34463
1257	33353
1258	29862
1259	33875
1260	40078
1261	55183
1262	42305
1263	43280
1264	36068
1265	38292
1266	31206
1267	36269
1268	29825
1269	30954
1270	22697
1271	21035
1272	19399
1273	18610
1274	20077
1275	20555
1276	19656
1277	15666
1278	15544
1279	13449
1280	13863
1281	16851
1282	18954
1283	27799
1284	28831
1285	29135
1286	24603
1287	20726
1288	24648
1289	21569
1290	26929
1291	29491
1292	33935
1293	27915
1294	35894
1295	40881
1296	36972
1297	33312
1298	43044
1299	45763
1300	44485
1301	42067
1302	45145
1303	37405
1304	27184
1305	28601
1306	33282
1307	27942
1308	28895
1309	24299
1310	23096
1311	32554
1312	27388
1313	29406
1314	19500
1315	20618
1316	21323
1317	23897
1318	21675
1319	26400
1320	31022
1321	29709
1322	31675
1323	29757
1324	22625
1325	26067
1326	22993
1327	25524
1328	25147
1329	60702
1330	29177
1331	32541
1332	31873
1333	37717
1334	29875
1335	29605
1336	28300
1337	20662
1338	20815
1339	21714
1340	22540
1341	21863
1342	23952
1343	22141
1344	20390
1345	23131
1346	24358
1347	19816
1348	22106
1349	24066
1350	22598
1351	23781
1352	24764
1353	30544
1354	29660
1355	23402
1356	35071
1357	27348
1358	24440
1359	26445
1360	30602
1361	28848
1362	22248
1363	25573
1364	20974
1365	27022
1366	23319
1367	27426
1368	33961
1369	27782
1370	31124
1371	35069
1372	36102
1373	33706
1374	38230
1375	42082
1376	38701
1377	41643
1378	37412
1379	42156
1380	38011
1381	42079
1382	40516
1383	49539
1384	40687
1385	44055
1386	29690
1387	30641
1388	33592
1389	37412
1390	35407
1391	36206
1392	33959
1393	37662
1394	37014
1395	38500
1396	45253
1397	32967
1398	34311
1399	35802
1400	46853
1401	35373
1402	29690
1403	27425
1404	31571
1405	30991
1406	25743
1407	30178
1408	24297
1409	27507
1410	30384
1411	28209
1412	31145
1413	24667
1414	26761
1415	30708
1416	31511
1417	29187
1418	32161
1419	36549
1420	31629
1421	33284
1422	28694
1423	27492
1424	28947
1425	26541
1426	20707
1427	24050
1428	28765
1429	17645
1430	25394
1431	27116
1432	29563
1433	29368
1434	26795
1435	29977
1436	30503
1437	32252
1438	31728
1439	37634
1440	33239
1441	41326
1442	41807
1443	31735
1444	33129
1445	28560
1446	29504
1447	25487
1448	25738
1449	23845
1450	20321
1451	18948
1452	18694
1453	17554
1454	16216
1455	17209
1456	16636
1457	16138
1458	12803
1459	15490
1460	14489
1461	16027
1462	17396
1463	18293
1464	16860
1465	15190
1466	14578
1467	13204
1468	14462
1469	15400
1470	12132
1471	13496
1472	13564
1473	15544
1474	16801
1475	12767
1476	11947
1477	16375
1478	12974
1479	13799
1480	14701
1481	15889
1482	12264
1483	13402
1484	17632
1485	18897
1486	18408
1487	16898
1488	22595
1489	18482
1490	21101
1491	24092
1492	23140
1493	28886
1494	18445
1495	22458
1496	27466
1497	22474
1498	24783
1499	17635
1500	15556
1501	14509
1502	10706
1503	13718
1504	12502
1505	13017
1506	12086
1507	14336
1508	16137
1509	13554
1510	14409
1511	12534
1512	15875
1513	15845
1514	18468
1515	18701
1516	20501
1517	29120
1518	26532
1519	29326
1520	33513
1521	32657
1522	34660
1523	33495
1524	36205
1525	39112
1526	39955
1527	38100
1528	36647
1529	40693
1530	34464
1531	41274
1532	37222
1533	39140
1534	43819
1535	27995
1536	25995
1537	33306
1538	37076
1539	36425
1540	33584
1541	36160
1542	32444
1543	34933
1544	27090
1545	35081
1546	28573
1547	22950
1548	27822
1549	24082
1550	19232
1551	17392
1552	18280
1553	17414
1554	19402
1555	16659
1556	16591
1557	16518
1558	16324
1559	16492
1560	14673
1561	14709
1562	11856
1563	16782
1564	14071
1565	13978
1566	15858
1567	14334
1568	14728
1569	13482
1570	13546
1571	13223
1572	15618
1573	12877
1574	14945
1575	13839
1576	15584
1577	14401
1578	13994
1579	12741
1580	13171
1581	13762
1582	12175
1583	12382
1584	12110
1585	12164
1586	10963
1587	12671
1588	10551
1589	12960
1590	12460
1591	15373
1592	14830
1593	16466
1594	15922
1595	18123
1596	16743
1597	11033
1598	19016
1599	18744
1600	16412
1601	18363
1602	23159
1603	32838
1604	27421
1605	30631
1606	35258
1607	31943
1608	26505
1609	26200
1610	19279
1611	21090
1612	12683
1613	14105
1614	16144
1615	14350
1616	13143
1617	12651
1618	13624
1619	14625
1620	12744
1621	10855
1622	16598
1623	14954
1624	16627
1625	15776
1626	13941
1627	13154
1628	13317
1629	16226
1630	15296
1631	13973
1632	13333
1633	13713
1634	12958
1635	13617
1636	12571
1637	13981
1638	11938
1639	12524
1640	14361
1641	12659
1642	11553
1643	13181
1644	12954
1645	16018
1646	13985
1647	13310
1648	14277
1649	14722
1650	13809
1651	15535
1652	13755
1653	14382
1654	17759
1655	17846
1656	12457
1657	14930
1658	16630
1659	14321
1660	16139
1661	16745
1662	17685
1663	16002
1664	18235
1665	15928
1666	16445
1667	17515
1668	22508
1669	24273
1670	26400
1671	24108
1672	24974
1673	22394
1674	18754
1675	19834
1676	15987
1677	15057
1678	15212
1679	14276
1680	14055
1681	13654
1682	13739
1683	11415
1684	13952
1685	13685
1686	11861
1687	12377
1688	13120
1689	13022
1690	11279
1691	10990
1692	10978
1693	11624
1694	12789
1695	14264
1696	12276
1697	12282
1698	11808
1699	12181
1700	12001
1701	12557
1702	11450
1703	14065
1704	13960
1705	13253
1706	13885
1707	12959
1708	12806
1709	11957
1710	13297
1711	12546
1712	10986
1713	13466
1714	14234
1715	14193
1716	13796
1717	14650
1718	15350
1719	15204
1720	13947
1721	14240
1722	14540
1723	12650
1724	14245
1725	16064
1726	12652
1727	12936
1728	13444
1729	13130
1730	13382
1731	12036
1732	12282
1733	12008
1734	12188
1735	13513
1736	12281
1737	10641
1738	11683
1739	12103
1740	12881
1741	15931
1742	11317
1743	10236
1744	10059
1745	11822
1746	12229
1747	12115
1748	13441
1749	11480
1750	11402
1751	12802
1752	38090
1753	12887
1754	13371
1755	12720
1756	13444
1757	12522
1758	14993
1759	12769
1760	13931
1761	13299
1762	12695
1763	15078
1764	15667
1765	14491
1766	15603
1767	13897
1768	21041
1769	21913
1770	28695
1771	20096
1772	22871
1773	16358
1774	14590
1775	17469
1776	16879
1777	16878
1778	16943
1779	18112
1780	14376
1781	15002
1782	15990
1783	15670
1784	14206
1785	16863
1786	17126
1787	21082
1788	28437
1789	28056
1790	27154
1791	30141
1792	34333
1793	31976
1794	37872
1795	41854
1796	36459
1797	29355
1798	39141
1799	35995
1800	28938
1801	33040
1802	36526
1803	35407
1804	27551
1805	28482
1806	24885
1807	28393
1808	25443
1809	22955
1810	19110
1811	16194
1812	15812
1813	16268
1814	13223
1815	14711
1816	13122
1817	13909
1818	13211
1819	14739
1820	13378
1821	13505
1822	15542
1823	14511
1824	15669
1825	16944
1826	17438
1827	19929
1828	15118
1829	17648
1830	19395
1831	18921
1832	21054
1833	26620
1834	27800
1835	35163
1836	30862
1837	25935
1838	32615
1839	31780
1840	32015
1841	37319
1842	27568
1843	36526
1844	35455
1845	33525
1846	33786
1847	34832
1848	35744
1849	38387
1850	38647
1851	38356
1852	40512
1853	36906
1854	34846
1855	46985
1856	40215
1857	35178
1858	40148
1859	39386
1860	33227
1861	31742
1862	35325
1863	32167
1864	29835
1865	39487
1866	32884
1867	43757
1868	41538
1869	46310
1870	44681
1871	40644
1872	41532
1873	48253
1874	51526
1875	47004
1876	44728
1877	39833
1878	53031
1879	47709
1880	47036
1881	46035
1882	47076
1883	44676
1884	46350
1885	46209
1886	39229
1887	44884
1888	39014
1889	48240
1890	40026
1891	43308
1892	37001
1893	34596
1894	30908
1895	29718
1896	28801
1897	35178
1898	36520
1899	37446
1900	35219
1901	31774
1902	34819
1903	31055
1904	36523
1905	34773
1906	40584
1907	38014
1908	35545
1909	39365
1910	39516
1911	44176
1912	37417
1913	33264
1914	40544
1915	38851
1916	40280
1917	43992
1918	38433
1919	42621
1920	34377
1921	28807
1922	27472
1923	26553
1924	31609
1925	29321
1926	24558
1927	34159
1928	32875
1929	39369
1930	40270
1931	36643
1932	41921
1933	31628
1934	31685
1935	35887
1936	36107
1937	34390
1938	30085
1939	21406
1940	17160
1941	19729
1942	16051
1943	18100
1944	16377
1945	23192
1946	25119
1947	27014
1948	21100
1949	19008
1950	15866
1951	17397
1952	15867
1953	16815
1954	18220
1955	19113
1956	14372
1957	16044
1958	13801
1959	14608
1960	17587
1961	16703
1962	14441
1963	14933
1964	17109
1965	17747
1966	18175
1967	18640
1968	16256
1969	20759
1970	20367
1971	20062
1972	20215
1973	20558
1974	25432
1975	29915
1976	30502
1977	42255
1978	40125
1979	47094
1980	41695
1981	38756
1982	36017
1983	33469
1984	27872
1985	25057
1986	25848
1987	25647
1988	21503
1989	20263
1990	18669
1991	17305
1992	18496
1993	16743
1994	15956
1995	16757
1996	14535
1997	14192
1998	17202
1999	16785
2000	16114
2001	16636
2002	17967
2003	15828
2004	15270
2005	19696
2006	21491
2007	27779
2008	29101
2009	30413
2010	37113
2011	37715
2012	36538
2013	31920
2014	26997
2015	35929
2016	25913
2017	25440
2018	26057
2019	24376
2020	21731
2021	25428
2022	23198
2023	21001
2024	17954
2025	17822
2026	17764
2027	21686
2028	20018
2029	17589
2030	19193
2031	25083
2032	23022
2033	29736
2034	30619
2035	37767
2036	39430
2037	36217
2038	32283
2039	33332
2040	34472
2041	36796
2042	33749
2043	40784
2044	49104
2045	44919
2046	42458
2047	33545
2048	30236
2049	35261
2050	36110
2051	29927
2052	29317
2053	29424
2054	31582
2055	33178
2056	33822
2057	35041
2058	35967
2059	29764
2060	29530
2061	28321
2062	28707
2063	30766
2064	24786
2065	29127
2066	27466
2067	18733
2068	15755
2069	17112
2070	15916
2071	17787
2072	15841
2073	16420
2074	16474
2075	20638
2076	15499
2077	22827
2078	23586
2079	28842
2080	28868
2081	38895
2082	41995
2083	38085
2084	42331
2085	39925
2086	38961
2087	44091
2088	39799
2089	35214
2090	41599
2091	47455
2092	45381
2093	45287
2094	32959
2095	45191
2096	50051
2097	54026
2098	55254
2099	46556
2100	49653
2101	43841
2102	48663
2103	38498
2104	28918
2105	32896
2106	33356
2107	41194
2108	33805
2109	40743
2110	33205
2111	40006
2112	38904
2113	35097
2114	32363
2115	36834
2116	31337
2117	30386
2118	31171
2119	33266
2120	29970
2121	29899
2122	27907
2123	25970
2124	31185
2125	32972
2126	34962
2127	31499
2128	34817
2129	35733
2130	32931
2131	33575
2132	42339
2133	43805
2134	37843
2135	34754
2136	31583
2137	32825
2138	36227
2139	29676
2140	33509
2141	36833
2142	42881
2143	40636
2144	37696
2145	36538
2146	40348
2147	36193
2148	35780
2149	40655
2150	38810
2151	31898
2152	36350
2153	30515
2154	33273
2155	40013
2156	34594
2157	36155
2158	38071
2159	38114
2160	38722
2161	40339
2162	35213
2163	41421
2164	35034
2165	37481
2166	36812
2167	36397
2168	40366
2169	43969
2170	51751
2171	44882
2172	39979
2173	46092
2174	48121
2175	43926
2176	46940
2177	48267
2178	49502
2179	51280
2180	54073
2181	51045
2182	50571
2183	53652
2184	49603
2185	45671
2186	50955
2187	25092
2188	22088
2189	43033
2190	48708
2191	51629
2192	54082
2193	43855
2194	45326
2195	37367
2196	44307
2197	52916
2198	45264
2199	50452
2200	49155
2201	48614
2202	51678
2203	41826
2204	46841
2205	52662
2206	55841
2207	44476
2208	46717
2209	50415
2210	65472
2211	49329
2212	39227
2213	47626
2214	52406
2215	46349
2216	49112
2217	51934
2218	49164
2219	45786
2220	52146
2221	53583
2222	58296
2223	48866
2224	49656
2225	56408
2226	48548
2227	40622
2228	43434
2229	38786
2230	43233
2231	42145
2232	46436
2233	43160
2234	52120
2235	57232
2236	58042
2237	52529
2238	43792
2239	43271
2240	52646
2241	57704
2242	49707
2243	56378
2244	57905
2245	48087
2246	43918
2247	47697
2248	45711
2249	45033
2250	47197
2251	51361
2252	45755
2253	44926
2254	43493
2255	45271
2256	50315
2257	49510
2258	46812
2259	48992
2260	39156
2261	40501
2262	43256
2263	37381
2264	37830
2265	38123
2266	43618
2267	42796
2268	43803
2269	47981
2270	47966
2271	48457
2272	65228
2273	54727
2274	53805
2275	57648
2276	54279
2277	54824
2278	46750
2279	44297
2280	51512
2281	51290
2282	48007
2283	52782
2284	49846
2285	48194
2286	48414
2287	56550
2288	49953
2289	41288
2290	38390
2291	44471
2292	35270
2293	31643
2294	34570
2295	30569
2296	33221
2297	28894
2298	30990
2299	34372
2300	31480
2301	38477
2302	34532
2303	41214
2304	35964
2305	32308
2306	25708
2307	29946
2308	28376
2309	31915
2310	31095
2311	25792
2312	28721
2313	29095
2314	28072
2315	29430
2316	32600
2317	30429
2318	32502
2319	31335
2320	29324
2321	29301
2322	30873
2323	33384
2324	36132
2325	38879
2326	38543
2327	43940
2328	34705
2329	34540
2330	36493
2331	34513
2332	39908
2333	98779
2334	46788
2335	55583
2336	63189
2337	56954
2338	56546
2339	65246
2340	53127
2341	45996
2342	49510
2343	45170
2344	50751
2345	44963
2346	45575
2347	48212
2348	44666
2349	50586
2350	54351
2351	46029
2352	46406
2353	46672
2354	43404
2355	39746
2356	35796
2357	37736
2358	34242
2359	36496
2360	35127
2361	34818
2362	39551
2363	33619
2364	34794
2365	39413
2366	41741
2367	42681
2368	40428
2369	49214
2370	51087
2371	47704
2372	35369
2373	36988
2374	38177
2375	37361
2376	44040
2377	39011
2378	37856
2379	36812
2380	34703
2381	29721
2382	30207
2383	29782
2384	26376
2385	30730
2386	29751
2387	32295
2388	34196
2389	33128
2390	36187
2391	34896
2392	38703
2393	34525
2394	32294
2395	36933
2396	39558
2397	35607
2398	34910
2399	41935
2400	38300
2401	42297
2402	49358
2403	45362
2404	47278
2405	44133
2406	49284
2407	46372
2408	43496
2409	42091
2410	45548
2411	49598
2412	49275
2413	55092
2414	55242
2415	53485
2416	52059
2417	53569
2418	53742
2419	51412
2420	54371
2421	56850
2422	57700
2423	49526
2424	43629
2425	38522
2426	39276
2427	47131
2428	43251
2429	54982
2430	48577
2431	57766
2432	56050
2433	56464
2434	53704
2435	53004
2436	48473
2437	48800
2438	58327
2439	52031
2440	56087
2441	58541
2442	58064
2443	52953
2444	53205
2445	51196
2446	57440
2447	49330
2448	48163
2449	51975
2450	36560
2451	21447
2452	53184
2453	54469
2454	46776
2455	41147
2456	45201
2457	51002
2458	48991
2459	44343
2460	39091
2461	40435
2462	45397
2463	44070
2464	50113
2465	42561
2466	49230
2467	48923
2468	51930
2469	50666
2470	49647
2471	50786
2472	49765
2473	44393
2474	48507
2475	46653
2476	41181
2477	54605
2478	53233
2479	54165
2480	53053
2481	49713
2482	46064
2483	56147
2484	42637
2485	51861
2486	44761
2487	53645
2488	49509
2489	40988
2490	46575
2491	48954
2492	43125
2493	46748
2494	53808
2495	47447
2496	37623
2497	34953
2498	40058
2499	41366
2500	44358
2501	55438
2502	51706
2503	52769
2504	56708
2505	56978
2506	50766
2507	56580
2508	57369
2509	51235
2510	51261
2511	54806
2512	53233
2513	37122
2514	43678
2515	42233
2516	32384
2517	31930
2518	25361
2519	24613
2520	26034
2521	22053
2522	21212
2523	23368
2524	21249
2525	21151
2526	21715
2527	18927
2528	20576
2529	19550
2530	20659
2531	19480
2532	19557
2533	21159
2534	18622
2535	16744
2536	18982
2537	18494
2538	18539
2539	17986
2540	17427
2541	19323
2542	20392
2543	22906
2544	27124
2545	30150
2546	30407
2547	39591
2548	31395
2549	32854
2550	32850
2551	27277
2552	37480
2553	32382
2554	25675
2555	32102
2556	28794
2557	28225
2558	25107
2559	22991
2560	19584
2561	22483
2562	22978
2563	23320
2564	21488
2565	20407
2566	19953
2567	19176
2568	19999
2569	20514
2570	22286
2571	21932
2572	22043
2573	21167
2574	22517
2575	24440
2576	27265
2577	27296
2578	24702
2579	25043
2580	30624
2581	29205
2582	30467
2583	28722
2584	29800
2585	36598
2586	37119
2587	32534
2588	30367
2589	31250
2590	23968
2591	28253
2592	26476
2593	25376
2594	24519
2595	24650
2596	24266
2597	22028
2598	20001
2599	24510
2600	22902
2601	22621
2602	23858
2603	23905
2604	25171
2605	21933
2606	21763
2607	25751
2608	27490
2609	27435
2610	35923
2611	32497
2612	27761
2613	29967
2614	28370
2615	28056
2616	31028
2617	23893
2618	29523
2619	33143
2620	32686
2621	31585
2622	36639
2623	43419
2624	38124
2625	41783
2626	50751
2627	44056
2628	47192
2629	44130
2630	40244
2631	38293
2632	39294
2633	36256
2634	43873
2635	30333
2636	36680
2637	43000
2638	39906
2639	38388
2640	41782
2641	38471
2642	29795
2643	36629
2644	40148
2645	39806
2646	48949
2647	45726
2648	42521
2649	37359
2650	33703
2651	36935
2652	26580
2653	30189
2654	5409
2655	0
2656	25139
2657	28793
2658	28418
2659	30005
2660	32515
2661	29101
2662	26813
2663	34555
2664	36937
2665	39834
2666	41357
2667	36148
2668	35791
2669	32929
2670	985
2671	105
2672	52
2673	9414
2674	29117
2675	29646
2676	20986
2677	0
