	K562_combined
0	8901
1	36584
2	35100
3	40069
4	15102
5	9781
6	29512
7	37948
8	42819
9	36807
10	38797
11	37641
12	38257
13	47375
14	44050
15	41452
16	41397
17	43756
18	33329
19	36961
20	39687
21	35383
22	31642
23	44609
24	50884
25	33298
26	33778
27	38531
28	46947
29	33501
30	42948
31	50525
32	52671
33	50760
34	40402
35	46313
36	44300
37	33117
38	45304
39	35120
40	35208
41	39937
42	46466
43	45202
44	42509
45	49669
46	52721
47	52986
48	53408
49	48886
50	41364
51	38788
52	44135
53	46074
54	46446
55	49051
56	44040
57	46920
58	47816
59	43822
60	45311
61	42659
62	46018
63	38604
64	39980
65	38792
66	36613
67	28919
68	25428
69	26984
70	22952
71	27917
72	27699
73	28525
74	27466
75	25985
76	30254
77	26808
78	27804
79	30502
80	33938
81	27129
82	35175
83	36215
84	30608
85	35241
86	33367
87	31459
88	32466
89	34728
90	34946
91	40305
92	30251
93	53114
94	51666
95	50952
96	36984
97	43219
98	45174
99	47166
100	45019
101	47251
102	48072
103	51264
104	50145
105	49868
106	50909
107	48220
108	48188
109	55545
110	56109
111	53432
112	54482
113	49922
114	50855
115	41592
116	47929
117	52844
118	33978
119	12466
120	26580
121	46948
122	51082
123	43979
124	46021
125	39747
126	51342
127	51674
128	47463
129	51774
130	53892
131	56853
132	53651
133	45108
134	33891
135	30910
136	6165
137	26459
138	31557
139	39924
140	38071
141	36240
142	27697
143	40089
144	33360
145	28111
146	32838
147	34044
148	29972
149	32239
150	25108
151	30921
152	38379
153	40064
154	34440
155	35248
156	31682
157	33086
158	29828
159	35000
160	29958
161	29252
162	38044
163	41767
164	39731
165	42608
166	34193
167	34565
168	34226
169	25683
170	23303
171	19829
172	19213
173	16316
174	18336
175	24604
176	16322
177	14810
178	17119
179	16504
180	16573
181	14491
182	15523
183	13417
184	13538
185	13310
186	12737
187	12352
188	15154
189	14135
190	12559
191	13294
192	12500
193	11868
194	15720
195	14159
196	13497
197	13925
198	14802
199	12749
200	14007
201	15069
202	13214
203	13583
204	11352
205	15098
206	14803
207	18077
208	18747
209	20653
210	20458
211	22340
212	22165
213	25750
214	26292
215	27089
216	25875
217	23159
218	26939
219	35995
220	33287
221	28777
222	25911
223	20244
224	26553
225	23839
226	22502
227	23310
228	18938
229	16195
230	14694
231	14682
232	14507
233	13283
234	13852
235	15519
236	13152
237	13127
238	14497
239	13338
240	13629
241	16214
242	18432
243	19703
244	20685
245	25819
246	25920
247	29718
248	29116
249	28637
250	24165
251	27198
252	30997
253	36025
254	41077
255	42038
256	37302
257	29649
258	30109
259	32628
260	29672
261	31108
262	28491
263	22953
264	26132
265	22466
266	20240
267	16105
268	14160
269	14372
270	15266
271	14149
272	16337
273	15237
274	15556
275	17992
276	23565
277	24820
278	25148
279	28937
280	35668
281	24138
282	19299
283	21072
284	16091
285	14996
286	13722
287	12383
288	14518
289	14907
290	12715
291	14755
292	12604
293	14182
294	13644
295	15566
296	14553
297	14058
298	12470
299	13016
300	13617
301	15372
302	13947
303	14376
304	13719
305	15075
306	14435
307	14896
308	15894
309	14416
310	12020
311	12519
312	16539
313	16125
314	15200
315	14108
316	13822
317	17859
318	16375
319	13765
320	13979
321	19336
322	29762
323	24077
324	25166
325	30719
326	32252
327	31624
328	33985
329	36786
330	37656
331	37437
332	38019
333	34453
334	31412
335	39810
336	30724
337	33208
338	23508
339	28520
340	21100
341	21909
342	21377
343	18801
344	20899
345	19867
346	17754
347	17925
348	17936
349	19049
350	17973
351	17838
352	20187
353	18780
354	22979
355	25622
356	25191
357	26162
358	25946
359	30628
360	32113
361	30047
362	26405
363	28293
364	28492
365	24416
366	24218
367	26237
368	16607
369	13634
370	16557
371	14828
372	11705
373	15622
374	15386
375	14536
376	14597
377	15028
378	15761
379	13025
380	13844
381	17744
382	15056
383	15189
384	13907
385	15096
386	15767
387	14677
388	13701
389	15809
390	14052
391	15585
392	16199
393	16382
394	25310
395	22464
396	15991
397	13897
398	16832
399	18560
400	21183
401	23150
402	26581
403	27580
404	32621
405	35885
406	32438
407	26375
408	23873
409	21770
410	22012
411	17495
412	22384
413	21457
414	21641
415	26031
416	29606
417	30936
418	24924
419	24254
420	23046
421	20134
422	22479
423	23640
424	23138
425	22403
426	28049
427	29795
428	30831
429	34047
430	29008
431	24540
432	27023
433	21187
434	24508
435	28880
436	27850
437	26807
438	29144
439	36107
440	31797
441	32611
442	41283
443	37473
444	35215
445	35744
446	36940
447	43522
448	43304
449	42280
450	36060
451	32414
452	46224
453	43953
454	50766
455	47887
456	42382
457	48017
458	44054
459	32435
460	36573
461	41066
462	45026
463	44197
464	39546
465	47557
466	45569
467	35580
468	44275
469	48530
470	41960
471	46482
472	47023
473	34461
474	40932
475	32189
476	32486
477	38097
478	34917
479	26524
480	25788
481	31071
482	26075
483	31388
484	28275
485	27352
486	32078
487	33293
488	30456
489	32122
490	30378
491	30138
492	30177
493	33454
494	35802
495	44519
496	42106
497	37354
498	41873
499	42491
500	39923
501	32425
502	45053
503	36885
504	41332
505	34512
506	34586
507	32180
508	32581
509	31294
510	33595
511	37797
512	32313
513	34279
514	35835
515	30349
516	33231
517	40538
518	34198
519	35433
520	38758
521	35045
522	37110
523	43918
524	40365
525	43195
526	44628
527	46098
528	36558
529	38544
530	39897
531	34837
532	34714
533	36516
534	29493
535	28185
536	29932
537	27974
538	30912
539	29900
540	31990
541	33127
542	34103
543	29125
544	35291
545	35380
546	35132
547	34160
548	36453
549	40930
550	35113
551	37160
552	31669
553	32639
554	36953
555	36755
556	28800
557	32160
558	33757
559	33442
560	29782
561	31825
562	29770
563	33048
564	32826
565	27235
566	29083
567	26795
568	29446
569	31938
570	27036
571	29202
572	30343
573	29342
574	33728
575	31060
576	29278
577	27073
578	29531
579	27738
580	25225
581	30227
582	32936
583	31931
584	30427
585	31049
586	32741
587	37030
588	35622
589	32170
590	33460
591	37261
592	33111
593	40177
594	26837
595	33960
596	41575
597	39479
598	41986
599	39615
600	35288
601	38512
602	39721
603	44137
604	47396
605	42899
606	37156
607	39410
608	36366
609	39973
610	46435
611	44221
612	40062
613	35571
614	47558
615	54798
616	45573
617	39861
618	45621
619	41463
620	50050
621	39516
622	41699
623	39832
624	31109
625	27197
626	20817
627	28030
628	23341
629	25751
630	23230
631	23296
632	35431
633	22131
634	25597
635	30362
636	21760
637	15463
638	16907
639	18108
640	19571
641	20016
642	18820
643	22458
644	23138
645	31178
646	31334
647	29124
648	30602
649	35210
650	40145
651	34827
652	38704
653	39215
654	29801
655	24947
656	38153
657	30715
658	49104
659	45558
660	34313
661	38318
662	38845
663	36687
664	28139
665	22777
666	19437
667	17789
668	19329
669	19041
670	18852
671	16121
672	17955
673	17603
674	20851
675	28959
676	24589
677	22361
678	20646
679	25283
680	16874
681	17761
682	17888
683	18782
684	15627
685	18904
686	15838
687	16687
688	18013
689	17304
690	17672
691	15604
692	15374
693	16493
694	15819
695	20675
696	16012
697	24625
698	25057
699	21358
700	30234
701	25225
702	18772
703	13522
704	15846
705	19906
706	24840
707	25753
708	26969
709	30548
710	30061
711	32583
712	32747
713	27708
714	34852
715	32487
716	31144
717	30298
718	24630
719	29393
720	31501
721	34244
722	37990
723	34646
724	37278
725	38831
726	36986
727	47624
728	45639
729	43780
730	45084
731	43090
732	35981
733	40487
734	34968
735	30309
736	26413
737	27956
738	26336
739	31740
740	25000
741	28260
742	23362
743	25333
744	26472
745	26846
746	27055
747	31467
748	29818
749	29473
750	21088
751	26392
752	21893
753	19652
754	19172
755	23962
756	19344
757	21484
758	25041
759	29259
760	27820
761	24515
762	31029
763	31486
764	34772
765	36066
766	34105
767	42290
768	33516
769	31897
770	24269
771	30220
772	26648
773	30732
774	30551
775	34044
776	31279
777	31107
778	31432
779	35261
780	26640
781	25577
782	29030
783	30362
784	28785
785	31587
786	29145
787	32137
788	32134
789	34597
790	36169
791	41215
792	38629
793	40039
794	34761
795	51290
796	35577
797	29750
798	34830
799	42916
800	33744
801	33980
802	35967
803	36273
804	35770
805	30186
806	24270
807	25075
808	18000
809	19035
810	17379
811	19276
812	21450
813	24084
814	22122
815	17094
816	17296
817	19211
818	20079
819	17370
820	22616
821	21017
822	16918
823	19141
824	15691
825	17461
826	18332
827	17276
828	18003
829	17410
830	20071
831	20561
832	15585
833	19530
834	18041
835	21313
836	21444
837	22314
838	24718
839	27365
840	24151
841	25192
842	20786
843	27106
844	24010
845	24083
846	21423
847	21838
848	21226
849	24328
850	24896
851	22476
852	21231
853	23662
854	26497
855	27133
856	25839
857	30058
858	34665
859	35384
860	40974
861	36624
862	34201
863	31556
864	34735
865	39862
866	30748
867	35735
868	36549
869	30375
870	40366
871	43720
872	43029
873	35081
874	38647
875	50162
876	45966
877	48705
878	51840
879	48956
880	34231
881	33481
882	48901
883	47837
884	44072
885	44951
886	41518
887	34708
888	45918
889	41852
890	42012
891	48863
892	51809
893	48365
894	48617
895	55380
896	51337
897	47118
898	48026
899	49296
900	46465
901	47496
902	41168
903	49278
904	40453
905	37326
906	30837
907	29213
908	30633
909	30160
910	28421
911	24592
912	31431
913	29383
914	32137
915	23994
916	25067
917	33164
918	30353
919	21448
920	24362
921	18546
922	15072
923	16849
924	19217
925	16831
926	18906
927	18400
928	17973
929	17727
930	18647
931	20599
932	19522
933	17847
934	17461
935	17121
936	18831
937	18940
938	19097
939	18659
940	16833
941	22678
942	30787
943	25825
944	35189
945	38266
946	35893
947	31481
948	39257
949	33691
950	33679
951	35818
952	36467
953	35051
954	31902
955	33277
956	30990
957	28668
958	30578
959	30714
960	31716
961	29574
962	32127
963	26412
964	22414
965	20849
966	20215
967	18224
968	19346
969	18835
970	18611
971	16057
972	13780
973	16545
974	13921
975	16804
976	17865
977	13599
978	14313
979	12890
980	16407
981	16087
982	14268
983	13312
984	14884
985	15323
986	15546
987	12894
988	16028
989	14653
990	14527
991	16524
992	15735
993	16978
994	14548
995	17015
996	20113
997	19566
998	17618
999	16404
1000	17141
1001	17297
1002	27926
1003	31360
1004	41829
1005	34343
1006	41960
1007	16886
1008	35323
1009	42477
1010	40271
1011	40600
1012	40500
1013	39189
1014	34933
1015	39465
1016	37184
1017	44817
1018	34970
1019	33642
1020	31569
1021	32183
1022	29546
1023	31167
1024	32799
1025	30580
1026	31239
1027	33808
1028	37036
1029	21973
1030	25153
1031	21412
1032	21365
1033	21892
1034	19937
1035	14660
1036	17565
1037	18751
1038	18160
1039	14950
1040	16678
1041	19453
1042	15178
1043	14717
1044	15293
1045	13685
1046	19598
1047	16439
1048	16380
1049	14540
1050	14343
1051	14112
1052	14437
1053	14746
1054	17239
1055	14481
1056	15537
1057	16679
1058	17074
1059	13555
1060	16956
1061	14979
1062	13438
1063	12287
1064	14323
1065	14683
1066	13139
1067	14770
1068	14731
1069	14861
1070	11943
1071	14452
1072	13707
1073	17047
1074	14703
1075	15591
1076	21013
1077	20228
1078	13830
1079	16503
1080	15378
1081	14942
1082	14759
1083	15594
1084	14414
1085	11054
1086	13992
1087	11985
1088	16129
1089	16834
1090	15689
1091	17027
1092	16334
1093	15298
1094	24338
1095	26959
1096	28311
1097	25791
1098	22939
1099	22514
1100	24216
1101	27285
1102	26067
1103	24668
1104	26576
1105	29549
1106	34199
1107	31659
1108	28160
1109	28302
1110	33036
1111	36506
1112	38395
1113	30564
1114	26952
1115	30146
1116	28347
1117	33446
1118	30914
1119	36783
1120	41022
1121	41293
1122	43249
1123	44568
1124	28478
1125	28858
1126	28115
1127	22539
1128	18110
1129	16847
1130	20785
1131	19987
1132	14219
1133	13896
1134	15504
1135	16286
1136	12505
1137	7171
1138	9164
1139	8386
1140	5432
1141	7853
1142	8731
1143	10789
1144	16168
1145	19539
1146	16954
1147	20362
1148	19437
1149	18336
1150	17513
1151	23300
1152	17712
1153	12001
1154	24430
1155	12094
1156	15063
1157	13883
1158	8570
1159	13794
1160	12157
1161	993
1162	0
1163	0
1164	0
1165	0
1166	0
1167	0
1168	0
1169	0
1170	0
1171	0
1172	0
1173	0
1174	0
1175	0
1176	0
1177	0
1178	0
1179	0
1180	0
1181	0
1182	0
1183	0
1184	0
1185	0
1186	0
1187	0
1188	0
1189	0
1190	0
1191	0
1192	0
1193	0
1194	0
1195	0
1196	0
1197	0
1198	0
1199	0
1200	0
1201	0
1202	0
1203	0
1204	0
1205	0
1206	0
1207	0
1208	0
1209	0
1210	0
1211	0
1212	0
1213	0
1214	0
1215	0
1216	0
1217	0
1218	0
1219	0
1220	0
1221	22408
1222	564
1223	372
1224	965
1225	1113
1226	69
1227	540
1228	512
1229	186
1230	11312
1231	4355
1232	968
1233	5095
1234	21376
1235	70302
1236	26853
1237	10042
1238	5914
1239	48091
1240	12454
1241	8498
1242	6084
1243	7426
1244	8244
1245	4653
1246	6436
1247	8461
1248	6879
1249	21791
1250	21778
1251	19262
1252	17543
1253	19428
1254	13117
1255	2475
1256	5715
1257	320
1258	7382
1259	5873
1260	8740
1261	2441
1262	8640
1263	9640
1264	7667
1265	16672
1266	20916
1267	18854
1268	18888
1269	18952
1270	19492
1271	29186
1272	21344
1273	23730
1274	22894
1275	25652
1276	21066
1277	20166
1278	22035
1279	22485
1280	31034
1281	23773
1282	35580
1283	28126
1284	134694
1285	33476
1286	39000
1287	36414
1288	32739
1289	44178
1290	33489
1291	15102
1292	9853
1293	25757
1294	40547
1295	39602
1296	37934
1297	36295
1298	36467
1299	15053
1300	3659
1301	21983
1302	2875
1303	27106
1304	42301
1305	53333
1306	43753
1307	49711
1308	54504
1309	49026
1310	55715
1311	56474
1312	59999
1313	54117
1314	45022
1315	43049
1316	50517
1317	54546
1318	48919
1319	67789
1320	64383
1321	64280
1322	69488
1323	57092
1324	57588
1325	63245
1326	62938
1327	60763
1328	64509
1329	50552
1330	45209
1331	44811
1332	39178
1333	41907
1334	40920
1335	39078
1336	51989
1337	49383
1338	54507
1339	47768
1340	43073
1341	46543
1342	38358
1343	42392
1344	42851
1345	45781
1346	36194
1347	38662
1348	35644
1349	39642
1350	38310
1351	32903
1352	39376
1353	32715
1354	33562
1355	31716
1356	32922
1357	31396
1358	31625
1359	35839
1360	31286
1361	32817
1362	31247
1363	37272
1364	33089
1365	37929
1366	33907
1367	35732
1368	34090
1369	30655
1370	33792
1371	33745
1372	30410
1373	32759
1374	37118
1375	36588
1376	37795
1377	41628
1378	42284
1379	40223
1380	37744
1381	27324
1382	32199
1383	32586
1384	35453
1385	32529
1386	25858
1387	32792
1388	29556
1389	30500
1390	27365
1391	28089
1392	31696
1393	26572
1394	26362
1395	31835
1396	35013
1397	30913
1398	40339
1399	38047
1400	37760
1401	37946
1402	38570
1403	35015
1404	36220
1405	37211
1406	38077
1407	34253
1408	34455
1409	40285
1410	31464
1411	32780
1412	38734
1413	36267
1414	39011
1415	33669
1416	36971
1417	40307
1418	37215
1419	41389
1420	40595
1421	36986
1422	41149
1423	36931
1424	35540
1425	41838
1426	39555
1427	36518
1428	46709
1429	42187
1430	40650
1431	36928
1432	40099
1433	40064
1434	43431
1435	43139
1436	38467
1437	48581
1438	47289
1439	42166
1440	41886
1441	36733
1442	38409
1443	41439
1444	45347
1445	47144
1446	39770
1447	42210
1448	16494
1449	2640
1450	847
1451	683
1452	3997
1453	18453
1454	41923
1455	52320
1456	54189
1457	55087
1458	59273
1459	66969
1460	65916
1461	59058
1462	64285
1463	65918
1464	64788
1465	68935
1466	65721
1467	49816
1468	61387
1469	66082
1470	65846
1471	60932
1472	59086
1473	68547
1474	65412
1475	61785
1476	62227
1477	62211
1478	55187
1479	62482
1480	64806
1481	57312
1482	34484
1483	8498
1484	8400
1485	12487
1486	12521
1487	9854
1488	1705
1489	13766
1490	10289
1491	6527
1492	1309
1493	941
1494	488
1495	1096
1496	2736
1497	1544
1498	845
1499	893
1500	7609
1501	29395
1502	26427
1503	67777
1504	61725
1505	64014
1506	58446
1507	62278
1508	63116
1509	66229
1510	66470
1511	60807
1512	55339
1513	70656
1514	53033
1515	50563
1516	63337
1517	55822
1518	67328
1519	66095
1520	71501
1521	37354
1522	30005
1523	26981
1524	29009
1525	21947
1526	19672
1527	17669
1528	15713
1529	16424
1530	15822
1531	17562
1532	18207
1533	13399
1534	13989
1535	23436
1536	28311
1537	36522
1538	39408
1539	36995
1540	33948
1541	45427
1542	40914
1543	40763
1544	34648
1545	50755
1546	46330
1547	42271
1548	45857
1549	47477
1550	42534
1551	40298
1552	47579
1553	43451
1554	35584
1555	27203
1556	32288
1557	26041
1558	24244
1559	22805
1560	19246
1561	18717
1562	22729
1563	22088
1564	17704
1565	33588
1566	19436
1567	19038
1568	20186
1569	16648
1570	18796
1571	18070
1572	16544
1573	17377
1574	17825
1575	18841
1576	16505
1577	17009
1578	18882
1579	19538
1580	13952
1581	16906
1582	16935
1583	17784
1584	16527
1585	14417
1586	21734
1587	19890
1588	21730
1589	21778
1590	20453
1591	24118
1592	23694
1593	24706
1594	22888
1595	19838
1596	17593
1597	20813
1598	17480
1599	17944
1600	18234
1601	17170
1602	19202
1603	19525
1604	16772
1605	16849
1606	20247
1607	17350
1608	18435
1609	20030
1610	20537
1611	21173
1612	23543
1613	21699
1614	19217
1615	24916
1616	21553
1617	23280
1618	20331
1619	22178
1620	19795
1621	20347
1622	18937
1623	15926
1624	16326
1625	14653
1626	16868
1627	18101
1628	17110
1629	17082
1630	18020
1631	15507
1632	14911
1633	16842
1634	15799
1635	17291
1636	15417
1637	18784
1638	18765
1639	16319
1640	16297
1641	18360
1642	21204
1643	20890
1644	20249
1645	17145
1646	16769
1647	20630
1648	16129
1649	16853
1650	15203
1651	18035
1652	15389
1653	16437
1654	15238
1655	17153
1656	16788
1657	18213
1658	16518
1659	19085
1660	15042
1661	14476
1662	16995
1663	16645
1664	16896
1665	16675
1666	19790
1667	19100
1668	19354
1669	16016
1670	17037
1671	19634
1672	16173
1673	15318
1674	15875
1675	17298
1676	18434
1677	15983
1678	15558
1679	17481
1680	16929
1681	16377
1682	20529
1683	24276
1684	22609
1685	22285
1686	26915
1687	31590
1688	30162
1689	33730
1690	31246
1691	23359
1692	23370
1693	19290
1694	18029
1695	15894
1696	17952
1697	16464
1698	16085
1699	15395
1700	18597
1701	17788
1702	13925
1703	15051
1704	15050
1705	16043
1706	16769
1707	18898
1708	16290
1709	16859
1710	18410
1711	14496
1712	18282
1713	15797
1714	18097
1715	15613
1716	17834
1717	15833
1718	14970
1719	15070
1720	17643
1721	19380
1722	17400
1723	21074
1724	19675
1725	19472
1726	21791
1727	24481
1728	24781
1729	28022
1730	34871
1731	36224
1732	44401
1733	39498
1734	41182
1735	45750
1736	39710
1737	37256
1738	37930
1739	35700
1740	38011
1741	30731
1742	31694
1743	25607
1744	25055
1745	17536
1746	21890
1747	21551
1748	28987
1749	31187
1750	38427
1751	27565
1752	23877
1753	26751
1754	23473
1755	24104
1756	31481
1757	26634
1758	25790
1759	18902
1760	21655
1761	17662
1762	19267
1763	22815
1764	21423
1765	23891
1766	28302
1767	24567
1768	21984
1769	16971
1770	14517
1771	15244
1772	16555
1773	17663
1774	16300
1775	16586
1776	17805
1777	17481
1778	17395
1779	15633
1780	15537
1781	14281
1782	16937
1783	18632
1784	16426
1785	16814
1786	14987
1787	17267
1788	15275
1789	15195
1790	15888
1791	20200
1792	17853
1793	17319
1794	18875
1795	20657
1796	22529
1797	31273
1798	28573
1799	36169
1800	34284
1801	30084
1802	24533
1803	26657
1804	30524
1805	21108
1806	17557
1807	22009
1808	18791
1809	19249
1810	20522
1811	18464
1812	19867
1813	24683
1814	30779
1815	29055
1816	26209
1817	38069
1818	34473
1819	37392
1820	38114
1821	35502
1822	25834
1823	34993
1824	30510
1825	32281
1826	31679
1827	30848
1828	35204
1829	36957
1830	40449
1831	46950
1832	41301
1833	36169
1834	36751
1835	48490
1836	37015
1837	38855
1838	40560
1839	37580
1840	39265
1841	52488
1842	42040
1843	41635
1844	38242
1845	43354
1846	41775
1847	40986
1848	44899
1849	41854
1850	39453
1851	43003
1852	43967
1853	40353
1854	37956
1855	41793
1856	37446
1857	32808
1858	27968
1859	30361
1860	26816
1861	28740
1862	25871
1863	27117
1864	29652
1865	28882
1866	30765
1867	30016
1868	25350
1869	22936
1870	27372
1871	28896
1872	31479
1873	26838
1874	25371
1875	22535
1876	23236
1877	21094
1878	28456
1879	28022
1880	27911
1881	21260
1882	28577
1883	22479
1884	23146
1885	24672
1886	22189
1887	22464
1888	17600
1889	22769
1890	22614
1891	16482
1892	19601
1893	18793
1894	18401
1895	20067
1896	19895
1897	22171
1898	28020
1899	31607
1900	29398
1901	27031
1902	33701
1903	28732
1904	31183
1905	26449
1906	29486
1907	30069
1908	31805
1909	23354
1910	34149
1911	28292
1912	32717
1913	31495
1914	29533
1915	39146
1916	42827
1917	41561
1918	41097
1919	46467
1920	37931
1921	35786
1922	32825
1923	29498
1924	29612
1925	30472
1926	28854
1927	29530
1928	27158
1929	27008
1930	31029
1931	31553
1932	28050
1933	33037
1934	38366
1935	39941
1936	35348
1937	32733
1938	25430
1939	31953
1940	28763
1941	33317
1942	31459
1943	31819
1944	23591
1945	29828
1946	26974
1947	29569
1948	29931
1949	37614
1950	33167
1951	36534
1952	46070
1953	55677
1954	52385
1955	49275
1956	53364
1957	37548
1958	49296
1959	48113
1960	58391
1961	59208
1962	49142
1963	50601
1964	42377
1965	49752
1966	46699
1967	53240
1968	57335
1969	57023
1970	51531
1971	53044
1972	56609
1973	56479
1974	52963
1975	62294
1976	70520
1977	64496
1978	67211
1979	63678
1980	60110
1981	60699
1982	61957
1983	44836
1984	60812
1985	56640
1986	58365
1987	57366
1988	58374
1989	50023
1990	54553
1991	53714
1992	63303
1993	65162
1994	71743
1995	64696
1996	62463
1997	63975
1998	42411
1999	66606
2000	72673
2001	67113
2002	66195
2003	64660
2004	68816
2005	59855
2006	62749
2007	68079
2008	63543
2009	68827
2010	56738
2011	35519
2012	48428
2013	47100
2014	68854
2015	70789
2016	67588
2017	61433
2018	67326
2019	61471
2020	59697
2021	61394
2022	56714
2023	67510
2024	60383
2025	44995
2026	24965
2027	69577
2028	62830
2029	54507
2030	66730
2031	63259
2032	62883
2033	64364
2034	66264
2035	62385
2036	64089
2037	60732
2038	64559
2039	42338
2040	50366
2041	61243
2042	23728
2043	7593
2044	12384
2045	9667
2046	13596
2047	27513
2048	29760
2049	44537
2050	49125
2051	46360
2052	48351
2053	46456
2054	44967
2055	52092
2056	31801
2057	25726
2058	37519
2059	49322
2060	50323
2061	50918
2062	46089
2063	43430
2064	46033
2065	41148
2066	44166
2067	36997
2068	40835
2069	41666
2070	37489
2071	49259
2072	40950
2073	48025
2074	48572
2075	38543
2076	41873
2077	40823
2078	35656
2079	33730
2080	35722
2081	35908
2082	31957
2083	31553
2084	31885
2085	36294
2086	37172
2087	33107
2088	42560
2089	49035
2090	54315
2091	58063
2092	57939
2093	58918
2094	49176
2095	69363
2096	58368
2097	67596
2098	53317
2099	63313
2100	62988
2101	71159
2102	62911
2103	65235
2104	67638
2105	72696
2106	77121
2107	73844
2108	70131
2109	65017
2110	55906
2111	55763
2112	64964
2113	78246
2114	68655
2115	70261
2116	70834
2117	47200
2118	54996
2119	51142
2120	67196
2121	63309
2122	70653
2123	61793
2124	76352
2125	70716
2126	63226
2127	67949
2128	76693
2129	68553
2130	68536
2131	78099
2132	76694
2133	74183
2134	62184
2135	59177
2136	61225
2137	51367
2138	57889
2139	58605
2140	52377
2141	53910
2142	43740
2143	52663
2144	50569
2145	59695
2146	60883
2147	62404
2148	66238
2149	60121
2150	56063
2151	60634
2152	63504
2153	59793
2154	72984
2155	53749
2156	54828
2157	53801
2158	48439
2159	46271
2160	42634
2161	48534
2162	45684
2163	51427
2164	54707
2165	36256
2166	35836
2167	31694
2168	29289
2169	27705
2170	24051
2171	24518
2172	22608
2173	23456
2174	20539
2175	22199
2176	21528
2177	22713
2178	24376
2179	20645
2180	18967
2181	20893
2182	20210
2183	24340
2184	21233
2185	19629
2186	18508
2187	22671
2188	20418
2189	19731
2190	21924
2191	24335
2192	20680
2193	18305
2194	27060
2195	23512
2196	18871
2197	22955
2198	23427
2199	26658
2200	23199
2201	25894
2202	23441
2203	27663
2204	29288
2205	30911
2206	31522
2207	31953
2208	32788
2209	31644
2210	27649
2211	38024
2212	38061
2213	36964
2214	37795
2215	36091
2216	40261
2217	32371
2218	43588
2219	44351
2220	38293
2221	38916
2222	55572
2223	65601
2224	61343
2225	59092
2226	69367
2227	67895
2228	45673
2229	37195
2230	39470
2231	38451
2232	39680
2233	38511
2234	36247
2235	41285
2236	42715
2237	41614
2238	41932
2239	45609
2240	47123
2241	59513
2242	54420
2243	49334
2244	42213
2245	40468
2246	42258
2247	35068
2248	42096
2249	38411
2250	47132
2251	34211
2252	32730
2253	37755
2254	38723
2255	53218
2256	40161
2257	31908
2258	37477
2259	33648
2260	34146
2261	27415
2262	24982
2263	25379
2264	25503
2265	20586
2266	23818
2267	23515
2268	17726
2269	21377
2270	23002
2271	24781
2272	22166
2273	26659
2274	21449
2275	24577
2276	23595
2277	21850
2278	20694
2279	19438
2280	22296
2281	22207
2282	20111
2283	19930
2284	21677
2285	20972
2286	23322
2287	26388
2288	24083
2289	22813
2290	23912
2291	21210
2292	24788
2293	21614
2294	22219
2295	23132
2296	20375
2297	21770
2298	19867
2299	18843
2300	19925
2301	22870
2302	19226
2303	24136
2304	23487
2305	20665
2306	19087
2307	17255
2308	19731
2309	23141
2310	19668
2311	19082
2312	27305
2313	22938
2314	27202
2315	30733
2316	42190
2317	45571
2318	43308
2319	46066
2320	47357
2321	45993
2322	54994
2323	56182
2324	43654
2325	45608
2326	47761
2327	42487
2328	48567
2329	66003
2330	54915
2331	67481
2332	57330
2333	58504
2334	49893
2335	59258
2336	47591
2337	52825
2338	51741
2339	36992
2340	29388
2341	33951
2342	28762
2343	23654
2344	25152
2345	30732
2346	38662
2347	47461
2348	44133
2349	41134
2350	39857
2351	35093
2352	35232
2353	32383
2354	28516
2355	36821
2356	39623
2357	34913
2358	25289
2359	24464
2360	24561
2361	20923
2362	19539
2363	23542
2364	25365
2365	18800
2366	20756
2367	19359
2368	22075
2369	22545
2370	24321
2371	20765
2372	19656
2373	21583
2374	20728
2375	21650
2376	24238
2377	20401
2378	25385
2379	19445
2380	21560
2381	25704
2382	22868
2383	25864
2384	26245
2385	29285
2386	29467
2387	29273
2388	30312
2389	34665
2390	36654
2391	33470
2392	33275
2393	32776
2394	30004
2395	25121
2396	28726
2397	25200
2398	25237
2399	22775
2400	21308
2401	25529
2402	23861
2403	26979
2404	28612
2405	23895
2406	29625
2407	38498
2408	47173
2409	39405
2410	49801
2411	44759
2412	62349
2413	53002
2414	60524
2415	50168
2416	49779
2417	51014
2418	53601
2419	44104
2420	51083
2421	47565
2422	39746
2423	39991
2424	32721
2425	26152
2426	25776
2427	26206
2428	26681
2429	24465
2430	25394
2431	21750
2432	26431
2433	21601
2434	24011
2435	23821
2436	25113
2437	20843
2438	22353
2439	24732
2440	21846
2441	23186
2442	22214
2443	20709
2444	20422
2445	24928
2446	20014
2447	19121
2448	23753
2449	22136
2450	26127
2451	20585
2452	20630
2453	24706
2454	20906
2455	25028
2456	22055
2457	25260
2458	26223
2459	21316
2460	24424
2461	25469
2462	36122
2463	46963
2464	54298
2465	48449
2466	48256
2467	51674
2468	46463
2469	36948
2470	32954
2471	26996
2472	29203
2473	29505
2474	22740
2475	22919
2476	23890
2477	22726
2478	25590
2479	20412
2480	21888
2481	19866
2482	23064
2483	23491
2484	21583
2485	25698
2486	22273
2487	28378
2488	31649
2489	32281
2490	33496
2491	42814
2492	26589
2493	24265
2494	24812
2495	23624
2496	24105
2497	25900
2498	25537
2499	27131
2500	27370
2501	24074
2502	23202
2503	24107
2504	24606
2505	24546
2506	22013
2507	22594
2508	24471
2509	18687
2510	21586
2511	23295
2512	20180
2513	18836
2514	17906
2515	19065
2516	21337
2517	24100
2518	23001
2519	18804
2520	21683
2521	23406
2522	20430
2523	22098
2524	21362
2525	29975
2526	34683
2527	30977
2528	26581
2529	27867
2530	22010
2531	23546
2532	24463
2533	22996
2534	34309
2535	27069
2536	34156
2537	40123
2538	37634
2539	45543
2540	49074
2541	48114
2542	46930
2543	47792
2544	62443
2545	68140
2546	58037
2547	60475
2548	63510
2549	59437
2550	66627
2551	64717
2552	62536
2553	66071
2554	68369
2555	60983
2556	62429
2557	68223
2558	69688
2559	74349
2560	76590
2561	63345
2562	63428
2563	63483
2564	48648
2565	38277
2566	66955
2567	74713
2568	80365
2569	76650
2570	70938
2571	65773
2572	59893
2573	65306
2574	76171
2575	70962
2576	72717
2577	76153
2578	65025
2579	65964
2580	69580
2581	71454
2582	71946
2583	76519
2584	75670
2585	59952
2586	71145
2587	68291
2588	79025
2589	79915
2590	72277
2591	74758
2592	84184
2593	80909
2594	70459
2595	67794
2596	59974
2597	78805
2598	76257
2599	71077
2600	66953
2601	51840
2602	56795
2603	5401
2604	0
2605	41148
2606	50022
2607	53302
2608	57182
2609	54945
2610	58894
2611	73722
2612	66616
2613	56965
2614	60659
2615	60525
2616	74992
2617	59838
2618	69107
2619	65861
2620	57833
2621	49183
2622	53588
2623	63221
2624	75136
2625	72893
2626	69148
2627	61281
2628	52036
2629	58236
2630	52883
2631	49940
2632	54303
2633	44529
2634	44774
2635	61481
2636	58351
2637	58080
2638	57740
2639	51778
2640	53453
2641	63784
2642	62155
2643	57135
2644	53664
2645	53109
2646	54478
2647	59187
2648	67297
2649	59198
2650	56182
2651	56704
2652	46411
2653	48548
2654	54987
2655	60423
2656	67272
2657	61384
2658	56199
2659	58102
2660	54207
2661	46581
2662	51451
2663	49283
2664	44742
2665	50214
2666	46431
2667	41930
2668	49496
2669	52835
2670	48931
2671	48057
2672	51912
2673	53849
2674	60401
2675	63761
2676	57284
2677	62104
2678	57225
2679	57935
2680	61985
2681	55752
2682	68981
2683	57577
2684	56440
2685	58822
2686	57421
2687	53858
2688	48679
2689	50084
2690	53427
2691	54050
2692	51918
2693	47152
2694	39042
2695	40088
2696	56839
2697	63124
2698	64652
2699	61926
2700	62125
2701	46601
2702	54695
2703	67520
2704	76095
2705	55021
2706	56883
2707	59871
2708	69017
2709	59230
2710	64761
2711	56686
2712	49590
2713	57332
2714	47402
2715	41341
2716	37281
2717	32507
2718	36160
2719	30019
2720	30204
2721	27963
2722	25607
2723	27932
2724	26518
2725	25169
2726	25688
2727	23407
2728	20944
2729	19948
2730	22346
2731	24145
2732	26779
2733	24023
2734	22811
2735	24945
2736	21050
2737	21288
2738	25849
2739	23960
2740	27635
2741	26999
2742	26448
2743	27440
2744	29649
2745	42102
2746	42192
2747	38771
2748	44659
2749	48352
2750	43397
2751	58781
2752	77592
2753	76475
2754	54994
2755	58956
2756	57452
2757	52821
2758	56036
2759	60750
2760	65424
2761	61849
2762	62786
2763	62424
2764	47187
2765	55593
2766	56003
2767	63642
2768	65475
2769	58875
2770	63299
2771	73415
2772	65367
2773	69291
2774	64478
2775	81362
2776	63553
2777	61847
2778	59564
2779	60476
2780	67963
2781	65005
2782	74315
2783	79310
2784	72453
2785	63887
2786	80441
2787	36546
2788	66838
2789	67762
2790	75420
2791	72712
2792	70936
2793	75505
2794	74258
2795	78992
2796	55790
2797	67479
2798	79132
2799	84211
2800	76631
2801	69860
2802	78917
2803	75968
2804	80242
2805	70362
2806	70704
2807	71964
2808	53229
2809	46524
2810	53254
2811	53215
2812	54951
2813	56589
2814	54172
2815	46773
2816	50372
2817	54819
2818	52218
2819	42709
2820	50839
2821	47840
2822	54999
2823	53556
2824	56975
2825	55419
2826	45672
2827	50469
2828	50538
2829	46570
2830	38715
2831	32627
2832	27410
2833	29901
2834	26207
2835	31442
2836	31769
2837	34773
2838	26773
2839	34357
2840	48177
2841	1838
2842	68159
2843	58514
2844	47735
2845	26850
2846	24605
2847	43864
2848	51096
2849	62765
2850	57279
2851	64295
2852	66232
2853	62296
2854	51438
2855	44411
2856	39105
2857	36226
2858	47259
2859	69119
2860	59443
2861	64597
2862	51436
2863	49715
2864	24737
2865	5886
2866	2228
2867	9
2868	15295
2869	6103
2870	8834
2871	24935
2872	37267
2873	35521
2874	34093
2875	33791
2876	30413
2877	18230
2878	7986
2879	7452
2880	7237
2881	24733
2882	31246
2883	24433
2884	23769
2885	23920
2886	21878
2887	23397
2888	26015
2889	26036
2890	34069
2891	32409
2892	27361
2893	24757
2894	24414
2895	25077
2896	27829
2897	23918
2898	21010
2899	22843
2900	20988
2901	23415
2902	22288
2903	22504
2904	19555
2905	20558
2906	23896
2907	25074
2908	26862
2909	32768
2910	35788
2911	31480
2912	32695
2913	30718
2914	26550
2915	33803
2916	19885
2917	22121
2918	18839
2919	23205
2920	23508
2921	22447
2922	21336
2923	24272
2924	21728
2925	22288
2926	19765
2927	22157
2928	19254
2929	23243
2930	20981
2931	21494
2932	20330
2933	21290
2934	18377
2935	23305
2936	20769
2937	21459
2938	22091
2939	23341
2940	20417
2941	22127
2942	25153
2943	24896
2944	27754
2945	23406
2946	22954
2947	23003
2948	25799
2949	21412
2950	24354
2951	26768
2952	28183
2953	26163
2954	29598
2955	30125
2956	35268
2957	39039
2958	40324
2959	48586
2960	46325
2961	39153
2962	43781
2963	56532
2964	53654
2965	60519
2966	59327
2967	70798
2968	56762
2969	55064
2970	53861
2971	74875
2972	63844
2973	81379
2974	64012
2975	66677
2976	70174
2977	66871
2978	69986
2979	71077
2980	52281
2981	50268
2982	58180
2983	55807
2984	53980
2985	49069
2986	66294
2987	58738
2988	79126
2989	65743
2990	64763
2991	59449
2992	32051
2993	37423
2994	32073
2995	30171
2996	30610
2997	34545
2998	30273
2999	36835
3000	67555
3001	59370
3002	69517
3003	49862
3004	52591
3005	47551
3006	46411
3007	51297
3008	53322
3009	61761
3010	58584
3011	67060
3012	78551
3013	80824
3014	78307
3015	71389
3016	61623
3017	70134
3018	77512
3019	77008
3020	63368
3021	65029
3022	67924
3023	64523
3024	68332
3025	62948
3026	66079
3027	62308
3028	54032
3029	54425
3030	60948
3031	53972
3032	59936
3033	57463
3034	57830
3035	52177
3036	50608
3037	48352
3038	42535
3039	49160
3040	50019
3041	60747
3042	83128
3043	67610
3044	65242
3045	64784
3046	56001
3047	64674
3048	62132
3049	45123
3050	34413
3051	52602
3052	49762
3053	48158
3054	48718
3055	47228
3056	41721
3057	39372
3058	38639
3059	38603
3060	38535
3061	50455
3062	59146
3063	43505
3064	40784
3065	36806
3066	37361
3067	41572
3068	23067
3069	26584
3070	25044
3071	27703
3072	47773
3073	27044
3074	23241
3075	30959
3076	28697
3077	39538
3078	42379
3079	42022
3080	43864
3081	37870
3082	40846
3083	42662
3084	41007
3085	16976
3086	0
3087	26987
3088	42707
3089	59688
3090	53078
3091	46388
3092	51481
3093	47834
3094	53438
3095	56967
3096	53777
3097	48355
3098	52401
3099	58647
3100	62157
3101	63681
3102	62009
3103	51722
3104	51757
3105	46667
3106	57266
3107	59368
3108	54443
3109	45780
3110	46920
3111	54499
3112	49738
3113	45606
3114	52281
3115	40092
3116	48421
3117	51165
3118	47282
3119	52503
3120	47077
3121	48261
3122	44362
3123	47086
3124	52165
3125	47010
3126	46670
3127	48414
3128	56475
3129	56494
3130	52292
3131	54696
3132	57074
3133	62531
3134	65045
3135	58517
3136	69277
3137	56431
3138	68700
3139	59583
3140	66923
3141	74077
3142	74812
3143	60537
3144	55398
3145	52073
3146	47627
3147	52761
3148	48876
3149	42740
3150	39869
3151	42240
3152	43752
3153	42371
3154	37412
3155	46543
3156	41526
3157	29657
3158	33626
3159	38081
3160	38747
3161	37966
3162	26143
3163	38165
3164	40172
3165	52255
3166	51738
3167	52568
3168	53158
3169	51708
3170	58611
3171	59449
3172	68464
3173	59827
3174	50628
3175	46614
3176	55987
3177	53935
3178	46705
3179	50633
3180	50204
3181	37579
3182	24434
