	K562_combined
0	0
1	3345
2	462
3	16066
4	16439
5	7053
6	18990
7	24633
8	22423
9	18221
10	17988
11	15906
12	19260
13	17881
14	19180
15	19858
16	18295
17	19961
18	22573
19	23682
20	15088
21	106
22	2799
23	128
24	16570
25	5219
26	13940
27	24347
28	24889
29	20259
30	25560
31	25552
32	31791
33	24218
34	22864
35	25652
36	17041
37	24424
38	17687
39	22780
40	21531
41	7710
42	13916
43	24531
44	25170
45	26274
46	27470
47	33806
48	25423
49	29801
50	23732
51	28030
52	24808
53	24670
54	26214
55	23442
56	30958
57	27688
58	24412
59	22138
60	20803
61	19000
62	18786
63	17228
64	15352
65	17139
66	17360
67	18456
68	18582
69	18780
70	22130
71	24474
72	29355
73	23311
74	21929
75	2569
76	1056
77	15234
78	10801
79	11787
80	11209
81	12283
82	12068
83	10543
84	10533
85	10305
86	11339
87	10246
88	10563
89	9841
90	9422
91	11454
92	10622
93	9737
94	10403
95	10238
96	10337
97	9989
98	10053
99	10523
100	9546
101	10508
102	9859
103	9486
104	9586
105	10859
106	10177
107	9346
108	9487
109	10206
110	10608
111	10871
112	9759
113	9644
114	8523
115	9706
116	11106
117	10309
118	11416
119	12752
120	11441
121	11923
122	11833
123	11286
124	14569
125	11602
126	12161
127	10966
128	10445
129	10511
130	10850
131	12072
132	10947
133	12965
134	12215
135	12029
136	12872
137	13183
138	13414
139	16656
140	54779
141	20700
142	15136
143	15416
144	14221
145	13872
146	11622
147	11258
148	10710
149	10693
150	10771
151	11663
152	6296
153	6230
154	11241
155	11951
156	11683
157	18087
158	17043
159	14002
160	11058
161	11461
162	8798
163	10432
164	8487
165	11689
166	10772
167	11495
168	9165
169	10327
170	11136
171	12508
172	12116
173	14356
174	15992
175	14693
176	17603
177	15841
178	19995
179	14729
180	19000
181	19730
182	20325
183	22291
184	22144
185	26633
186	31120
187	30235
188	31061
189	27401
190	25055
191	25846
192	23780
193	26519
194	24858
195	24730
196	23946
197	21033
198	23757
199	23677
200	24918
201	20262
202	28321
203	23028
204	17779
205	16457
206	16404
207	16418
208	15736
209	15455
210	17742
211	19833
212	16956
213	17159
214	14079
215	5220
216	20115
217	19442
218	19508
219	19223
220	17718
221	18860
222	26371
223	24487
224	25081
225	26371
226	27252
227	30638
228	28792
229	29215
230	24575
231	22917
232	23664
233	20717
234	21644
235	25132
236	19748
237	14423
238	13741
239	14361
240	12624
241	13448
242	12470
243	13678
244	12395
245	13894
246	13860
247	13844
248	12671
249	12397
250	13076
251	15987
252	17885
253	16409
254	19724
255	22003
256	26210
257	22621
258	26975
259	28337
260	31219
261	27447
262	30429
263	24175
264	25326
265	29223
266	25139
267	25363
268	24085
269	25252
270	24792
271	22996
272	22177
273	30298
274	26045
275	25237
276	26362
277	21082
278	21751
279	19343
280	20333
281	19457
282	14758
283	13719
284	12229
285	12764
286	11280
287	10930
288	9911
289	13307
290	10895
291	10403
292	11041
293	12399
294	12244
295	15007
296	15409
297	17428
298	14411
299	15591
300	11644
301	14054
302	13343
303	17940
304	18186
305	20034
306	25452
307	23387
308	20905
309	23230
310	27939
311	28294
312	25451
313	25991
314	23226
315	27249
316	24601
317	22123
318	23566
319	25686
320	19942
321	17453
322	20217
323	21894
324	19697
325	18647
326	16965
327	16005
328	21317
329	25376
330	21512
331	23655
332	26594
333	28541
334	33411
335	28682
336	29657
337	23697
338	29657
339	23337
340	23053
341	20259
342	20574
343	20683
344	15384
345	19960
346	16823
347	15329
348	18759
349	18776
350	18389
351	20485
352	20074
353	20093
354	17935
355	20666
356	19809
357	18810
358	17482
359	22236
360	17311
361	15967
362	17450
363	23524
364	21894
365	20803
366	19956
367	25533
368	27458
369	21245
370	19288
371	18598
372	18010
373	22920
374	21353
375	20292
376	22023
377	24344
378	27100
379	22839
380	24920
381	22775
382	21654
383	24473
384	18606
385	17911
386	20938
387	27162
388	23048
389	21969
390	22695
391	23277
392	23597
393	21034
394	21144
395	22660
396	22277
397	26899
398	23678
399	20709
400	23542
401	24828
402	23177
403	22536
404	21569
405	21131
406	21917
407	15119
408	18563
409	18470
410	16086
411	10962
412	13044
413	10744
414	9875
415	11184
416	9112
417	10355
418	11051
419	11185
420	10756
421	9193
422	9839
423	9551
424	10437
425	9141
426	9748
427	10821
428	10194
429	9602
430	7977
431	9676
432	8949
433	10380
434	16754
435	16594
436	16926
437	20019
438	22405
439	23478
440	20970
441	17115
442	18262
443	15196
444	14533
445	15210
446	13981
447	12384
448	12768
449	12796
450	9800
451	10894
452	10822
453	10624
454	9715
455	9642
456	12145
457	11635
458	9258
459	12976
460	12499
461	10902
462	12990
463	13327
464	13633
465	11951
466	14822
467	16663
468	15122
469	14820
470	15395
471	15517
472	22586
473	26364
474	29503
475	33558
476	31709
477	26302
478	31785
479	27915
480	29370
481	28780
482	29864
483	25026
484	26265
485	29457
486	25025
487	23760
488	24060
489	25082
490	24732
491	22131
492	23756
493	26233
494	23867
495	21858
496	19648
497	20330
498	19592
499	17823
500	19665
501	21820
502	22940
503	18495
504	13960
505	11986
506	11503
507	11013
508	11045
509	10106
510	9936
511	11304
512	10265
513	10275
514	11088
515	10301
516	9012
517	9899
518	10529
519	10063
520	9903
521	10054
522	8384
523	11858
524	11185
525	10011
526	8714
527	10873
528	8630
529	11303
530	11195
531	9355
532	10815
533	10292
534	9306
535	9444
536	10770
537	9854
538	8603
539	10064
540	9501
541	9528
542	9983
543	9434
544	7747
545	8769
546	10967
547	8929
548	8777
549	10169
550	9149
551	10785
552	9668
553	9532
554	8818
555	11446
556	12075
557	11082
558	9356
559	10194
560	10091
561	10746
562	7498
563	7821
564	7832
565	9024
566	9427
567	10137
568	9685
569	10022
570	10871
571	11109
572	10549
573	11442
574	8145
575	8791
576	8801
577	7340
578	7594
579	9167
580	9899
581	9663
582	9228
583	9987
584	9942
585	8712
586	9994
587	9832
588	8857
589	9078
590	10503
591	10103
592	11472
593	10710
594	11467
595	9963
596	10014
597	10265
598	8448
599	11009
600	11164
601	12959
602	11239
603	13967
604	18124
605	20287
606	17351
607	15473
608	12222
609	14261
610	16718
611	18180
612	19116
613	23724
614	20095
615	21317
616	13453
617	20625
618	26312
619	24861
620	21296
621	16913
622	16453
623	18700
624	18568
625	18056
626	18603
627	19114
628	20701
629	17645
630	16959
631	16088
632	14048
633	18301
634	14639
635	15995
636	17744
637	17856
638	15134
639	14150
640	13096
641	12734
642	13248
643	12154
644	9694
645	10524
646	9165
647	9238
648	8822
649	8956
650	10338
651	9995
652	9566
653	8693
654	9557
655	9950
656	8073
657	10596
658	9604
659	8176
660	7890
661	9503
662	10215
663	9913
664	9666
665	10443
666	9395
667	8293
668	8736
669	12932
670	13043
671	14511
672	13035
673	12027
674	11464
675	9347
676	10695
677	9426
678	10028
679	9177
680	8585
681	8975
682	9307
683	8343
684	9351
685	8121
686	9246
687	9559
688	11319
689	9789
690	9410
691	8250
692	9929
693	9364
694	10803
695	8782
696	8895
697	10732
698	10038
699	9957
700	10426
701	11195
702	9758
703	10315
704	8528
705	8730
706	9107
707	10946
708	12203
709	9192
710	10246
711	10706
712	10666
713	10836
714	9533
715	11002
716	12197
717	10052
718	9731
719	8492
720	9333
721	9681
722	8578
723	8796
724	10315
725	9686
726	8604
727	8975
728	10675
729	9904
730	10311
731	9502
732	10201
733	11724
734	11612
735	14717
736	11155
737	10939
738	11985
739	10771
740	12057
741	11857
742	580
743	16202
744	20010
745	15872
746	20487
747	15869
748	16624
749	18594
750	21674
751	20959
752	21698
753	20535
754	21438
755	17826
756	17880
757	18026
758	18207
759	15176
760	19564
761	21392
762	20523
763	21182
764	19636
765	19681
766	16598
767	16893
768	18495
769	22202
770	26450
771	22474
772	24856
773	25831
774	25253
775	23804
776	22593
777	21362
778	20618
779	21726
780	23648
781	26579
782	24941
783	22735
784	25809
785	24071
786	27850
787	27044
788	27975
789	30018
790	29462
791	31202
792	30938
793	29941
794	32641
795	32786
796	32932
797	30283
798	31245
799	38401
800	34526
801	34667
802	35697
803	32425
804	31124
805	32672
806	36016
807	33369
808	33342
809	26714
810	23865
811	21434
812	27118
813	29082
814	23866
815	25421
816	27844
817	32051
818	27646
819	27021
820	22754
821	22276
822	30607
823	29594
824	27966
825	27242
826	26445
827	21986
828	20724
829	22833
830	19630
831	19356
832	20652
833	16813
834	14152
835	20913
836	16349
837	14632
838	18160
839	13193
840	18445
841	14303
842	15458
843	14841
844	14988
845	13715
846	11588
847	13550
848	12392
849	11544
850	11334
851	14605
852	13358
853	14384
854	10482
855	13065
856	14250
857	11728
858	13556
859	11351
860	13521
861	13678
862	17039
863	13777
864	15348
865	15183
866	15832
867	17301
868	17698
869	19319
870	16206
871	16418
872	18897
873	16684
874	18204
875	18183
876	22248
877	17843
878	21310
879	19986
880	21800
881	22162
882	22181
883	24559
884	25063
885	25223
886	23516
887	25825
888	27182
889	26732
890	26151
891	27612
892	26683
893	25159
894	24818
895	24551
896	21343
897	20877
898	18754
899	20480
900	23877
901	21801
902	19068
903	15688
904	16024
905	15976
906	14822
907	15465
908	14070
909	12053
910	14005
911	14901
912	15465
913	17273
914	19269
915	17265
916	15265
917	12391
918	14620
919	14625
920	16062
921	16541
922	18320
923	16215
924	18573
925	19345
926	19847
927	21214
928	23790
929	20971
930	19278
931	20921
932	21046
933	25150
934	21996
935	22071
936	23876
937	23055
938	26593
939	29025
940	29094
941	31096
942	27036
943	26516
944	30786
945	28194
946	28504
947	31872
948	34759
949	25865
950	30100
951	27886
952	25964
953	23884
954	24201
955	18096
956	23201
957	18255
958	29949
959	17869
960	26880
961	29078
962	27978
963	21981
964	14842
965	8810
966	32535
967	36785
968	32569
969	36078
970	33900
971	43736
972	39887
973	35358
974	33105
975	37915
976	38906
977	30975
978	35330
979	39010
980	37489
981	34856
982	34775
983	13596
984	2010
985	0
986	74
987	15577
988	25793
989	25504
990	24554
991	26068
992	26646
993	25050
994	16774
995	16020
996	16858
997	24598
998	23907
999	13041
1000	10554
1001	18627
1002	19950
1003	17572
1004	16148
1005	17103
1006	17725
1007	16199
1008	17267
1009	14903
1010	17316
1011	16871
1012	18399
1013	18882
1014	15373
1015	15734
1016	18782
1017	16614
1018	15691
1019	14241
1020	13078
1021	16168
1022	15992
1023	15594
1024	15868
1025	15378
1026	15830
1027	15650
1028	6558
1029	11109
1030	17909
1031	16109
1032	18037
1033	13786
1034	12264
1035	9012
1036	9088
1037	15478
1038	6321
1039	13230
1040	17217
1041	19658
1042	1354
1043	17
1044	1
1045	5
1046	29
1047	21
1048	0
1049	0
1050	280
1051	13550
1052	20415
1053	20253
1054	1627
1055	509
1056	11884
1057	19454
1058	4871
1059	8259
1060	24288
1061	21786
1062	28217
1063	23840
1064	28656
1065	36919
1066	31153
1067	26225
1068	29370
1069	32255
1070	29980
1071	26868
1072	19511
1073	23654
1074	28430
1075	23563
1076	23274
1077	23003
1078	23491
1079	24069
1080	24213
1081	26076
1082	23621
1083	20521
1084	24013
1085	18755
1086	21476
1087	20710
1088	24223
1089	24750
1090	26396
1091	25900
1092	20721
1093	17942
1094	17985
1095	19680
1096	21487
1097	16569
1098	17642
1099	19215
1100	27394
1101	22330
1102	23456
1103	24885
1104	20008
1105	16431
1106	17889
1107	18625
1108	16379
1109	11332
1110	7119
1111	13381
1112	11625
1113	16461
1114	17716
1115	16645
1116	16697
1117	13741
1118	14430
1119	12805
1120	12690
1121	12576
1122	11481
1123	11901
1124	15712
1125	13248
1126	15499
1127	12389
1128	12785
1129	9941
1130	13231
1131	16851
1132	14566
1133	16148
1134	13927
1135	14543
1136	14322
1137	14659
1138	12609
1139	13028
1140	13478
1141	15376
1142	15249
1143	17102
1144	11820
1145	14429
1146	13869
1147	11087
1148	12966
1149	12797
1150	11163
1151	10702
1152	13851
1153	11555
1154	11091
1155	11276
1156	9698
1157	11805
1158	9338
1159	9807
1160	11238
1161	9544
1162	6720
1163	5130
1164	6147
1165	5857
1166	6219
1167	4326
1168	4123
1169	3516
1170	5034
1171	21598
1172	0
1173	0
1174	0
1175	0
1176	0
1177	0
1178	0
1179	0
1180	0
1181	0
1182	0
1183	0
1184	0
1185	0
1186	0
1187	0
1188	0
1189	0
1190	0
1191	0
1192	0
1193	0
1194	0
1195	0
1196	0
1197	0
1198	0
1199	0
1200	0
1201	0
1202	0
1203	0
1204	0
1205	0
1206	0
1207	0
1208	0
1209	0
1210	0
1211	0
1212	0
1213	0
1214	0
1215	0
1216	0
1217	0
1218	0
1219	0
1220	0
1221	0
1222	0
1223	0
1224	0
1225	0
1226	0
1227	0
1228	0
1229	0
1230	0
1231	0
1232	0
1233	7759
1234	55335
1235	10031
1236	19027
1237	11452
1238	6262
1239	6111
1240	6159
1241	9831
1242	8444
1243	8138
1244	9951
1245	10393
1246	10756
1247	446
1248	1463
1249	8716
1250	15274
1251	16328
1252	13735
1253	16347
1254	13980
1255	14261
1256	12466
1257	12741
1258	11898
1259	13284
1260	12419
1261	11796
1262	12204
1263	11420
1264	11190
1265	13112
1266	11936
1267	12076
1268	16772
1269	12092
1270	13375
1271	16018
1272	15176
1273	13668
1274	12434
1275	13261
1276	14974
1277	11311
1278	10566
1279	11853
1280	11873
1281	11579
1282	14874
1283	13809
1284	14271
1285	14374
1286	13493
1287	13342
1288	12093
1289	11890
1290	10772
1291	13524
1292	15777
1293	15788
1294	24653
1295	29020
1296	27596
1297	33562
1298	33234
1299	26801
1300	24454
1301	28570
1302	25902
1303	23085
1304	32275
1305	25181
1306	23200
1307	23850
1308	20478
1309	22055
1310	16353
1311	16693
1312	16544
1313	14941
1314	15165
1315	12692
1316	12215
1317	13671
1318	13831
1319	13007
1320	12517
1321	12643
1322	10419
1323	10357
1324	11577
1325	11357
1326	10786
1327	11544
1328	10040
1329	11784
1330	11138
1331	10606
1332	10530
1333	10830
1334	12544
1335	12564
1336	11842
1337	11852
1338	15377
1339	14559
1340	12046
1341	12303
1342	12697
1343	13890
1344	12910
1345	18905
1346	17629
1347	17767
1348	22120
1349	21212
1350	21424
1351	23106
1352	24434
1353	26649
1354	25549
1355	24541
1356	23088
1357	26485
1358	25600
1359	25970
1360	21179
1361	26214
1362	26320
1363	18306
1364	22823
1365	21262
1366	29981
1367	24181
1368	25870
1369	24288
1370	23767
1371	19111
1372	19499
1373	20126
1374	19269
1375	19258
1376	17811
1377	15087
1378	14852
1379	13574
1380	13871
1381	18091
1382	16379
1383	17329
1384	15902
1385	23142
1386	22736
1387	26922
1388	24248
1389	27999
1390	23897
1391	21731
1392	25858
1393	24186
1394	25415
1395	20329
1396	16339
1397	18252
1398	18952
1399	20416
1400	21790
1401	21744
1402	25385
1403	22556
1404	29404
1405	25021
1406	36942
1407	33220
1408	32129
1409	28984
1410	25964
1411	27460
1412	24781
1413	27326
1414	26860
1415	24145
1416	23797
1417	24164
1418	1376
1419	253
1420	12706
1421	21180
1422	20310
1423	20973
1424	25960
1425	23053
1426	25832
1427	21659
1428	25734
1429	30475
1430	29300
1431	25162
1432	20011
1433	20349
1434	21215
1435	23463
1436	19642
1437	17400
1438	17286
1439	5079
1440	1572
1441	1447
1442	1043
1443	806
1444	11539
1445	13124
1446	9673
1447	12749
1448	13535
1449	13247
1450	14301
1451	14303
1452	12597
1453	14065
1454	13914
1455	14371
1456	14134
1457	14983
1458	14067
1459	14592
1460	15722
1461	21952
1462	21866
1463	21464
1464	17795
1465	19293
1466	17554
1467	17577
1468	20589
1469	22108
1470	26592
1471	24699
1472	18566
1473	24476
1474	20507
1475	22237
1476	17613
1477	18271
1478	14530
1479	17466
1480	13864
1481	14229
1482	12812
1483	13892
1484	14202
1485	14142
1486	16337
1487	17394
1488	17939
1489	17980
1490	16591
1491	14529
1492	14234
1493	16282
1494	13623
1495	10972
1496	14056
1497	14579
1498	13519
1499	15131
1500	15050
1501	14470
1502	14579
1503	13864
1504	14826
1505	11669
1506	12375
1507	16611
1508	15165
1509	15244
1510	11715
1511	11230
1512	32912
1513	12672
1514	14383
1515	14788
1516	11498
1517	13496
1518	12333
1519	12537
1520	11658
1521	13277
1522	14726
1523	12296
1524	12930
1525	13988
1526	14021
1527	12965
1528	13313
1529	13865
1530	14998
1531	14679
1532	18060
1533	1640
1534	18832
1535	19740
1536	15123
1537	17816
1538	17968
1539	19653
1540	21251
1541	20246
1542	22532
1543	21288
1544	19314
1545	20575
1546	19274
1547	24184
1548	17168
1549	13158
1550	12663
1551	13517
1552	11688
1553	10919
1554	9822
1555	12746
1556	11165
1557	10635
1558	11689
1559	10419
1560	12405
1561	10715
1562	11423
1563	10488
1564	11370
1565	10655
1566	10809
1567	10394
1568	10194
1569	10545
1570	10753
1571	12509
1572	13781
1573	12195
1574	9884
1575	11009
1576	9317
1577	9926
1578	9385
1579	10108
1580	8806
1581	10226
1582	11687
1583	8104
1584	9159
1585	9807
1586	11317
1587	9226
1588	10865
1589	12571
1590	14502
1591	12578
1592	15589
1593	13809
1594	15924
1595	15438
1596	16272
1597	12194
1598	13158
1599	13238
1600	14909
1601	16102
1602	11571
1603	10552
1604	11574
1605	10414
1606	11229
1607	11208
1608	12383
1609	14587
1610	13534
1611	14349
1612	9780
1613	9474
1614	10619
1615	9233
1616	8519
1617	8838
1618	8142
1619	9545
1620	10346
1621	7679
1622	8744
1623	9708
1624	8521
1625	9300
1626	9556
1627	8012
1628	9228
1629	8798
1630	7308
1631	9397
1632	9788
1633	8188
1634	8953
1635	8758
1636	9746
1637	9396
1638	10095
1639	9784
1640	11041
1641	9954
1642	8095
1643	8167
1644	7992
1645	8781
1646	9016
1647	9111
1648	9794
1649	9069
1650	9783
1651	8675
1652	9328
1653	10154
1654	8748
1655	9704
1656	9067
1657	9380
1658	10451
1659	8198
1660	8293
1661	8661
1662	8225
1663	10299
1664	8915
1665	7963
1666	9237
1667	8571
1668	8778
1669	8969
1670	9701
1671	9285
1672	8895
1673	9180
1674	8856
1675	9817
1676	9571
1677	8420
1678	9071
1679	10010
1680	11293
1681	9156
1682	10473
1683	14082
1684	14651
1685	18949
1686	13135
1687	12313
1688	11077
1689	11990
1690	10229
1691	9887
1692	9303
1693	10576
1694	9368
1695	9618
1696	11214
1697	11530
1698	11961
1699	11345
1700	10840
1701	11094
1702	10424
1703	13835
1704	12715
1705	15891
1706	14199
1707	12850
1708	11962
1709	10401
1710	9191
1711	9998
1712	7945
1713	10289
1714	8788
1715	10530
1716	8292
1717	10520
1718	9633
1719	9165
1720	8624
1721	8347
1722	10682
1723	8097
1724	8869
1725	9307
1726	9462
1727	8122
1728	8501
1729	9497
1730	9889
1731	9606
1732	12184
1733	13514
1734	15102
1735	12608
1736	15125
1737	12829
1738	11842
1739	10448
1740	11640
1741	8214
1742	9990
1743	9913
1744	8933
1745	8431
1746	7645
1747	8486
1748	9337
1749	8690
1750	9616
1751	9833
1752	9458
1753	9301
1754	8723
1755	8096
1756	9481
1757	9258
1758	8223
1759	9136
1760	9178
1761	8350
1762	8240
1763	9182
1764	7507
1765	8732
1766	9031
1767	8047
1768	8683
1769	5167
1770	4677
1771	4406
1772	4826
1773	3640
1774	3905
1775	3651
1776	4805
1777	4499
1778	4517
1779	5537
1780	4427
1781	4301
1782	3810
1783	3591
1784	4712
1785	7992
1786	7050
1787	4215
1788	5825
1789	5256
1790	5399
1791	6180
1792	7436
1793	6824
1794	7075
1795	6397
1796	6818
1797	7229
1798	6040
1799	6325
1800	5549
1801	5246
1802	6108
1803	4940
1804	5773
1805	7587
1806	8753
1807	7353
1808	4453
1809	4224
1810	7427
1811	8155
1812	9876
1813	8072
1814	7281
1815	4233
1816	4921
1817	5509
1818	4912
1819	6641
1820	3976
1821	4634
1822	4815
1823	4173
1824	4908
1825	4855
1826	5403
1827	7283
1828	6827
1829	9366
1830	7833
1831	4988
1832	5107
1833	6786
1834	3753
1835	4099
1836	4797
1837	3513
1838	3983
1839	4587
1840	4510
1841	4751
1842	5413
1843	5025
1844	4928
1845	5809
1846	5460
1847	7197
1848	8792
1849	9202
1850	8276
1851	8117
1852	6871
1853	9267
1854	9381
1855	9472
1856	8912
1857	8525
1858	10264
1859	9917
1860	8372
1861	7823
1862	9127
1863	8797
1864	9835
1865	9981
1866	8810
1867	8806
1868	8313
1869	9232
1870	8956
1871	9052
1872	7410
1873	9716
1874	8114
1875	7482
1876	7042
1877	7426
1878	8153
1879	8840
1880	8960
1881	10587
1882	7223
1883	10171
1884	8642
1885	8414
1886	8733
1887	8378
1888	8674
1889	9241
1890	10100
1891	10769
1892	8281
1893	8667
1894	10249
1895	9148
1896	9478
1897	9818
1898	9831
1899	10561
1900	9280
1901	9213
1902	10282
1903	9651
1904	9842
1905	8391
1906	8283
1907	8613
1908	8807
1909	11247
1910	9636
1911	10544
1912	12370
1913	12267
1914	11885
1915	10306
1916	12265
1917	12674
1918	13651
1919	13439
1920	11773
1921	12398
1922	12385
1923	9137
1924	11908
1925	11687
1926	12218
1927	11980
1928	12118
1929	15667
1930	14583
1931	15182
1932	14720
1933	14003
1934	11182
1935	10561
1936	11201
1937	13404
1938	11417
1939	11860
1940	11241
1941	11440
1942	9826
1943	10803
1944	9053
1945	10558
1946	11571
1947	10177
1948	9834
1949	11379
1950	10176
1951	10720
1952	10477
1953	10241
1954	11606
1955	11677
1956	12265
1957	9801
1958	9662
1959	10890
1960	9606
1961	8482
1962	13541
1963	10255
1964	8785
1965	9058
1966	9888
1967	9793
1968	10180
1969	8164
1970	10803
1971	9385
1972	9858
1973	8820
1974	8797
1975	8951
1976	8168
1977	9651
1978	9885
1979	10661
1980	10974
1981	9902
1982	9469
1983	10150
1984	9987
1985	10189
1986	11382
1987	10758
1988	11073
1989	12786
1990	13599
1991	14222
1992	14160
1993	16966
1994	15729
1995	15547
1996	14353
1997	19710
1998	21186
1999	21060
2000	22333
2001	21741
2002	23216
2003	22709
2004	20906
2005	24800
2006	27222
2007	23437
2008	21294
2009	23606
2010	24146
2011	25899
2012	28403
2013	24716
2014	21242
2015	16124
2016	19283
2017	15078
2018	16400
2019	16255
2020	14990
2021	15211
2022	15869
2023	16088
2024	16232
2025	14306
2026	14318
2027	14945
2028	18390
2029	1560
2030	717
2031	1936
2032	2694
2033	948
2034	2793
2035	18656
2036	18450
2037	20283
2038	19898
2039	22392
2040	22908
2041	22881
2042	20576
2043	18096
2044	24857
2045	21445
2046	22399
2047	27013
2048	21170
2049	26368
2050	25234
2051	20008
2052	21167
2053	23538
2054	20428
2055	19274
2056	19570
2057	20110
2058	24320
2059	26665
2060	26183
2061	20311
2062	14641
2063	17292
2064	12446
2065	21110
2066	13180
2067	20407
2068	22756
2069	20163
2070	19231
2071	20361
2072	18004
2073	16623
2074	15247
2075	12581
2076	13832
2077	13143
2078	11362
2079	10272
2080	12471
2081	12750
2082	11555
2083	11810
2084	11446
2085	10143
2086	12214
2087	10756
2088	12594
2089	11885
2090	12885
2091	10308
2092	10112
2093	10821
2094	11749
2095	9758
2096	10545
2097	10275
2098	11668
2099	10371
2100	10176
2101	10173
2102	9612
2103	10463
2104	10872
2105	12524
2106	10649
2107	11538
2108	10675
2109	11009
2110	5626
2111	8510
2112	14004
2113	13701
2114	11419
2115	11139
2116	11685
2117	12620
2118	11708
2119	13171
2120	13275
2121	11702
2122	17857
2123	22297
2124	19982
2125	20044
2126	18883
2127	21679
2128	19021
2129	19792
2130	21194
2131	21211
2132	19804
2133	21808
2134	24911
2135	25219
2136	28607
2137	30095
2138	34095
2139	32751
2140	26031
2141	20837
2142	18854
2143	20878
2144	20276
2145	21036
2146	23900
2147	20755
2148	23142
2149	22788
2150	16728
2151	16375
2152	17677
2153	15268
2154	15812
2155	15667
2156	15452
2157	14091
2158	14841
2159	14112
2160	12256
2161	13577
2162	12239
2163	12426
2164	11637
2165	11440
2166	12265
2167	13142
2168	12789
2169	14321
2170	14808
2171	17917
2172	16771
2173	18706
2174	19362
2175	20897
2176	21561
2177	20682
2178	22116
2179	26818
2180	26392
2181	25524
2182	27137
2183	31154
2184	29332
2185	29438
2186	27870
2187	29563
2188	31214
2189	24475
2190	21609
2191	26047
2192	31937
2193	29270
2194	19514
2195	19244
2196	17992
2197	15582
2198	18845
2199	19485
2200	16110
2201	18076
2202	20170
2203	19111
2204	17709
2205	16746
2206	15878
2207	17607
2208	15531
2209	18068
2210	20002
2211	15142
2212	16048
2213	15320
2214	16735
2215	14626
2216	14751
2217	17566
2218	20352
2219	17298
2220	17339
2221	19338
2222	16414
2223	16212
2224	16471
2225	16032
2226	14993
2227	15450
2228	16134
2229	16330
2230	14783
2231	13542
2232	14068
2233	13097
2234	12091
2235	14396
2236	13162
2237	14633
2238	14028
2239	12755
2240	17212
2241	18320
2242	14601
2243	14534
2244	13323
2245	13688
2246	13096
2247	12645
2248	11563
2249	13132
2250	13438
2251	11211
2252	10881
2253	10322
2254	12877
2255	11978
2256	10101
2257	10975
2258	12678
2259	13463
2260	13764
2261	12782
2262	13025
2263	17151
2264	24449
2265	25725
2266	25783
2267	21388
2268	20006
2269	21005
2270	8531
2271	14776
2272	19987
2273	19519
2274	17345
2275	16525
2276	18519
2277	19743
2278	14818
2279	17252
2280	16078
2281	16125
2282	18140
2283	21574
2284	23858
2285	20692
2286	21590
2287	21910
2288	14875
2289	14404
2290	16864
2291	17683
2292	16350
2293	16663
2294	17613
2295	18524
2296	16227
2297	18242
2298	20610
2299	3036
2300	23402
2301	17558
2302	13920
2303	12481
2304	10112
2305	9602
2306	9455
2307	11649
2308	9610
2309	11793
2310	10972
2311	9819
2312	9202
2313	6152
2314	3467
2315	8493
2316	10339
2317	10732
2318	8483
2319	9345
2320	10199
2321	8963
2322	9410
2323	8823
2324	10241
2325	9419
2326	10492
2327	8399
2328	9907
2329	9031
2330	11154
2331	10728
2332	11779
2333	10466
2334	10930
2335	11008
2336	12319
2337	10115
2338	11178
2339	13498
2340	11757
2341	10314
2342	11858
2343	12206
2344	13615
2345	21819
2346	20014
2347	20946
2348	21114
2349	29103
2350	22756
2351	27294
2352	32211
2353	29923
2354	23205
2355	24137
2356	26315
2357	26542
2358	24762
2359	24909
2360	32007
2361	28637
2362	30530
2363	25974
2364	25562
2365	24468
2366	24794
2367	26149
2368	25099
2369	22101
2370	28051
2371	26199
2372	31600
2373	29927
2374	27517
2375	30149
2376	32935
2377	30900
2378	30918
2379	29793
2380	31316
2381	30195
2382	22758
2383	12544
2384	16132
2385	15241
2386	9326
2387	23857
2388	22295
2389	22496
2390	24882
2391	26570
2392	26798
2393	24549
2394	27341
2395	25676
2396	24597
2397	22357
2398	20038
2399	16857
2400	3505
2401	7
2402	10886
2403	19341
2404	18954
2405	20634
2406	19747
2407	18663
2408	16008
2409	18035
2410	17590
2411	15396
2412	14541
2413	14828
2414	14488
2415	14821
2416	12809
2417	13565
2418	13755
2419	13413
2420	9744
2421	11150
2422	11699
2423	10087
2424	10634
2425	9604
2426	10444
2427	10486
2428	9424
2429	10967
2430	9264
2431	10153
2432	10222
2433	10170
2434	11006
2435	13433
2436	10562
2437	11912
2438	11294
2439	10990
2440	11212
2441	12868
2442	10733
2443	11191
2444	11539
2445	15874
2446	21087
2447	18550
2448	18923
2449	18333
2450	16863
2451	20822
2452	25128
2453	20700
2454	18431
2455	20437
2456	24219
2457	29404
2458	32204
2459	32465
2460	26172
2461	27071
2462	26457
2463	19367
2464	18663
2465	22478
2466	25561
2467	24818
2468	20600
2469	21024
2470	19845
2471	19938
2472	20559
2473	18734
2474	19254
2475	17920
2476	16943
2477	17847
2478	14536
2479	17253
2480	17662
2481	18600
2482	15516
2483	15505
2484	17800
2485	17785
2486	17810
2487	15467
2488	16117
2489	20129
2490	21661
2491	16602
2492	15770
2493	16154
2494	14836
2495	16771
2496	14596
2497	12983
2498	13358
2499	12004
2500	9531
2501	8732
2502	10998
2503	9396
2504	9630
2505	11071
2506	9051
2507	9913
2508	9495
2509	9264
2510	8568
2511	9096
2512	8489
2513	8599
2514	8181
2515	9475
2516	9856
2517	8516
2518	7894
2519	9208
2520	9418
2521	10407
2522	9038
2523	8951
2524	9144
2525	7672
2526	8576
2527	7703
2528	8600
2529	8136
2530	8349
2531	8258
2532	9320
2533	8287
2534	8082
2535	8424
2536	8957
2537	7881
2538	8301
2539	8592
2540	9042
2541	10084
2542	9041
2543	9043
2544	8748
2545	8547
2546	10277
2547	6937
2548	9449
2549	8038
2550	9778
2551	11039
2552	9572
2553	12557
2554	10969
2555	11449
2556	10816
2557	9059
2558	11676
2559	9549
2560	11992
2561	9709
2562	12878
2563	12837
2564	11510
2565	11672
2566	11179
2567	11744
2568	11553
2569	12505
2570	11509
2571	17846
2572	19794
2573	23121
2574	31598
2575	30150
2576	26635
2577	34839
2578	28054
2579	28327
2580	29597
2581	35069
2582	32205
2583	32301
2584	37203
2585	34955
2586	33802
2587	23680
2588	25988
2589	23675
2590	26562
2591	24682
2592	20906
2593	25162
2594	24933
2595	21544
2596	25567
2597	25308
2598	24306
2599	21124
2600	26715
2601	22883
2602	22332
2603	21702
2604	18299
2605	13162
2606	19386
2607	19924
2608	20534
2609	20333
2610	17136
2611	19861
2612	15595
2613	20861
2614	16661
2615	20847
2616	21229
2617	22890
2618	26405
2619	22977
2620	24480
2621	24632
2622	24494
2623	22896
2624	24458
2625	17789
2626	21504
2627	23222
2628	21486
2629	16081
2630	16303
2631	16850
2632	16625
2633	18188
2634	18093
2635	19301
2636	18196
2637	21486
2638	20415
2639	18002
2640	17694
2641	16953
2642	19089
2643	16201
2644	15840
2645	18154
2646	17262
2647	21616
2648	18971
2649	16528
2650	18030
2651	19674
2652	20178
2653	16046
2654	15889
2655	16775
2656	16946
2657	17644
2658	17314
2659	17257
2660	17782
2661	16046
2662	17878
2663	17170
2664	17435
2665	20162
2666	18005
2667	22126
2668	18929
2669	20794
2670	23286
2671	24192
2672	25433
2673	26942
2674	27089
2675	27727
2676	23731
2677	34003
2678	27435
2679	27459
2680	27688
2681	29847
2682	26972
2683	25618
2684	23158
2685	3666
2686	17651
2687	4850
2688	21385
2689	23077
2690	23271
2691	23402
2692	25041
2693	25505
2694	22329
2695	20478
2696	18611
2697	1328
2698	7143
2699	16301
2700	21309
2701	27008
2702	22680
2703	24802
2704	25174
2705	23912
2706	21289
2707	21124
2708	19016
2709	21798
2710	21249
2711	20410
2712	25252
2713	21956
2714	26289
2715	25363
2716	28298
2717	29984
2718	32472
2719	30625
2720	28670
2721	21810
2722	26188
2723	19971
2724	17382
2725	20352
2726	18698
2727	17261
2728	15866
2729	14402
2730	15749
2731	17221
2732	17837
2733	15839
2734	14382
2735	13894
2736	12679
2737	12875
2738	10874
2739	12606
2740	12616
2741	12296
2742	11915
2743	11715
2744	11604
2745	12543
2746	12201
2747	11463
2748	11264
2749	11194
2750	9549
2751	12356
2752	9880
2753	11006
2754	14120
2755	14754
2756	17361
2757	16523
2758	16034
2759	19125
2760	18994
2761	18532
2762	17485
2763	20100
2764	20940
2765	23909
2766	21322
2767	17788
2768	15166
2769	16243
2770	16101
2771	14031
2772	14406
2773	12997
2774	16048
2775	16932
2776	17063
2777	18031
2778	19654
2779	20863
2780	23014
2781	14661
2782	13489
2783	14476
2784	12320
2785	10350
2786	10157
2787	10243
2788	11667
2789	11228
2790	11839
2791	12177
2792	13670
2793	10284
2794	11409
2795	13113
2796	12387
2797	11124
2798	11443
2799	9764
2800	12469
2801	6192
2802	488
2803	937
2804	10540
2805	11139
2806	7223
2807	11287
2808	9989
2809	8027
2810	9155
2811	3864
2812	2179
2813	3349
2814	9140
2815	8423
2816	8660
2817	8295
2818	8487
2819	10667
2820	12201
2821	11447
2822	11520
2823	10784
2824	10702
2825	11473
2826	12066
2827	12531
2828	10408
2829	9109
2830	9333
2831	8956
2832	8215
2833	7995
2834	9230
2835	9789
2836	9309
2837	9148
2838	7091
2839	8513
2840	9779
2841	9056
2842	9722
2843	9573
2844	9021
2845	7966
2846	9048
2847	8992
2848	7740
2849	8368
2850	10023
2851	8464
2852	9713
2853	9730
2854	8820
2855	10679
2856	8852
2857	9084
2858	6700
2859	9383
2860	8326
2861	9740
2862	8501
2863	3450
2864	1482
2865	2085
2866	7856
2867	9066
2868	8111
2869	9182
2870	753
2871	7045
2872	8769
2873	8554
2874	8774
2875	9092
2876	9051
2877	7849
2878	8198
2879	8161
2880	9459
2881	7789
2882	9611
2883	9430
2884	10061
2885	9131
2886	9359
2887	9585
2888	9416
2889	10589
2890	8520
2891	10208
2892	8769
2893	10485
2894	10358
2895	9407
2896	10517
2897	11083
2898	10818
2899	10373
2900	9678
2901	10113
2902	10756
2903	11960
2904	9869
2905	12554
2906	9455
2907	10707
2908	9702
2909	9090
2910	10428
2911	8253
2912	8828
2913	9206
2914	9359
2915	9846
2916	9355
2917	6227
2918	6876
2919	8346
2920	8629
2921	8638
2922	9439
2923	8974
2924	8762
2925	10978
2926	8667
2927	8175
2928	9705
2929	9914
2930	9196
2931	11043
2932	10781
2933	9662
2934	8593
2935	9364
2936	11481
2937	11303
2938	12973
2939	17642
2940	18161
2941	13741
2942	14336
2943	12511
2944	11843
2945	11455
2946	10820
2947	12493
2948	11642
2949	11755
2950	11547
2951	12497
2952	12682
2953	15723
2954	14424
2955	11065
2956	10586
2957	11680
2958	10865
2959	10826
2960	12769
2961	11025
2962	10763
2963	12201
2964	12354
2965	10074
2966	13614
2967	15630
2968	15296
2969	14471
2970	15309
2971	27232
2972	12075
2973	9612
2974	16974
2975	16062
2976	11117
2977	11215
2978	3150
2979	19950
2980	14682
2981	3317
2982	20311
2983	20825
2984	18309
2985	18516
2986	15879
2987	22047
2988	18735
2989	21211
2990	22366
2991	20654
2992	26760
2993	26949
2994	28298
2995	22869
2996	21198
2997	25653
2998	27278
2999	26378
3000	24975
3001	30533
3002	31405
3003	25049
3004	22891
3005	26841
3006	19763
3007	17616
3008	18140
3009	21355
3010	16056
3011	21270
3012	19285
3013	19641
3014	21844
3015	21849
3016	22742
3017	27059
3018	26339
3019	28576
3020	21941
3021	24549
3022	25852
3023	25131
3024	22242
3025	23112
3026	31530
3027	24380
3028	17879
3029	22929
3030	23478
3031	19850
3032	20671
3033	18593
3034	21307
3035	22583
3036	24414
3037	4107
3038	9088
3039	24295
3040	31739
3041	31196
3042	32025
3043	23429
3044	14448
3045	471
3046	126
3047	9375
3048	7288
3049	17897
3050	9308
3051	20770
3052	28489
3053	24876
3054	26712
3055	20727
3056	29543
3057	33728
3058	30401
3059	28191
3060	30271
3061	28482
3062	28311
3063	31112
3064	30512
3065	29154
3066	28651
3067	27901
3068	8982
3069	2553
3070	18041
3071	22177
3072	22700
3073	28058
3074	30660
3075	23940
3076	11184
3077	11274
3078	23432
3079	27859
3080	29268
3081	27063
3082	19849
3083	22131
3084	25645
3085	28191
3086	24002
3087	20791
3088	22531
3089	20973
3090	19674
3091	9763
3092	12806
3093	12559
3094	4228
3095	12426
3096	16883
3097	17324
3098	16316
3099	21597
3100	18198
3101	19311
3102	24731
3103	24403
3104	25062
3105	1534
