	K562_combined
0	0
1	0
2	0
3	0
4	0
5	0
6	0
7	0
8	0
9	0
10	0
11	0
12	0
13	0
14	0
15	0
16	0
17	0
18	0
19	0
20	0
21	0
22	0
23	0
24	0
25	0
26	0
27	0
28	0
29	0
30	0
31	0
32	0
33	0
34	0
35	0
36	0
37	0
38	0
39	0
40	0
41	0
42	0
43	0
44	0
45	0
46	0
47	0
48	0
49	0
50	0
51	0
52	0
53	0
54	0
55	0
56	0
57	0
58	0
59	0
60	0
61	0
62	0
63	0
64	0
65	0
66	0
67	0
68	0
69	0
70	0
71	0
72	0
73	0
74	0
75	0
76	0
77	0
78	0
79	0
80	0
81	0
82	0
83	0
84	0
85	0
86	0
87	0
88	0
89	0
90	0
91	0
92	0
93	0
94	0
95	0
96	0
97	0
98	0
99	0
100	0
101	0
102	0
103	0
104	0
105	0
106	0
107	0
108	0
109	0
110	0
111	0
112	0
113	0
114	0
115	0
116	0
117	0
118	0
119	0
120	0
121	0
122	0
123	0
124	0
125	0
126	0
127	0
128	0
129	0
130	0
131	0
132	0
133	0
134	0
135	0
136	0
137	0
138	0
139	0
140	0
141	0
142	0
143	0
144	0
145	0
146	0
147	0
148	0
149	0
150	0
151	0
152	0
153	0
154	0
155	0
156	0
157	0
158	0
159	0
160	0
161	0
162	0
163	0
164	0
165	0
166	0
167	0
168	0
169	0
170	0
171	0
172	0
173	0
174	0
175	0
176	0
177	0
178	0
179	0
180	0
181	0
182	0
183	0
184	0
185	0
186	0
187	0
188	0
189	0
190	0
191	0
192	0
193	0
194	0
195	0
196	0
197	0
198	0
199	0
200	0
201	0
202	0
203	0
204	0
205	0
206	0
207	0
208	0
209	0
210	0
211	0
212	0
213	0
214	0
215	0
216	0
217	0
218	0
219	0
220	0
221	0
222	0
223	0
224	0
225	0
226	0
227	0
228	0
229	0
230	0
231	0
232	0
233	0
234	0
235	0
236	0
237	0
238	0
239	0
240	0
241	0
242	0
243	0
244	0
245	0
246	0
247	0
248	0
249	0
250	0
251	0
252	0
253	0
254	0
255	0
256	0
257	0
258	0
259	0
260	0
261	0
262	0
263	0
264	0
265	0
266	0
267	0
268	0
269	0
270	0
271	0
272	0
273	0
274	0
275	0
276	0
277	0
278	0
279	0
280	0
281	0
282	0
283	0
284	0
285	0
286	0
287	0
288	0
289	0
290	0
291	0
292	0
293	0
294	0
295	0
296	0
297	0
298	0
299	0
300	0
301	0
302	0
303	0
304	0
305	0
306	0
307	0
308	0
309	0
310	0
311	0
312	0
313	0
314	0
315	0
316	0
317	0
318	0
319	0
320	0
321	0
322	0
323	0
324	0
325	0
326	0
327	0
328	0
329	0
330	0
331	0
332	0
333	0
334	0
335	0
336	0
337	0
338	0
339	0
340	0
341	0
342	0
343	0
344	0
345	0
346	0
347	0
348	0
349	0
350	0
351	0
352	0
353	0
354	0
355	0
356	0
357	0
358	0
359	0
360	0
361	0
362	0
363	0
364	0
365	0
366	0
367	0
368	0
369	0
370	0
371	0
372	0
373	0
374	0
375	0
376	0
377	0
378	0
379	2
380	16138
381	12175
382	10094
383	1469
384	1001
385	1424
386	2121
387	2802
388	16893
389	18216
390	3917
391	4079
392	12092
393	7026
394	3006
395	9130
396	11724
397	7936
398	3011
399	3035
400	3537
401	4975
402	11379
403	6476
404	20576
405	21277
406	21831
407	25972
408	16116
409	15381
410	19059
411	12787
412	20021
413	23796
414	20934
415	24045
416	28910
417	30727
418	35403
419	29416
420	30979
421	33985
422	30626
423	31696
424	26905
425	28787
426	27579
427	24059
428	30716
429	33556
430	35423
431	32643
432	28163
433	25270
434	27686
435	30619
436	26992
437	28893
438	30344
439	34440
440	29833
441	25438
442	22463
443	18730
444	19945
445	18491
446	17503
447	17006
448	16538
449	17454
450	14485
451	16910
452	17024
453	17063
454	21258
455	22578
456	21965
457	26278
458	28209
459	29251
460	34251
461	34482
462	30801
463	23732
464	45450
465	50964
466	55334
467	52087
468	53638
469	49824
470	54334
471	54512
472	63506
473	43910
474	47129
475	53270
476	33567
477	39477
478	30771
479	29643
480	30502
481	26178
482	28581
483	23013
484	21700
485	22784
486	25322
487	24996
488	23076
489	8549
490	30214
491	39952
492	32953
493	36178
494	37338
495	39802
496	36107
497	36249
498	32633
499	19571
500	19148
501	25005
502	19871
503	19402
504	17319
505	19835
506	16434
507	14206
508	18758
509	20108
510	17928
511	17608
512	13426
513	11235
514	11170
515	11405
516	10972
517	11814
518	11051
519	10986
520	10460
521	12050
522	10897
523	9558
524	10586
525	9559
526	10704
527	9026
528	9877
529	10057
530	10409
531	9912
532	12772
533	11346
534	12805
535	10973
536	9359
537	12395
538	7811
539	9387
540	10086
541	9091
542	9554
543	10982
544	11674
545	12635
546	15932
547	12639
548	12537
549	13069
550	10176
551	12866
552	10042
553	10273
554	10303
555	10580
556	11670
557	10339
558	10798
559	11211
560	11264
561	10458
562	10529
563	10119
564	9357
565	9622
566	11452
567	10689
568	12205
569	9990
570	10537
571	10734
572	10485
573	8762
574	10544
575	9762
576	8070
577	9920
578	9295
579	10605
580	8993
581	10715
582	11923
583	13409
584	17122
585	15935
586	19246
587	14539
588	16497
589	15972
590	15091
591	11335
592	12151
593	13197
594	9871
595	12478
596	10467
597	10360
598	11701
599	19066
600	15773
601	15817
602	15111
603	13596
604	14021
605	15230
606	12740
607	11590
608	11325
609	11181
610	12561
611	12257
612	12256
613	16501
614	17672
615	20583
616	17902
617	21685
618	20359
619	18388
620	23928
621	21648
622	22935
623	19279
624	24470
625	27178
626	27124
627	24891
628	25944
629	30081
630	36614
631	28266
632	26006
633	30690
634	32401
635	26247
636	27975
637	24148
638	24869
639	22537
640	20869
641	22992
642	18975
643	19549
644	19718
645	19856
646	18548
647	21829
648	26704
649	27632
650	22438
651	23733
652	20306
653	25497
654	22800
655	23427
656	20556
657	18821
658	21489
659	21260
660	19078
661	14411
662	14305
663	15108
664	15366
665	14721
666	13857
667	15064
668	13014
669	14644
670	14315
671	14884
672	12670
673	15802
674	13570
675	13905
676	16353
677	14553
678	19592
679	18743
680	18713
681	19821
682	20409
683	20177
684	21911
685	22789
686	25886
687	28492
688	32165
689	30509
690	40576
691	26431
692	24199
693	20239
694	21145
695	25630
696	25916
697	26810
698	26985
699	32671
700	20918
701	28436
702	34671
703	29100
704	27518
705	25904
706	27081
707	29929
708	30017
709	27046
710	26029
711	31877
712	27059
713	25457
714	31009
715	31731
716	36587
717	35972
718	27307
719	25650
720	18864
721	21241
722	19017
723	21767
724	22123
725	27114
726	26671
727	20778
728	17208
729	18592
730	20734
731	31996
732	13931
733	17473
734	22711
735	23713
736	22209
737	21779
738	17857
739	19706
740	21629
741	21933
742	21835
743	21744
744	26134
745	23177
746	21579
747	19647
748	25259
749	23065
750	24781
751	23721
752	29120
753	26359
754	20267
755	18794
756	17379
757	14930
758	17170
759	17820
760	16929
761	15943
762	18101
763	15152
764	14517
765	12880
766	15447
767	14507
768	12735
769	10589
770	10684
771	11684
772	9898
773	11023
774	10817
775	10310
776	10845
777	11051
778	12725
779	11796
780	10021
781	11060
782	11501
783	12663
784	11925
785	13273
786	17172
787	16224
788	19239
789	18426
790	20442
791	24018
792	29194
793	25847
794	24680
795	19860
796	19955
797	20726
798	16496
799	13048
800	12791
801	12814
802	11746
803	10117
804	11074
805	11483
806	11489
807	10285
808	10196
809	10028
810	9510
811	9511
812	9711
813	9161
814	9965
815	9618
816	7275
817	8650
818	8437
819	8297
820	8773
821	9761
822	8318
823	8604
824	9191
825	8638
826	8734
827	9075
828	8603
829	10337
830	7878
831	8364
832	8793
833	7783
834	10149
835	7382
836	8656
837	9717
838	8081
839	8642
840	9222
841	9904
842	8503
843	9434
844	8496
845	8637
846	8304
847	8037
848	8763
849	7971
850	9359
851	8522
852	8571
853	9797
854	9802
855	9203
856	7462
857	7874
858	7828
859	7142
860	8132
861	7880
862	9180
863	8237
864	7863
865	9186
866	8816
867	8198
868	7459
869	8019
870	7768
871	8332
872	8449
873	7595
874	7518
875	8136
876	8159
877	7151
878	8408
879	6738
880	8654
881	9361
882	9131
883	8040
884	8069
885	8413
886	9911
887	9120
888	11155
889	8567
890	9177
891	9777
892	10518
893	11201
894	10996
895	11735
896	12863
897	13455
898	15407
899	12533
900	12883
901	11009
902	10468
903	10695
904	12613
905	14269
906	18690
907	18908
908	22664
909	20348
910	24358
911	27035
912	23055
913	21439
914	20101
915	15425
916	10778
917	11668
918	10285
919	11169
920	11225
921	9205
922	10651
923	10761
924	10853
925	7370
926	9591
927	8723
928	9219
929	9837
930	7748
931	8266
932	8441
933	8542
934	9173
935	9156
936	8361
937	8011
938	9563
939	9317
940	9801
941	8585
942	10925
943	8414
944	8850
945	9078
946	6889
947	7542
948	9483
949	8307
950	8537
951	7690
952	8975
953	7657
954	9521
955	10323
956	9349
957	9485
958	8843
959	9847
960	9978
961	8538
962	9709
963	8985
964	10436
965	8349
966	8825
967	8935
968	11295
969	9030
970	10066
971	8840
972	9128
973	8844
974	9986
975	9051
976	9120
977	9672
978	7551
979	8550
980	9676
981	10500
982	8402
983	8959
984	10299
985	9656
986	10409
987	10600
988	9690
989	10059
990	11589
991	12633
992	11937
993	13300
994	12876
995	15069
996	17075
997	17383
998	19302
999	22724
1000	27304
1001	30102
1002	26988
1003	26633
1004	27758
1005	21816
1006	33064
1007	28557
1008	31264
1009	36232
1010	34285
1011	29332
1012	22939
1013	28734
1014	26208
1015	28075
1016	28353
1017	28948
1018	20390
1019	26063
1020	26106
1021	23383
1022	25923
1023	25900
1024	23776
1025	28431
1026	28470
1027	25054
1028	25995
1029	21815
1030	19252
1031	17994
1032	17916
1033	20293
1034	23357
1035	20638
1036	19341
1037	18563
1038	16656
1039	15239
1040	17612
1041	16891
1042	17699
1043	15105
1044	18572
1045	15677
1046	16524
1047	17741
1048	20045
1049	23689
1050	19641
1051	16931
1052	15200
1053	16290
1054	15596
1055	18418
1056	19835
1057	18337
1058	19947
1059	19245
1060	23302
1061	19695
1062	19203
1063	27818
1064	23635
1065	26309
1066	22734
1067	81606
1068	22948
1069	28847
1070	20826
1071	22145
1072	21815
1073	19442
1074	15643
1075	17535
1076	13692
1077	12345
1078	11739
1079	12597
1080	11719
1081	12005
1082	12012
1083	13197
1084	12033
1085	11391
1086	11887
1087	13670
1088	16015
1089	13345
1090	12688
1091	13990
1092	17197
1093	16285
1094	15795
1095	21447
1096	25280
1097	29846
1098	23530
1099	31599
1100	28099
1101	27240
1102	32295
1103	32284
1104	32880
1105	27952
1106	26891
1107	32322
1108	26838
1109	27358
1110	27529
1111	33810
1112	25772
1113	28781
1114	30889
1115	29012
1116	30784
1117	28982
1118	27688
1119	22892
1120	25228
1121	21972
1122	19934
1123	24464
1124	24015
1125	23943
1126	24907
1127	22777
1128	17676
1129	15679
1130	21292
1131	19386
1132	22011
1133	20368
1134	18808
1135	19152
1136	22868
1137	22413
1138	16453
1139	19837
1140	22997
1141	16790
1142	18766
1143	21372
1144	20301
1145	19301
1146	20021
1147	19684
1148	20422
1149	23428
1150	21535
1151	16563
1152	20566
1153	18786
1154	25493
1155	20533
1156	20137
1157	20945
1158	17637
1159	17735
1160	15387
1161	15186
1162	12417
1163	13644
1164	13071
1165	14133
1166	16187
1167	18321
1168	18113
1169	17826
1170	18742
1171	23683
1172	26914
1173	27650
1174	31211
1175	23855
1176	24258
1177	24755
1178	22824
1179	21637
1180	21021
1181	23134
1182	21102
1183	21065
1184	23255
1185	18983
1186	17799
1187	16593
1188	15962
1189	18150
1190	19024
1191	23985
1192	26803
1193	26420
1194	23997
1195	21333
1196	24631
1197	22039
1198	19293
1199	19557
1200	20119
1201	16989
1202	14771
1203	15823
1204	15866
1205	14133
1206	14163
1207	16523
1208	13628
1209	14232
1210	19567
1211	19600
1212	21603
1213	21735
1214	21491
1215	18672
1216	16487
1217	16831
1218	13056
1219	17304
1220	18874
1221	16729
1222	19021
1223	25384
1224	24171
1225	21281
1226	19307
1227	16980
1228	19988
1229	21117
1230	18173
1231	25320
1232	22561
1233	21855
1234	20608
1235	23902
1236	21088
1237	23162
1238	27375
1239	25474
1240	33484
1241	22661
1242	26007
1243	24401
1244	26565
1245	24497
1246	19635
1247	17258
1248	12886
1249	12191
1250	13947
1251	13541
1252	13299
1253	13261
1254	11855
1255	10706
1256	11738
1257	10640
1258	10181
1259	10685
1260	10692
1261	10051
1262	11151
1263	10298
1264	10673
1265	9895
1266	11159
1267	11506
1268	12493
1269	13379
1270	13713
1271	13266
1272	14319
1273	13724
1274	16147
1275	20406
1276	20992
1277	22593
1278	24896
1279	23010
1280	28960
1281	25828
1282	27006
1283	26148
1284	25642
1285	26254
1286	21794
1287	18945
1288	18178
1289	20660
1290	18511
1291	24157
1292	24869
1293	25040
1294	26973
1295	29153
1296	32550
1297	33112
1298	26870
1299	27948
1300	24131
1301	26931
1302	28735
1303	30319
1304	31008
1305	35673
1306	36367
1307	27462
1308	31691
1309	34778
1310	33584
1311	31124
1312	28729
1313	32168
1314	31310
1315	29589
1316	27904
1317	25805
1318	25649
1319	19461
1320	18364
1321	20211
1322	19015
1323	15694
1324	20069
1325	22019
1326	22382
1327	20714
1328	23179
1329	18185
1330	20128
1331	20718
1332	18592
1333	14604
1334	20129
1335	11286
1336	8644
1337	8632
1338	15252
1339	22417
1340	14479
1341	8543
1342	10744
1343	17181
1344	12765
1345	15881
1346	14901
1347	15472
1348	22084
1349	22994
1350	27445
1351	27581
1352	33432
1353	28386
1354	25149
1355	22652
1356	29023
1357	36789
1358	36549
1359	35372
1360	36911
1361	36859
1362	34943
1363	33124
1364	32935
1365	33121
1366	28219
1367	26796
1368	24420
1369	25615
1370	22303
1371	21498
1372	24609
1373	26425
1374	29927
1375	31338
1376	26558
1377	29529
1378	29486
1379	28176
1380	31773
1381	35374
1382	37655
1383	38184
1384	39714
1385	33516
1386	32967
1387	34308
1388	36704
1389	34101
1390	36222
1391	30031
1392	28052
1393	32491
1394	26688
1395	31224
1396	35423
1397	29882
1398	30634
1399	28475
1400	32464
1401	34581
1402	33996
1403	36685
1404	33122
1405	28904
1406	26959
1407	25701
1408	23927
1409	25308
1410	23943
1411	21412
1412	22741
1413	21189
1414	25885
1415	23041
1416	20709
1417	22238
1418	18216
1419	16358
1420	16987
1421	21073
1422	24105
1423	24798
1424	23731
1425	27632
1426	25296
1427	24732
1428	20308
1429	18676
1430	21231
1431	26091
1432	26964
1433	26188
1434	23099
1435	23977
1436	24543
1437	25722
1438	25575
1439	22612
1440	22790
1441	18931
1442	24832
1443	24010
1444	25082
1445	19411
1446	15849
1447	17909
1448	16446
1449	15548
1450	14279
1451	16267
1452	14881
1453	15370
1454	15088
1455	16859
1456	17587
1457	20397
1458	43706
1459	29026
1460	28668
1461	28084
1462	30608
1463	33321
1464	30686
1465	34347
1466	31811
1467	33381
1468	34514
1469	32964
1470	32885
1471	26006
1472	28525
1473	25939
1474	33012
1475	29894
1476	28229
1477	29821
1478	36109
1479	32071
1480	14094
1481	33514
1482	29266
1483	30203
1484	38484
1485	35849
1486	31913
1487	30050
1488	35296
1489	34253
1490	32319
1491	29537
1492	29680
1493	33301
1494	29804
1495	35924
1496	35306
1497	27060
1498	29966
1499	30738
1500	31033
1501	37389
1502	32508
1503	27241
1504	32342
1505	25979
1506	33707
1507	34145
1508	35329
1509	30254
1510	36253
1511	30564
1512	32643
1513	35896
1514	35597
1515	36199
1516	31474
1517	30585
1518	36921
1519	28816
1520	34735
1521	31749
1522	32501
1523	28078
1524	23800
1525	27873
1526	27666
1527	28046
1528	33854
1529	31001
1530	32713
1531	34814
1532	31277
1533	24409
1534	35229
1535	28176
1536	29429
1537	30977
1538	35140
1539	32975
1540	27250
1541	26073
1542	30329
1543	29712
1544	27735
1545	30356
1546	31082
1547	32314
1548	36324
1549	32117
1550	33447
1551	31663
1552	25199
1553	30399
1554	25831
1555	35254
1556	31488
1557	34730
1558	34528
1559	30033
1560	30981
1561	32706
1562	35564
1563	30514
1564	29001
1565	37792
1566	33157
1567	35470
1568	31925
1569	27855
1570	25088
1571	26777
1572	23339
1573	24937
1574	22768
1575	23811
1576	17051
1577	18247
1578	18731
1579	18225
1580	18084
1581	22579
1582	16763
1583	17636
1584	13753
1585	12676
1586	12579
1587	12775
1588	12992
1589	11108
1590	11810
1591	9968
1592	9709
1593	9960
1594	12291
1595	9934
1596	8860
1597	11335
1598	11376
1599	12725
1600	10888
1601	11267
1602	11493
1603	10662
1604	9855
1605	11394
1606	10323
1607	11192
1608	10786
1609	10312
1610	9960
1611	11357
1612	10864
1613	9882
1614	9579
1615	11748
1616	12156
1617	12094
1618	12433
1619	13354
1620	12537
1621	11749
1622	13481
1623	13519
1624	14443
1625	15362
1626	15350
1627	19316
1628	25830
1629	24331
1630	19201
1631	20469
1632	24289
1633	24496
1634	30444
1635	31828
1636	27046
1637	32530
1638	32338
1639	26013
1640	22131
1641	19620
1642	16254
1643	14388
1644	12280
1645	12238
1646	10130
1647	11723
1648	11324
1649	12837
1650	10885
1651	10067
1652	9731
1653	9103
1654	9726
1655	8823
1656	8272
1657	10142
1658	10412
1659	8941
1660	9940
1661	8746
1662	9624
1663	9660
1664	11189
1665	9226
1666	8154
1667	8331
1668	8453
1669	9613
1670	9257
1671	9892
1672	7634
1673	8733
1674	7881
1675	9713
1676	8785
1677	8638
1678	9334
1679	9937
1680	9226
1681	9375
1682	8329
1683	9490
1684	8555
1685	8793
1686	9598
1687	9456
1688	8742
1689	10124
1690	8607
1691	10008
1692	9647
1693	10011
1694	8679
1695	9862
1696	9004
1697	9128
1698	9436
1699	9375
1700	8763
1701	9323
1702	8980
1703	9540
1704	10540
1705	8491
1706	9700
1707	9879
1708	9647
1709	8503
1710	9504
1711	9755
1712	9521
1713	9595
1714	10661
1715	10829
1716	10940
1717	8770
1718	10930
1719	10924
1720	10235
1721	11099
1722	10073
1723	9281
1724	9738
1725	10605
1726	10109
1727	9236
1728	10422
1729	8692
1730	9113
1731	8048
1732	9382
1733	9396
1734	8562
1735	8604
1736	9180
1737	8666
1738	9536
1739	8375
1740	9361
1741	9072
1742	10017
1743	9302
1744	11720
1745	10901
1746	10138
1747	9244
1748	10151
1749	10441
1750	11208
1751	9704
1752	10476
1753	9535
1754	9806
1755	10213
1756	9915
1757	9672
1758	9300
1759	11659
1760	11676
1761	11483
1762	10244
1763	11584
1764	12146
1765	13434
1766	13062
1767	20115
1768	18791
1769	24577
1770	18792
1771	16648
1772	20048
1773	21455
1774	22709
1775	19929
1776	19610
1777	17035
1778	19232
1779	21569
1780	24810
1781	20357
1782	20680
1783	18457
1784	18765
1785	25954
1786	21567
1787	20957
1788	21212
1789	24536
1790	22455
1791	23948
1792	28619
1793	22496
1794	24218
1795	21115
1796	21870
1797	24329
1798	28889
1799	23926
1800	23169
1801	21237
1802	23253
1803	25363
1804	21805
1805	21630
1806	22232
1807	21892
1808	26317
1809	24271
1810	23741
1811	26734
1812	23960
1813	24008
1814	23132
1815	29530
1816	31203
1817	30646
1818	30310
1819	32923
1820	35727
1821	30465
1822	28447
1823	30150
1824	27220
1825	36006
1826	30453
1827	26828
1828	30206
1829	26559
1830	35036
1831	37037
1832	35238
1833	38266
1834	34948
1835	29867
1836	28237
1837	29907
1838	28386
1839	31235
1840	27003
1841	24048
1842	19364
1843	22957
1844	23035
1845	19411
1846	29243
1847	28133
1848	26227
1849	25759
1850	28804
1851	29900
1852	27520
1853	25618
1854	28215
1855	27714
1856	27870
1857	26185
1858	24895
1859	29442
1860	27750
1861	28465
1862	30254
1863	31146
1864	33911
1865	28007
1866	28696
1867	26999
1868	30127
1869	32208
1870	31302
1871	32158
1872	35392
1873	31235
1874	28767
1875	26561
1876	23096
1877	17912
1878	18707
1879	17692
1880	21375
1881	23836
1882	22384
1883	21911
1884	20505
1885	23120
1886	25103
1887	21951
1888	26475
1889	27966
1890	28256
1891	27652
1892	21747
1893	17048
1894	15444
1895	20080
1896	23179
1897	21346
1898	21679
1899	21337
1900	22547
1901	21906
1902	19139
1903	28299
1904	23457
1905	22889
1906	21885
1907	21522
1908	20858
1909	22890
1910	26058
1911	21772
1912	24374
1913	26339
1914	25059
1915	27915
1916	25448
1917	29254
1918	30766
1919	32040
1920	32426
1921	28371
1922	27919
1923	26652
1924	23001
1925	23427
1926	23358
1927	24868
1928	19491
1929	22952
1930	24886
1931	27010
1932	27028
1933	24415
1934	30631
1935	23862
1936	24149
1937	37953
1938	31891
1939	28277
1940	28065
1941	45338
1942	40773
1943	39788
1944	39533
1945	40970
1946	29603
1947	38663
1948	35202
1949	36555
1950	38565
1951	36422
1952	29954
1953	15790
1954	16618
1955	18162
1956	17244
1957	16323
1958	16513
1959	13980
1960	14322
1961	11811
1962	15056
1963	12986
1964	12749
1965	13606
1966	14703
1967	13982
1968	15330
1969	13150
1970	12346
1971	14035
1972	14512
1973	14233
1974	11950
1975	12571
1976	14321
1977	13251
1978	11919
1979	12686
1980	12045
1981	13730
1982	12096
1983	14766
1984	16236
1985	18231
1986	18232
1987	22751
1988	24602
1989	21495
1990	18972
1991	18142
1992	20415
1993	24230
1994	22406
1995	23922
1996	28835
1997	28506
1998	27148
1999	26388
2000	31686
2001	32407
2002	29961
2003	27130
2004	24603
2005	28779
2006	26434
2007	30786
2008	29852
2009	34412
2010	32671
2011	27485
2012	32269
2013	37012
2014	33666
2015	31408
2016	31089
2017	33778
2018	29967
2019	27024
2020	28558
2021	34742
2022	37305
2023	33970
2024	37988
2025	34894
2026	30799
2027	26832
2028	25321
2029	23030
2030	24810
2031	27615
2032	21178
2033	24283
2034	23655
2035	22444
2036	26099
2037	24266
2038	26287
2039	31103
2040	27589
2041	32632
2042	25928
2043	33274
2044	28759
2045	28898
2046	33035
2047	29610
2048	36335
2049	34786
2050	35278
2051	36637
2052	33853
2053	27343
2054	31275
2055	35708
2056	37377
2057	31706
2058	36237
2059	34134
2060	39803
2061	35059
2062	31597
2063	28612
2064	30953
2065	30260
2066	30243
2067	26405
2068	30076
2069	31953
2070	29398
2071	28700
2072	31191
2073	30990
2074	31198
2075	37853
2076	34120
2077	31577
2078	26657
2079	28925
2080	25575
2081	35952
2082	30354
2083	27604
2084	26888
2085	30898
2086	32206
2087	37775
2088	26211
2089	25780
2090	25564
2091	19562
2092	18720
2093	19276
2094	18871
2095	16694
2096	25128
2097	19412
2098	21770
2099	22406
2100	23611
2101	22180
2102	27806
2103	25413
2104	29227
2105	27624
2106	23432
2107	24660
2108	26121
2109	33695
2110	28750
2111	26232
2112	21951
2113	23329
2114	25115
2115	31148
2116	28776
2117	25981
2118	23628
2119	25912
2120	15534
2121	12068
2122	13095
2123	10090
2124	11169
2125	23785
2126	16206
2127	14890
2128	17202
2129	18491
2130	17511
2131	17510
2132	15730
2133	19774
2134	25353
2135	16417
2136	18348
2137	19887
2138	19714
2139	18126
2140	15510
2141	17554
2142	13068
2143	23398
2144	12609
2145	12695
2146	0
