	K562_combined
0	0.0
1	21194.0
2	45387.0
3	52206.0
4	37178.0
5	50385.0
6	40489.0
7	45145.0
8	46964.0
9	49715.0
10	44415.0
11	36206.0
12	25397.0
13	34739.0
14	33488.0
15	40704.0
16	36628.0
17	42880.0
18	35195.0
19	32203.0
20	28291.0
21	36525.0
22	31577.0
23	36999.0
24	29181.0
25	29811.0
26	40677.0
27	39951.0
28	40698.0
29	42019.0
30	46625.0
31	33837.0
32	41720.0
33	45686.0
34	42051.0
35	40896.0
36	35724.0
37	43221.0
38	44749.0
39	53473.0
40	40518.0
41	36495.0
42	27456.0
43	28541.0
44	31642.0
45	41436.0
46	43379.0
47	44569.0
48	41038.0
49	46861.0
50	43031.0
51	39995.0
52	16509.0
53	10370.0
54	30646.0
55	40181.0
56	43974.0
57	48964.0
58	47598.0
59	47443.0
60	45216.0
61	52670.0
62	53611.0
63	60468.0
64	57838.0
65	45917.0
66	48132.0
67	42469.0
68	43114.0
69	42918.0
70	46637.0
71	52314.0
72	50383.0
73	51421.0
74	49608.0
75	41044.0
76	35562.0
77	47720.0
78	47957.0
79	51716.0
80	45898.0
81	49613.0
82	42091.0
83	53135.0
84	57113.0
85	55649.0
86	58792.0
87	49968.0
88	38639.0
89	52170.0
90	52600.0
91	52215.0
92	55286.0
93	49839.0
94	39509.0
95	49915.0
96	56409.0
97	44689.0
98	50596.0
99	49935.0
100	47626.0
101	53780.0
102	43075.0
103	43774.0
104	43071.0
105	36071.0
106	31706.0
107	35724.0
108	35828.0
109	33980.0
110	35580.0
111	33765.0
112	32858.0
113	34303.0
114	25423.0
115	28507.0
116	31950.0
117	33036.0
118	35769.0
119	31278.0
120	28839.0
121	28304.0
122	28323.0
123	27598.0
124	23719.0
125	26020.0
126	27908.0
127	28409.0
128	29902.0
129	26125.0
130	22776.0
131	25000.0
132	26022.0
133	27967.0
134	29211.0
135	28019.0
136	25011.0
137	26252.0
138	25733.0
139	31248.0
140	29522.0
141	29489.0
142	27746.0
143	27896.0
144	26622.0
145	27998.0
146	30114.0
147	28427.0
148	30267.0
149	31511.0
150	28359.0
151	33405.0
152	31153.0
153	32023.0
154	31343.0
155	34395.0
156	33714.0
157	30899.0
158	32891.0
159	42831.0
160	37179.0
161	34160.0
162	36369.0
163	40685.0
164	39287.0
165	36616.0
166	30850.0
167	31964.0
168	33642.0
169	32378.0
170	37993.0
171	38547.0
172	35711.0
173	12390.0
174	53502.0
175	49879.0
176	47278.0
177	50323.0
178	48583.0
179	51967.0
180	46392.0
181	51585.0
182	54914.0
183	53194.0
184	47837.0
185	46572.0
186	40840.0
187	37488.0
188	34735.0
189	36823.0
190	31047.0
191	34112.0
192	36339.0
193	37445.0
194	36653.0
195	31422.0
196	32976.0
197	33031.0
198	30027.0
199	32664.0
200	32326.0
201	31496.0
202	35609.0
203	36021.0
204	37586.0
205	36666.0
206	45229.0
207	41157.0
208	48306.0
209	47874.0
210	36424.0
211	38254.0
212	51460.0
213	50416.0
214	50266.0
215	39199.0
216	44876.0
217	50382.0
218	49969.0
219	47442.0
220	54155.0
221	54869.0
222	54178.0
223	55182.0
224	50967.0
225	66080.0
226	64136.0
227	60233.0
228	52899.0
229	51770.0
230	62586.0
231	50101.0
232	54525.0
233	51454.0
234	60979.0
235	45504.0
236	44913.0
237	44933.0
238	53132.0
239	42734.0
240	34810.0
241	58001.0
242	53652.0
243	52753.0
244	47112.0
245	46236.0
246	44396.0
247	48225.0
248	46948.0
249	51056.0
250	44776.0
251	43944.0
252	44470.0
253	52421.0
254	53628.0
255	46895.0
256	45201.0
257	53956.0
258	42965.0
259	38673.0
260	34631.0
261	30254.0
262	34677.0
263	32595.0
264	32094.0
265	26206.0
266	31341.0
267	27961.0
268	29649.0
269	28168.0
270	30982.0
271	32348.0
272	30394.0
273	31629.0
274	29775.0
275	27949.0
276	31715.0
277	37242.0
278	33006.0
279	35737.0
280	40746.0
281	41613.0
282	44705.0
283	36328.0
284	35000.0
285	34979.0
286	37722.0
287	47844.0
288	46137.0
289	54082.0
290	45443.0
291	44500.0
292	38298.0
293	40372.0
294	43204.0
295	29268.0
296	277.0
297	6042.0
298	10113.0
299	17206.0
300	9604.0
301	51682.0
302	42758.0
303	30673.0
304	11251.0
305	14797.0
306	9274.0
307	13242.0
308	8606.0
309	22191.0
310	47837.0
311	48588.0
312	55691.0
313	54726.0
314	44605.0
315	52853.0
316	51362.0
317	48767.0
318	51142.0
319	50016.0
320	52894.0
321	53643.0
322	56427.0
323	49673.0
324	49606.0
325	46010.0
326	14052.0
327	3407.0
328	998.0
329	2016.0
330	5593.0
331	8065.0
332	10797.0
333	24736.0
334	18811.0
335	6593.0
336	9521.0
337	33409.0
338	32673.0
339	37508.0
340	36872.0
341	44364.0
342	36612.0
343	35665.0
344	39139.0
345	39895.0
346	37657.0
347	39103.0
348	40836.0
349	40369.0
350	37636.0
351	34566.0
352	32860.0
353	34882.0
354	30781.0
355	30123.0
356	26346.0
357	29997.0
358	32372.0
359	27725.0
360	31561.0
361	33459.0
362	31085.0
363	18658.0
364	11863.0
365	12685.0
366	11880.0
367	5742.0
368	1605.0
369	725.0
370	4084.0
371	13560.0
372	15357.0
373	3735.0
374	9415.0
375	24236.0
376	31436.0
377	27796.0
378	35380.0
379	47978.0
380	47568.0
381	47747.0
382	52700.0
383	44448.0
384	43067.0
385	42487.0
386	39610.0
387	41746.0
388	46305.0
389	49972.0
390	44813.0
391	43978.0
392	43782.0
393	41245.0
394	51573.0
395	41271.0
396	41979.0
397	45386.0
398	45881.0
399	32742.0
400	29638.0
401	37409.0
402	34455.0
403	34886.0
404	34052.0
405	34518.0
406	36832.0
407	41782.0
408	35185.0
409	20798.0
410	21197.0
411	26462.0
412	39435.0
413	38559.0
414	36891.0
415	43627.0
416	44173.0
417	48461.0
418	48097.0
419	54927.0
420	45167.0
421	42555.0
422	45027.0
423	44515.0
424	44042.0
425	47086.0
426	33887.0
427	23859.0
428	2150.0
429	1998.0
430	40739.0
431	61343.0
432	41545.0
433	38533.0
434	38669.0
435	11599.0
436	16240.0
437	3794.0
438	6087.0
439	38748.0
440	46928.0
441	37427.0
442	51211.0
443	52664.0
444	56419.0
445	50440.0
446	45498.0
447	44053.0
448	37854.0
449	3279.0
450	1410.0
451	21081.0
452	35207.0
453	69501.0
454	40213.0
455	36115.0
456	30459.0
457	34559.0
458	37742.0
459	37249.0
460	36884.0
461	34453.0
462	42004.0
463	40013.0
464	44498.0
465	46513.0
466	49246.0
467	52833.0
468	50548.0
469	51831.0
470	58761.0
471	48401.0
472	48370.0
473	54685.0
474	57326.0
475	49928.0
476	56069.0
477	54075.0
478	56988.0
479	50911.0
480	53081.0
481	52501.0
482	45682.0
483	52530.0
484	49786.0
485	40043.0
486	46144.0
487	49183.0
488	45341.0
489	44358.0
490	55336.0
491	36433.0
492	45644.0
493	47506.0
494	47666.0
495	40895.0
496	46299.0
497	46120.0
498	49323.0
499	48079.0
500	47777.0
501	53735.0
502	53203.0
503	48741.0
504	48509.0
505	47122.0
506	33204.0
507	36995.0
508	34901.0
509	32060.0
510	35595.0
511	38242.0
512	36124.0
513	33166.0
514	33561.0
515	35251.0
516	31988.0
517	28596.0
518	34248.0
519	32860.0
520	30283.0
521	29133.0
522	30056.0
523	25665.0
524	23621.0
525	27673.0
526	23160.0
527	30373.0
528	21796.0
529	25587.0
530	29095.0
531	28092.0
532	29735.0
533	33023.0
534	31502.0
535	32239.0
536	30649.0
537	33191.0
538	29407.0
539	40333.0
540	37964.0
541	39395.0
542	39392.0
543	48941.0
544	52163.0
545	53015.0
546	37335.0
547	46746.0
548	44118.0
549	42940.0
550	45434.0
551	48760.0
552	46934.0
553	41376.0
554	45922.0
555	48634.0
556	41457.0
557	42401.0
558	44788.0
559	41735.0
560	42662.0
561	48730.0
562	39162.0
563	38141.0
564	46148.0
565	47934.0
566	35258.0
567	5602.0
568	3968.0
569	16136.0
570	45742.0
571	46910.0
572	37449.0
573	3896.0
574	2805.0
575	3782.0
576	27439.0
577	42033.0
578	47375.0
579	48875.0
580	47188.0
581	13007.0
582	28909.0
583	32739.0
584	30263.0
585	33534.0
586	30166.0
587	14999.0
588	16972.0
589	2242.0
590	1847.0
591	13622.0
592	30279.0
593	54777.0
594	46141.0
595	51417.0
596	53034.0
597	57127.0
598	48380.0
599	48190.0
600	42589.0
601	50026.0
602	50109.0
603	41824.0
604	2642.0
605	3391.0
606	19751.0
607	55744.0
608	54764.0
609	55481.0
610	53576.0
611	56583.0
612	54499.0
613	50687.0
614	41214.0
615	45434.0
616	53557.0
617	48371.0
618	56537.0
619	47219.0
620	55401.0
621	49857.0
622	54025.0
623	49724.0
624	50067.0
625	46164.0
626	36550.0
627	42327.0
628	42092.0
629	46620.0
630	47064.0
631	33916.0
632	22578.0
633	27824.0
634	34750.0
635	25846.0
636	27677.0
637	31944.0
638	26222.0
639	13030.0
640	14552.0
641	5824.0
642	5022.0
643	6219.0
644	3902.0
645	8491.0
646	8223.0
647	21198.0
648	19065.0
649	19796.0
650	12375.0
651	9939.0
652	30005.0
653	3801.0
654	255.0
655	371.0
656	14729.0
657	9544.0
658	4784.0
659	3362.0
660	7325.0
661	5195.0
662	467.0
663	218.0
664	1011.0
665	3061.0
666	11030.0
667	46902.0
668	53117.0
669	36116.0
670	38046.0
671	34484.0
672	27846.0
673	4320.0
674	11044.0
675	8845.0
676	9693.0
677	68853.0
678	23162.0
679	29495.0
680	7586.0
681	0.0
682	0.0
683	28762.0
684	16760.0
685	15556.0
686	13188.0
687	15170.0
688	16183.0
689	15566.0
690	20539.0
691	16651.0
692	17486.0
693	21200.0
694	19146.0
695	15123.0
696	13160.0
697	12426.0
698	8712.0
699	11425.0
700	11640.0
701	10708.0
702	10874.0
703	7059.0
704	14825.0
705	8901.0
706	0.0
707	0.0
708	0.0
709	0.0
710	0.0
711	0.0
712	0.0
713	0.0
714	0.0
715	0.0
716	0.0
717	0.0
718	0.0
719	0.0
720	0.0
721	0.0
722	0.0
723	0.0
724	0.0
725	0.0
726	0.0
727	0.0
728	0.0
729	0.0
730	0.0
731	0.0
732	0.0
733	0.0
734	0.0
735	0.0
736	0.0
737	0.0
738	0.0
739	0.0
740	0.0
741	0.0
742	0.0
743	0.0
744	0.0
745	0.0
746	0.0
747	0.0
748	0.0
749	0.0
750	0.0
751	0.0
752	0.0
753	0.0
754	0.0
755	0.0
756	0.0
757	0.0
758	0.0
759	0.0
760	0.0
761	0.0
762	0.0
763	0.0
764	0.0
765	0.0
766	0.0
767	0.0
768	0.0
769	0.0
770	0.0
771	0.0
772	0.0
773	0.0
774	0.0
775	0.0
776	0.0
777	0.0
778	0.0
779	0.0
780	0.0
781	0.0
782	0.0
783	0.0
784	0.0
785	0.0
786	0.0
787	0.0
788	0.0
789	0.0
790	0.0
791	0.0
792	0.0
793	0.0
794	0.0
795	0.0
796	0.0
797	0.0
798	0.0
799	0.0
800	0.0
801	0.0
802	0.0
803	0.0
804	0.0
805	0.0
806	0.0
807	0.0
808	0.0
809	0.0
810	0.0
811	0.0
812	0.0
813	0.0
814	0.0
815	0.0
816	0.0
817	0.0
818	0.0
819	0.0
820	0.0
821	0.0
822	0.0
823	0.0
824	0.0
825	0.0
826	0.0
827	0.0
828	0.0
829	0.0
830	0.0
831	0.0
832	0.0
833	0.0
834	0.0
835	0.0
836	0.0
837	0.0
838	0.0
839	0.0
840	0.0
841	0.0
842	0.0
843	0.0
844	0.0
845	0.0
846	0.0
847	0.0
848	0.0
849	0.0
850	0.0
851	0.0
852	0.0
853	0.0
854	0.0
855	0.0
856	0.0
857	0.0
858	0.0
859	0.0
860	0.0
861	0.0
862	0.0
863	0.0
864	0.0
865	0.0
866	0.0
867	0.0
868	0.0
869	0.0
870	0.0
871	0.0
872	0.0
873	0.0
874	0.0
875	0.0
876	0.0
877	0.0
878	0.0
879	0.0
880	0.0
881	0.0
882	0.0
883	0.0
884	0.0
885	0.0
886	0.0
887	0.0
888	0.0
889	0.0
890	0.0
891	0.0
892	0.0
893	0.0
894	0.0
895	0.0
896	0.0
897	0.0
898	0.0
899	0.0
900	0.0
901	0.0
902	0.0
903	0.0
904	0.0
905	0.0
906	0.0
907	0.0
908	0.0
909	0.0
910	0.0
911	0.0
912	0.0
913	0.0
914	0.0
915	0.0
916	0.0
917	0.0
918	0.0
919	0.0
920	0.0
921	0.0
922	0.0
923	0.0
924	0.0
925	0.0
926	0.0
927	265537.0
928	323168.0
929	32933.0
930	22008.0
931	24339.0
932	33019.0
933	38979.0
934	34297.0
935	40593.0
936	27820.0
937	44511.0
938	42652.0
939	51445.0
940	49592.0
941	62349.0
942	46176.0
943	38713.0
944	27323.0
945	29373.0
946	27956.0
947	25717.0
948	37543.0
949	33155.0
950	31420.0
951	33252.0
952	34708.0
953	28477.0
954	32541.0
955	32072.0
956	29733.0
957	28479.0
958	24990.0
959	28246.0
960	33081.0
961	30565.0
962	37770.0
963	39495.0
964	39287.0
965	40067.0
966	33069.0
967	40590.0
968	43128.0
969	41822.0
970	37481.0
971	36041.0
972	37152.0
973	34111.0
974	30025.0
975	25499.0
976	20686.0
977	31537.0
978	24737.0
979	24528.0
980	27914.0
981	26926.0
982	28133.0
983	26575.0
984	27060.0
985	26951.0
986	27635.0
987	30465.0
988	29030.0
989	35154.0
990	31200.0
991	36035.0
992	30726.0
993	32694.0
994	38689.0
995	35302.0
996	38810.0
997	37787.0
998	47517.0
999	47161.0
1000	40741.0
1001	47770.0
1002	42658.0
1003	46928.0
1004	44396.0
1005	52881.0
1006	44193.0
1007	40432.0
1008	51578.0
1009	44552.0
1010	47014.0
1011	39695.0
1012	40853.0
1013	46938.0
1014	43712.0
1015	39974.0
1016	35163.0
1017	36257.0
1018	30410.0
1019	37577.0
1020	31773.0
1021	31261.0
1022	27795.0
1023	26204.0
1024	25019.0
1025	24877.0
1026	22554.0
1027	21961.0
1028	20401.0
1029	18638.0
1030	18786.0
1031	18259.0
1032	20074.0
1033	18658.0
1034	17943.0
1035	18405.0
1036	20226.0
1037	18590.0
1038	15488.0
1039	20304.0
1040	17715.0
1041	16144.0
1042	16229.0
1043	17136.0
1044	22081.0
1045	17982.0
1046	19390.0
1047	16175.0
1048	19570.0
1049	18026.0
1050	17007.0
1051	21121.0
1052	21242.0
1053	20361.0
1054	20473.0
1055	22997.0
1056	17373.0
1057	20635.0
1058	20856.0
1059	25249.0
1060	32767.0
1061	42035.0
1062	43611.0
1063	37591.0
1064	30813.0
1065	30509.0
1066	32339.0
1067	27991.0
1068	27872.0
1069	37411.0
1070	37850.0
1071	44756.0
1072	36367.0
1073	28158.0
1074	29235.0
1075	36456.0
1076	28692.0
1077	31215.0
1078	31569.0
1079	30425.0
1080	30768.0
1081	25508.0
1082	33694.0
1083	36210.0
1084	37420.0
1085	31726.0
1086	32921.0
1087	34725.0
1088	38541.0
1089	33610.0
1090	30097.0
1091	31303.0
1092	29233.0
1093	31116.0
1094	29324.0
1095	32501.0
1096	27424.0
1097	29642.0
1098	32691.0
1099	33555.0
1100	39525.0
1101	34063.0
1102	34333.0
1103	32386.0
1104	34382.0
1105	27513.0
1106	31356.0
1107	31979.0
1108	35428.0
1109	35206.0
1110	33779.0
1111	26504.0
1112	26530.0
1113	30723.0
1114	39174.0
1115	33571.0
1116	22527.0
1117	35042.0
1118	36170.0
1119	35690.0
1120	34098.0
1121	34159.0
1122	35528.0
1123	26598.0
1124	32714.0
1125	40618.0
1126	48536.0
1127	45250.0
1128	33442.0
1129	44131.0
1130	42112.0
1131	52799.0
1132	52647.0
1133	44270.0
1134	46373.0
1135	39315.0
1136	34410.0
1137	44801.0
1138	54455.0
1139	49569.0
1140	49141.0
1141	50684.0
1142	55984.0
1143	51750.0
1144	43342.0
1145	45527.0
1146	57828.0
1147	48563.0
1148	47905.0
1149	49858.0
1150	50032.0
1151	56665.0
1152	49608.0
1153	57245.0
1154	65184.0
1155	52630.0
1156	55153.0
1157	53475.0
1158	51725.0
1159	49087.0
1160	52035.0
1161	50636.0
1162	50095.0
1163	45835.0
1164	42464.0
1165	53315.0
1166	41448.0
1167	43079.0
1168	42043.0
1169	47976.0
1170	46258.0
1171	32061.0
1172	40999.0
1173	47463.0
1174	48552.0
1175	39793.0
1176	35185.0
1177	32011.0
1178	27660.0
1179	21272.0
1180	21649.0
1181	21031.0
1182	19193.0
1183	18869.0
1184	20620.0
1185	18925.0
1186	16952.0
1187	21762.0
1188	20956.0
1189	16599.0
1190	17239.0
1191	16783.0
1192	19514.0
1193	16079.0
1194	15869.0
1195	15890.0
1196	17543.0
1197	15056.0
1198	17962.0
1199	15606.0
1200	12309.0
1201	13546.0
1202	13499.0
1203	17463.0
1204	18060.0
1205	16671.0
1206	15990.0
1207	17285.0
1208	15451.0
1209	15409.0
1210	12962.0
1211	13856.0
1212	14130.0
1213	13131.0
1214	14577.0
1215	15451.0
1216	16281.0
1217	14614.0
1218	12194.0
1219	14792.0
1220	13913.0
1221	17829.0
1222	14408.0
1223	15294.0
1224	14336.0
1225	12877.0
1226	15980.0
1227	15025.0
1228	15490.0
1229	15307.0
1230	15070.0
1231	12987.0
1232	14396.0
1233	13665.0
1234	14656.0
1235	12591.0
1236	12155.0
1237	15295.0
1238	15239.0
1239	15303.0
1240	17627.0
1241	16987.0
1242	17396.0
1243	15216.0
1244	15476.0
1245	15736.0
1246	14829.0
1247	16666.0
1248	15673.0
1249	15452.0
1250	14877.0
1251	13917.0
1252	14655.0
1253	15261.0
1254	13780.0
1255	13557.0
1256	13247.0
1257	14218.0
1258	16202.0
1259	15040.0
1260	14934.0
1261	15443.0
1262	16105.0
1263	14018.0
1264	15422.0
1265	18120.0
1266	13357.0
1267	13207.0
1268	11939.0
1269	14712.0
1270	14678.0
1271	14051.0
1272	15838.0
1273	15288.0
1274	16948.0
1275	15356.0
1276	15249.0
1277	16150.0
1278	15541.0
1279	13618.0
1280	16441.0
1281	15970.0
1282	17037.0
1283	14642.0
1284	16362.0
1285	14746.0
1286	11506.0
1287	16640.0
1288	13863.0
1289	17435.0
1290	17001.0
1291	17196.0
1292	12381.0
1293	14966.0
1294	19260.0
1295	15718.0
1296	14363.0
1297	17032.0
1298	16808.0
1299	15973.0
1300	16691.0
1301	19478.0
1302	19918.0
1303	18000.0
1304	18434.0
1305	17656.0
1306	17615.0
1307	16423.0
1308	20844.0
1309	19757.0
1310	21380.0
1311	18025.0
1312	21679.0
1313	28585.0
1314	25434.0
1315	32728.0
1316	27860.0
1317	28497.0
1318	30009.0
1319	33378.0
1320	34828.0
1321	32512.0
1322	28312.0
1323	36637.0
1324	30208.0
1325	36776.0
1326	39043.0
1327	45188.0
1328	48767.0
1329	47601.0
1330	48798.0
1331	60754.0
1332	49052.0
1333	49638.0
1334	54240.0
1335	44326.0
1336	38615.0
1337	54024.0
1338	60881.0
1339	64968.0
1340	59237.0
1341	53153.0
1342	45839.0
1343	48787.0
1344	44924.0
1345	55181.0
1346	53949.0
1347	42586.0
1348	52867.0
1349	55741.0
1350	59628.0
1351	52453.0
1352	47912.0
1353	52151.0
1354	50258.0
1355	51686.0
1356	61271.0
1357	63106.0
1358	54672.0
1359	57249.0
1360	65032.0
1361	56400.0
1362	52258.0
1363	43337.0
1364	44585.0
1365	55696.0
1366	55875.0
1367	48985.0
1368	55896.0
1369	42715.0
1370	52394.0
1371	43448.0
1372	37097.0
1373	45356.0
1374	53254.0
1375	57766.0
1376	50745.0
1377	48881.0
1378	45504.0
1379	40047.0
1380	51341.0
1381	45314.0
1382	53459.0
1383	47006.0
1384	49242.0
1385	41903.0
1386	45620.0
1387	48929.0
1388	50303.0
1389	43974.0
1390	52710.0
1391	46003.0
1392	41818.0
1393	36575.0
1394	40416.0
1395	55032.0
1396	46917.0
1397	47494.0
1398	52422.0
1399	37472.0
1400	28197.0
1401	30719.0
1402	33555.0
1403	71453.0
1404	21746.0
1405	34533.0
1406	48923.0
1407	50591.0
1408	54703.0
1409	57482.0
1410	47196.0
1411	51529.0
1412	53883.0
1413	43130.0
1414	44582.0
1415	43424.0
1416	47313.0
1417	12429.0
1418	13113.0
1419	15539.0
1420	11255.0
1421	9193.0
1422	9963.0
1423	9586.0
1424	24590.0
1425	26076.0
1426	30230.0
1427	36793.0
1428	40597.0
1429	43558.0
1430	42563.0
1431	42146.0
1432	40528.0
1433	44664.0
1434	39691.0
1435	39023.0
1436	48045.0
1437	49036.0
1438	53594.0
1439	46848.0
1440	48134.0
1441	43056.0
1442	44241.0
1443	43799.0
1444	36776.0
1445	32781.0
1446	30015.0
1447	27932.0
1448	25807.0
1449	28539.0
1450	24482.0
1451	31002.0
1452	31716.0
1453	32297.0
1454	28443.0
1455	29649.0
1456	33894.0
1457	34082.0
1458	39673.0
1459	34420.0
1460	38235.0
1461	30323.0
1462	41077.0
1463	31384.0
1464	31706.0
1465	29811.0
1466	29681.0
1467	32130.0
1468	31985.0
1469	24436.0
1470	31301.0
1471	28402.0
1472	25465.0
1473	24196.0
1474	25380.0
1475	27508.0
1476	27605.0
1477	26506.0
1478	24025.0
1479	25830.0
1480	30867.0
1481	25389.0
1482	31529.0
1483	25301.0
1484	30534.0
1485	39094.0
1486	44658.0
1487	44099.0
1488	37799.0
1489	37041.0
1490	27463.0
1491	26168.0
1492	46433.0
1493	42961.0
1494	50521.0
1495	53313.0
1496	44201.0
1497	45732.0
1498	44959.0
1499	48325.0
1500	50483.0
1501	57454.0
1502	55601.0
1503	50809.0
1504	46909.0
1505	41368.0
1506	52154.0
1507	41367.0
1508	38387.0
1509	47443.0
1510	60280.0
1511	66111.0
1512	52192.0
1513	45249.0
1514	38660.0
1515	33917.0
1516	32336.0
1517	24506.0
1518	22860.0
1519	21019.0
1520	18353.0
1521	17542.0
1522	17232.0
1523	15989.0
1524	16015.0
1525	17495.0
1526	16580.0
1527	18370.0
1528	15973.0
1529	17260.0
1530	16475.0
1531	18493.0
1532	18688.0
1533	20669.0
1534	16391.0
1535	15841.0
1536	16703.0
1537	17435.0
1538	15987.0
1539	16025.0
1540	16507.0
1541	16660.0
1542	20288.0
1543	24818.0
1544	33920.0
1545	36674.0
1546	28881.0
1547	26069.0
1548	26632.0
1549	24892.0
1550	26317.0
1551	28203.0
1552	30861.0
1553	35041.0
1554	33482.0
1555	30889.0
1556	35044.0
1557	34871.0
1558	29356.0
1559	32697.0
1560	32532.0
1561	34836.0
1562	37252.0
1563	34621.0
1564	34066.0
1565	39085.0
1566	41685.0
1567	29720.0
1568	41550.0
1569	42785.0
1570	40809.0
1571	36264.0
1572	34078.0
1573	38476.0
1574	43713.0
1575	44445.0
1576	39311.0
1577	38661.0
1578	40984.0
1579	38901.0
1580	45932.0
1581	40482.0
1582	43586.0
1583	41674.0
1584	42201.0
1585	45619.0
1586	40914.0
1587	49299.0
1588	50568.0
1589	40534.0
1590	41331.0
1591	47774.0
1592	41630.0
1593	46119.0
1594	36974.0
1595	46178.0
1596	50823.0
1597	48217.0
1598	59476.0
1599	44891.0
1600	57171.0
1601	52182.0
1602	39428.0
1603	39550.0
1604	36104.0
1605	32949.0
1606	36239.0
1607	36898.0
1608	35842.0
1609	43067.0
1610	43081.0
1611	40275.0
1612	41241.0
1613	36539.0
1614	37783.0
1615	32657.0
1616	35246.0
1617	42158.0
1618	41443.0
1619	51234.0
1620	53726.0
1621	59914.0
1622	68803.0
1623	71461.0
1624	63537.0
1625	70199.0
1626	59075.0
1627	58292.0
1628	68998.0
1629	80039.0
1630	76315.0
1631	66323.0
1632	66728.0
1633	74599.0
1634	57686.0
1635	71633.0
1636	70196.0
1637	70122.0
1638	61024.0
1639	57153.0
1640	44324.0
1641	43683.0
1642	45498.0
1643	39401.0
1644	41588.0
1645	45388.0
1646	34875.0
1647	32017.0
1648	29687.0
1649	29404.0
1650	28932.0
1651	32258.0
1652	33306.0
1653	34734.0
1654	34404.0
1655	27912.0
1656	27551.0
1657	27517.0
1658	25755.0
1659	30475.0
1660	25789.0
1661	28106.0
1662	32453.0
1663	32119.0
1664	30893.0
1665	32095.0
1666	32628.0
1667	32157.0
1668	35448.0
1669	38786.0
1670	39713.0
1671	39691.0
1672	42620.0
1673	37364.0
1674	45070.0
1675	41818.0
1676	52909.0
1677	51573.0
1678	54989.0
1679	65593.0
1680	56911.0
1681	70484.0
1682	55934.0
1683	65836.0
1684	66190.0
1685	68830.0
1686	63933.0
1687	60398.0
1688	65607.0
1689	61863.0
1690	69449.0
1691	73739.0
1692	77033.0
1693	71563.0
1694	75175.0
1695	60788.0
1696	65590.0
1697	73204.0
1698	79910.0
1699	65565.0
1700	81421.0
1701	82476.0
1702	65603.0
1703	65393.0
1704	67115.0
1705	58682.0
1706	73693.0
1707	72500.0
1708	59537.0
1709	80069.0
1710	66581.0
1711	83134.0
1712	76456.0
1713	45252.0
1714	55969.0
1715	56616.0
1716	51154.0
1717	50804.0
1718	40030.0
1719	41365.0
1720	41539.0
1721	44725.0
1722	38509.0
1723	41122.0
1724	37991.0
1725	27245.0
1726	35631.0
1727	39122.0
1728	36906.0
1729	34928.0
1730	32616.0
1731	38736.0
1732	34683.0
1733	39260.0
1734	33858.0
1735	39981.0
1736	39200.0
1737	40081.0
1738	39125.0
1739	40978.0
1740	40919.0
1741	44767.0
1742	43160.0
1743	40426.0
1744	43723.0
1745	44757.0
1746	46920.0
1747	47005.0
1748	44465.0
1749	41971.0
1750	43846.0
1751	49970.0
1752	45704.0
1753	44296.0
1754	41583.0
1755	47022.0
1756	55895.0
1757	49080.0
1758	51480.0
1759	51231.0
1760	38842.0
1761	34303.0
1762	35404.0
1763	34689.0
1764	31225.0
1765	33409.0
1766	36479.0
1767	33595.0
1768	5959.0
1769	40204.0
1770	39686.0
1771	42542.0
1772	57167.0
1773	61503.0
1774	50382.0
1775	43480.0
1776	54679.0
1777	45336.0
1778	40968.0
1779	32077.0
1780	34683.0
1781	42321.0
1782	41147.0
1783	46213.0
1784	33117.0
1785	40599.0
1786	41267.0
1787	33855.0
1788	45617.0
1789	41500.0
1790	44978.0
1791	50460.0
1792	41300.0
1793	40204.0
1794	42992.0
1795	43971.0
1796	44080.0
1797	45833.0
1798	40769.0
1799	35851.0
1800	45399.0
1801	41036.0
1802	43750.0
1803	14015.0
1804	4806.0
1805	6377.0
1806	0.0
1807	0.0
