	K562_combined
0	0.0
1	4220.0
2	3597.0
3	2575.0
4	4211.0
5	28932.0
6	33393.0
7	32967.0
8	31444.0
9	40244.0
10	37844.0
11	34086.0
12	32745.0
13	39426.0
14	64391.0
15	47051.0
16	40413.0
17	34790.0
18	43552.0
19	43781.0
20	41119.0
21	39926.0
22	34346.0
23	37593.0
24	35242.0
25	34546.0
26	50429.0
27	47457.0
28	38075.0
29	36215.0
30	44190.0
31	45172.0
32	41642.0
33	47519.0
34	45445.0
35	42671.0
36	46264.0
37	45112.0
38	47569.0
39	39226.0
40	42360.0
41	56042.0
42	43796.0
43	52245.0
44	35352.0
45	49121.0
46	42082.0
47	47384.0
48	44794.0
49	49733.0
50	52281.0
51	47637.0
52	52860.0
53	49243.0
54	46130.0
55	46364.0
56	40828.0
57	39312.0
58	45232.0
59	67469.0
60	56718.0
61	52838.0
62	48080.0
63	45788.0
64	42346.0
65	49896.0
66	47213.0
67	48753.0
68	49469.0
69	48533.0
70	46828.0
71	50811.0
72	39191.0
73	42171.0
74	55071.0
75	47462.0
76	48998.0
77	48519.0
78	50357.0
79	44496.0
80	34304.0
81	46142.0
82	50777.0
83	55183.0
84	58415.0
85	50023.0
86	53731.0
87	51554.0
88	44560.0
89	47449.0
90	51858.0
91	50781.0
92	51652.0
93	46692.0
94	54093.0
95	52283.0
96	56696.0
97	54462.0
98	55364.0
99	55416.0
100	42561.0
101	42998.0
102	45012.0
103	49719.0
104	47126.0
105	47454.0
106	55184.0
107	51057.0
108	51900.0
109	51815.0
110	49588.0
111	43145.0
112	43841.0
113	43385.0
114	49567.0
115	53656.0
116	52324.0
117	50139.0
118	49810.0
119	55410.0
120	51471.0
121	50511.0
122	51699.0
123	48362.0
124	34031.0
125	40954.0
126	46234.0
127	46115.0
128	48273.0
129	56208.0
130	50455.0
131	43504.0
132	48466.0
133	54234.0
134	50687.0
135	49301.0
136	49078.0
137	49742.0
138	36597.0
139	35290.0
140	17390.0
141	34334.0
142	38390.0
143	40786.0
144	38834.0
145	43174.0
146	8648.0
147	4012.0
148	47946.0
149	48123.0
150	67824.0
151	56531.0
152	52470.0
153	41659.0
154	56153.0
155	50220.0
156	43981.0
157	49823.0
158	47938.0
159	50348.0
160	59406.0
161	56973.0
162	57086.0
163	48273.0
164	52387.0
165	55409.0
166	45993.0
167	41461.0
168	53060.0
169	52550.0
170	43652.0
171	53614.0
172	55650.0
173	34724.0
174	11341.0
175	44105.0
176	36215.0
177	7082.0
178	33245.0
179	37202.0
180	26658.0
181	29799.0
182	34264.0
183	42199.0
184	42936.0
185	34479.0
186	34651.0
187	32303.0
188	33388.0
189	31380.0
190	33895.0
191	33757.0
192	36085.0
193	39237.0
194	46194.0
195	44777.0
196	36714.0
197	43833.0
198	48570.0
199	54847.0
200	52650.0
201	51515.0
202	53665.0
203	53178.0
204	47723.0
205	48419.0
206	51785.0
207	62606.0
208	56778.0
209	54345.0
210	54097.0
211	51862.0
212	57254.0
213	60795.0
214	58591.0
215	48984.0
216	62996.0
217	59015.0
218	54334.0
219	58650.0
220	53857.0
221	52808.0
222	46821.0
223	54152.0
224	56168.0
225	52543.0
226	48659.0
227	50264.0
228	58629.0
229	58442.0
230	50447.0
231	47047.0
232	60160.0
233	60269.0
234	45703.0
235	42274.0
236	50164.0
237	42278.0
238	42204.0
239	46912.0
240	39942.0
241	36990.0
242	35241.0
243	39362.0
244	36825.0
245	40823.0
246	36063.0
247	34538.0
248	46521.0
249	40804.0
250	35194.0
251	39738.0
252	41387.0
253	57160.0
254	46661.0
255	55759.0
256	52441.0
257	58684.0
258	56240.0
259	54252.0
260	53984.0
261	54490.0
262	46780.0
263	44958.0
264	55357.0
265	54530.0
266	51400.0
267	53044.0
268	49693.0
269	49638.0
270	45757.0
271	46706.0
272	43551.0
273	47090.0
274	46945.0
275	48900.0
276	53387.0
277	56817.0
278	55864.0
279	61646.0
280	51928.0
281	51769.0
282	55464.0
283	57760.0
284	54538.0
285	49327.0
286	51806.0
287	55829.0
288	53298.0
289	61263.0
290	58085.0
291	48945.0
292	58332.0
293	55579.0
294	48611.0
295	44688.0
296	46996.0
297	48697.0
298	42639.0
299	40558.0
300	34763.0
301	38785.0
302	37713.0
303	47936.0
304	45967.0
305	47263.0
306	48696.0
307	41676.0
308	50889.0
309	49230.0
310	47066.0
311	48778.0
312	43435.0
313	48853.0
314	41121.0
315	34801.0
316	37154.0
317	39096.0
318	48301.0
319	48051.0
320	36048.0
321	37862.0
322	53140.0
323	55157.0
324	50314.0
325	55247.0
326	52316.0
327	52890.0
328	52730.0
329	52252.0
330	50725.0
331	53870.0
332	47738.0
333	57820.0
334	48273.0
335	56489.0
336	56855.0
337	50105.0
338	54742.0
339	50761.0
340	57960.0
341	50741.0
342	56633.0
343	60145.0
344	55532.0
345	56065.0
346	58663.0
347	58689.0
348	61746.0
349	57816.0
350	57996.0
351	58336.0
352	62099.0
353	54152.0
354	53507.0
355	48726.0
356	53127.0
357	53167.0
358	58741.0
359	58394.0
360	50960.0
361	61307.0
362	56148.0
363	59642.0
364	59451.0
365	55758.0
366	58655.0
367	69946.0
368	59872.0
369	61208.0
370	50360.0
371	56059.0
372	58410.0
373	58311.0
374	52473.0
375	55323.0
376	57203.0
377	40504.0
378	53255.0
379	47397.0
380	48475.0
381	56334.0
382	53203.0
383	65360.0
384	58298.0
385	57793.0
386	52440.0
387	51727.0
388	52082.0
389	63392.0
390	56093.0
391	53380.0
392	50638.0
393	45373.0
394	47022.0
395	48900.0
396	41248.0
397	45279.0
398	29010.0
399	32853.0
400	34008.0
401	30866.0
402	25746.0
403	25136.0
404	19329.0
405	20594.0
406	21364.0
407	23796.0
408	16693.0
409	20464.0
410	3193.0
411	1350.0
412	7803.0
413	8345.0
414	14472.0
415	22517.0
416	18516.0
417	19918.0
418	24130.0
419	21825.0
420	20090.0
421	14893.0
422	22668.0
423	29336.0
424	28469.0
425	31438.0
426	33580.0
427	27421.0
428	25351.0
429	26083.0
430	28175.0
431	24590.0
432	29828.0
433	35202.0
434	28830.0
435	43101.0
436	31153.0
437	31081.0
438	29146.0
439	27121.0
440	27740.0
441	22144.0
442	18598.0
443	17236.0
444	21251.0
445	15919.0
446	18238.0
447	15688.0
448	19630.0
449	17112.0
450	18354.0
451	16057.0
452	17579.0
453	17451.0
454	20456.0
455	19083.0
456	18140.0
457	14215.0
458	16033.0
459	20969.0
460	18945.0
461	16125.0
462	14021.0
463	16556.0
464	19637.0
465	21918.0
466	15648.0
467	18121.0
468	19947.0
469	20220.0
470	16815.0
471	17881.0
472	19475.0
473	15682.0
474	20039.0
475	19037.0
476	18550.0
477	24670.0
478	24227.0
479	22299.0
480	17767.0
481	19400.0
482	17722.0
483	21582.0
484	26315.0
485	23646.0
486	18171.0
487	13553.0
488	10183.0
489	8923.0
490	8675.0
491	17862.0
492	1685.0
493	0.0
494	0.0
495	0.0
496	0.0
497	0.0
498	0.0
499	0.0
500	0.0
501	0.0
502	0.0
503	0.0
504	0.0
505	0.0
506	0.0
507	0.0
508	0.0
509	0.0
510	0.0
511	0.0
512	0.0
513	0.0
514	0.0
515	0.0
516	0.0
517	0.0
518	0.0
519	0.0
520	0.0
521	0.0
522	0.0
523	0.0
524	0.0
525	0.0
526	0.0
527	0.0
528	0.0
529	0.0
530	0.0
531	0.0
532	0.0
533	0.0
534	0.0
535	0.0
536	0.0
537	0.0
538	0.0
539	0.0
540	0.0
541	0.0
542	0.0
543	0.0
544	0.0
545	0.0
546	0.0
547	0.0
548	0.0
549	0.0
550	0.0
551	0.0
552	0.0
553	0.0
554	471358.0
555	15819.0
556	15497.0
557	15797.0
558	10074.0
559	11069.0
560	9021.0
561	8894.0
562	7505.0
563	14626.0
564	13457.0
565	27289.0
566	22589.0
567	23886.0
568	18709.0
569	19755.0
570	25199.0
571	25409.0
572	22638.0
573	25776.0
574	26755.0
575	25902.0
576	31416.0
577	33602.0
578	39657.0
579	44278.0
580	39589.0
581	46997.0
582	41779.0
583	31519.0
584	31369.0
585	24789.0
586	31167.0
587	35384.0
588	33228.0
589	34426.0
590	38330.0
591	31272.0
592	29751.0
593	32132.0
594	36741.0
595	30788.0
596	29669.0
597	33468.0
598	32242.0
599	31664.0
600	33658.0
601	46204.0
602	50080.0
603	49126.0
604	46283.0
605	52077.0
606	47030.0
607	42458.0
608	40232.0
609	33319.0
610	37542.0
611	40366.0
612	34682.0
613	30733.0
614	32344.0
615	30339.0
616	33971.0
617	30263.0
618	34031.0
619	29299.0
620	33899.0
621	33158.0
622	34559.0
623	35310.0
624	31368.0
625	22453.0
626	29539.0
627	28397.0
628	24821.0
629	25614.0
630	26189.0
631	26797.0
632	30651.0
633	25168.0
634	24663.0
635	27407.0
636	24567.0
637	32421.0
638	27329.0
639	24438.0
640	27012.0
641	30869.0
642	30966.0
643	26275.0
644	22651.0
645	26053.0
646	23740.0
647	23483.0
648	28111.0
649	25010.0
650	31191.0
651	30545.0
652	28061.0
653	35119.0
654	33859.0
655	38944.0
656	46738.0
657	42806.0
658	41710.0
659	31130.0
660	40357.0
661	42430.0
662	50390.0
663	54361.0
664	40240.0
665	41115.0
666	43504.0
667	45104.0
668	43363.0
669	52511.0
670	51959.0
671	52599.0
672	48440.0
673	41791.0
674	40678.0
675	45011.0
676	42807.0
677	41925.0
678	41279.0
679	40423.0
680	39821.0
681	37363.0
682	34676.0
683	39457.0
684	41874.0
685	45280.0
686	41126.0
687	40949.0
688	40481.0
689	31613.0
690	41464.0
691	43094.0
692	47702.0
693	47768.0
694	50914.0
695	47093.0
696	46404.0
697	64373.0
698	42275.0
699	48662.0
700	35582.0
701	36099.0
702	33885.0
703	31990.0
704	37099.0
705	41079.0
706	41595.0
707	40969.0
708	38209.0
709	46049.0
710	45951.0
711	56805.0
712	54360.0
713	52281.0
714	59064.0
715	45849.0
716	55531.0
717	49617.0
718	48064.0
719	48426.0
720	52341.0
721	48066.0
722	53380.0
723	51584.0
724	54693.0
725	50666.0
726	50591.0
727	59847.0
728	57409.0
729	52141.0
730	57001.0
731	44874.0
732	53086.0
733	42288.0
734	39462.0
735	11163.0
736	24339.0
737	31427.0
738	29581.0
739	35040.0
740	28062.0
741	30555.0
742	23026.0
743	26784.0
744	26653.0
745	30403.0
746	25966.0
747	22131.0
748	21605.0
749	25181.0
750	30204.0
751	26927.0
752	24141.0
753	28732.0
754	30005.0
755	9589.0
756	23178.0
757	25086.0
758	24052.0
759	25652.0
760	27224.0
761	29493.0
762	26842.0
763	27507.0
764	31492.0
765	31725.0
766	30395.0
767	39779.0
768	46853.0
769	49572.0
770	47515.0
771	50334.0
772	56404.0
773	50891.0
774	54591.0
775	54244.0
776	62737.0
777	58683.0
778	60266.0
779	55013.0
780	56039.0
781	51411.0
782	65136.0
783	55739.0
784	47070.0
785	46576.0
786	51840.0
787	52837.0
788	58153.0
789	58702.0
790	59143.0
791	56181.0
792	49984.0
793	51455.0
794	54960.0
795	46225.0
796	58080.0
797	54814.0
798	58083.0
799	53402.0
800	55195.0
801	40752.0
802	41779.0
803	38979.0
804	34150.0
805	41189.0
806	53522.0
807	30604.0
808	44923.0
809	48220.0
810	36087.0
811	40352.0
812	34279.0
813	54112.0
814	48447.0
815	52309.0
816	56138.0
817	60899.0
818	61115.0
819	59626.0
820	52724.0
821	52682.0
822	50715.0
823	53255.0
824	57286.0
825	55938.0
826	51601.0
827	43600.0
828	54488.0
829	45363.0
830	42077.0
831	47260.0
832	47575.0
833	45471.0
834	52649.0
835	54977.0
836	52540.0
837	52548.0
838	53207.0
839	34376.0
840	34048.0
841	44627.0
842	49749.0
843	38194.0
844	44770.0
845	43879.0
846	50408.0
847	49256.0
848	34484.0
849	56587.0
850	52041.0
851	43336.0
852	51070.0
853	43508.0
854	54172.0
855	47732.0
856	59865.0
857	51490.0
858	59731.0
859	48878.0
860	47095.0
861	45764.0
862	36420.0
863	27055.0
864	24997.0
865	21740.0
866	19826.0
867	23591.0
868	23542.0
869	21373.0
870	22779.0
871	20065.0
872	21740.0
873	25421.0
874	23302.0
875	23755.0
876	36377.0
877	27335.0
878	47263.0
879	55544.0
880	53304.0
881	55682.0
882	56816.0
883	57572.0
884	59904.0
885	57875.0
886	39749.0
887	26224.0
888	37035.0
889	32856.0
890	34103.0
891	37166.0
892	37235.0
893	31885.0
894	29387.0
895	32094.0
896	30824.0
897	31139.0
898	29065.0
899	31592.0
900	46972.0
901	49445.0
902	50583.0
903	59284.0
904	57614.0
905	58278.0
906	56285.0
907	54000.0
908	54658.0
909	54346.0
910	57334.0
911	54031.0
912	51634.0
913	55124.0
914	54313.0
915	59514.0
916	56682.0
917	55280.0
918	62871.0
919	61026.0
920	54167.0
921	61193.0
922	53709.0
923	56177.0
924	57813.0
925	48646.0
926	51002.0
927	51441.0
928	52174.0
929	49494.0
930	45694.0
931	45072.0
932	39417.0
933	47706.0
934	48931.0
935	46617.0
936	46544.0
937	44031.0
938	48858.0
939	46605.0
940	51422.0
941	51992.0
942	60219.0
943	57673.0
944	51423.0
945	54101.0
946	56453.0
947	56396.0
948	45362.0
949	53626.0
950	49273.0
951	48834.0
952	59202.0
953	46358.0
954	52484.0
955	52265.0
956	55647.0
957	50087.0
958	47953.0
959	49164.0
960	58514.0
961	50514.0
962	51541.0
963	45074.0
964	51346.0
965	49715.0
966	47749.0
967	50644.0
968	11363.0
969	32911.0
970	44099.0
971	48027.0
972	51234.0
973	44796.0
974	45875.0
975	47655.0
976	57504.0
977	50963.0
978	52061.0
979	49122.0
980	49544.0
981	55798.0
982	56706.0
983	55076.0
984	62692.0
985	60742.0
986	54178.0
987	65751.0
988	56743.0
989	60550.0
990	41529.0
991	45280.0
992	47270.0
993	46438.0
994	56006.0
995	48694.0
996	48722.0
997	54407.0
998	61804.0
999	55520.0
1000	55988.0
1001	51065.0
1002	46995.0
1003	47799.0
1004	54475.0
1005	54802.0
1006	46873.0
1007	53381.0
1008	47797.0
1009	44546.0
1010	45552.0
1011	35097.0
1012	17103.0
1013	42425.0
1014	43095.0
1015	52947.0
1016	44529.0
1017	56555.0
1018	45168.0
1019	43999.0
1020	45233.0
1021	46006.0
1022	43584.0
1023	38520.0
1024	54131.0
1025	51505.0
1026	51923.0
1027	56695.0
1028	45041.0
1029	44485.0
1030	50480.0
1031	43314.0
1032	54689.0
1033	51603.0
1034	48852.0
1035	47393.0
1036	52734.0
1037	57950.0
1038	54776.0
1039	56519.0
1040	55075.0
1041	55341.0
1042	51320.0
1043	46499.0
1044	49639.0
1045	45542.0
1046	45898.0
1047	38134.0
1048	38823.0
1049	37435.0
1050	35052.0
1051	39716.0
1052	38848.0
1053	46129.0
1054	42327.0
1055	40469.0
1056	36882.0
1057	33361.0
1058	34034.0
1059	34181.0
1060	41135.0
1061	40208.0
1062	41902.0
1063	46952.0
1064	45333.0
1065	42829.0
1066	39407.0
1067	44009.0
1068	43161.0
1069	42062.0
1070	42088.0
1071	38997.0
1072	38448.0
1073	35973.0
1074	29230.0
1075	27646.0
1076	36789.0
1077	34289.0
1078	39993.0
1079	39348.0
1080	38341.0
1081	35344.0
1082	44793.0
1083	38972.0
1084	47431.0
1085	47761.0
1086	40926.0
1087	49439.0
1088	39223.0
1089	43337.0
1090	45250.0
1091	39298.0
1092	45877.0
1093	46434.0
1094	45899.0
1095	42919.0
1096	37161.0
1097	44029.0
1098	40568.0
1099	40864.0
1100	40208.0
1101	42286.0
1102	37401.0
1103	39255.0
1104	24271.0
1105	11489.0
1106	8504.0
1107	27348.0
1108	49781.0
1109	50792.0
1110	53199.0
1111	49003.0
1112	49196.0
1113	47463.0
1114	52309.0
1115	40156.0
1116	52488.0
1117	43093.0
1118	54308.0
1119	45284.0
1120	47208.0
1121	47878.0
1122	86021.0
1123	45081.0
1124	39500.0
1125	36501.0
1126	38922.0
1127	35526.0
1128	35991.0
1129	37817.0
1130	37164.0
1131	44807.0
1132	42431.0
1133	43155.0
1134	37526.0
1135	45559.0
1136	43842.0
1137	33855.0
1138	32058.0
1139	28356.0
1140	25419.0
1141	23288.0
1142	30146.0
1143	24010.0
1144	25729.0
1145	26776.0
1146	23804.0
1147	23862.0
1148	27464.0
1149	25846.0
1150	22355.0
1151	26620.0
1152	31379.0
1153	33774.0
1154	41430.0
1155	43616.0
1156	38287.0
1157	39487.0
1158	41506.0
1159	27385.0
1160	30906.0
1161	37091.0
1162	44969.0
1163	41690.0
1164	39521.0
1165	40199.0
1166	44185.0
1167	35200.0
1168	35191.0
1169	36263.0
1170	37481.0
1171	39194.0
1172	36803.0
1173	45538.0
1174	45655.0
1175	50273.0
1176	49291.0
1177	49090.0
1178	54522.0
1179	43960.0
1180	57357.0
1181	47184.0
1182	3768.0
