chrom	start	end	binNum	observed	expected	log2.copyRatio
chr1	1	16850000	332	10583000	7579070	0.403334190143598
chr1	16850001	17100000	5	113250	26040.7	2.04234919042088
chr1	17100001	55250000	761	25540700	17772100	0.444862177067039
chr1	55250001	102050000	936	19202600	18201800	-0.0011011893476775
chr1	102050001	107300000	103	1487850	1593350	-0.177155846720543
chr1	107300001	121450000	281	8118440	5595670	0.45856992493787
chr1	145300001	162350000	337	6737650	6054640	0.0758825804013265
chr1	162350001	249250000	1732	49519400	35072800	0.419319498508847
chr2	1	8850000	176	3901560	4029250	-0.124781960042233
chr2	8850001	89650000	1616	34963600	32960100	0.00681139431288426
chr2	91750001	91850000	2	90127	17534	2.28348249170779
chr2	95300001	149350000	1077	21261800	20661800	-0.0370239289087288
chr2	149350001	151750000	47	1584580	928329	0.693070681170309
chr2	151750001	188700000	739	19610540	13996000	0.408292968182936
chr2	188700001	243200000	1090	16097810	22686500	-0.573291343680812
chr3	50001	48250000	964	28498700	20264200	0.413641164984266
chr3	48250001	59750000	230	3834820	5243100	-0.529582925013994
chr3	59750001	60050000	6	50731	138556	-1.52785140660873
chr3	60050001	60550000	10	205132	211825	-0.124642027942458
chr3	60550001	138300000	1495	20337500	28979340	-0.589204116672641
chr3	138300001	195350000	1141	23285200	22179800	-0.0081548072643695
chr3	195350001	195450000	2	45442	14418.2	1.57781354114994
chr3	195450001	198000000	51	1099910	956910	0.1226086089029
chr4	1	100000	2	83755	22836.2	1.7965309916496
chr4	100001	3650000	71	1940760	1733480	0.0846288051373845
chr4	3650001	49100000	909	18003600	18004500	-0.0783938430452348
chr4	52650001	58300000	113	2430380	2263040	0.0245980933403747
chr4	58300001	68250000	199	3043040	3253390	-0.174752202424794
chr4	68250001	68300000	1	45943	17677.2	1.29963356520309
chr4	68300001	160500000	1844	34358000	33326420	-0.0343420139380408
chr4	160500001	163600000	62	318126	1023950	-1.76479680243592
chr4	163600001	190550000	539	10017900	10213300	-0.10619069690832
chr4	190550001	190700000	3	173905	64191.2	1.35953025171622
chr4	190700001	191050000	7	83382	75337.7	0.0680422628728891
chr5	1	31050000	621	15404800	12103600	0.269622012244605
chr5	31050001	50400000	328	8503620	6068440	0.408429710424303
chr5	50400001	164000000	2270	46466900	43803200	0.00684540699565517
chr5	164000001	164450000	9	102461	156248	-0.687084570199303
chr5	164450001	180950000	330	7410910	7249150	-0.0464828614498189
chr6	50001	31600000	631	18869700	13378600	0.41782260842276
chr6	31600001	32450000	17	636697	369097	0.708285230456005
chr6	32450001	32650000	4	45627	68983.2	-0.674678979767268
chr6	32650001	51750000	382	12209300	8579850	0.430634432926495
chr6	51750001	57200000	109	2200120	2090670	-0.00470486941183568
chr6	57200001	57600000	8	301710	136163	1.06950606140881
chr6	57600001	58750000	23	111276	114372	-0.117913160371106
chr6	58750001	58800000	1	578389	5779.39	6.56665735204581
chr6	61850001	135250000	1466	27816700	26779500	-0.0234994712028137
chr6	135250001	161400000	523	14992700	10602100	0.421588440247666
chr6	161400001	161700000	6	284154	136816	0.976114342954507
chr6	161700001	171100000	187	5425440	4121730	0.318168417361491
chr7	1	45600000	912	19810300	18616100	0.0113781379212824
chr7	45600001	58100000	250	4485390	4640870	-0.127483578398045
chr7	61950001	62000000	1	239296	6244.38	5.18177241174486
chr7	62000001	71300000	186	4035340	3176090	0.267116714894673
chr7	71300001	104600000	666	16145000	11713800	0.384556549022186
chr7	104600001	111400000	136	4909140	2618210	0.828567768974072
chr7	111400001	159150000	952	32689000	19016100	0.703262124123347
chr8	1	90600000	1751	35153500	34536600	-0.0527794504202634
chr8	90600001	110850000	405	8729640	7999710	0.0476527341602619
chr8	110850001	123400000	251	4514630	4618730	-0.1112101812775
chr8	123400001	131850000	169	4175660	3723000	0.0872169055977946
chr8	131850001	140000000	163	3498110	3628220	-0.131008005677476
chr8	140000001	146350000	125	3459360	3206030	0.0313955063790648
chr9	1	20750000	415	5495830	8054030	-0.629695191940152
chr9	20750001	26550000	116	1990	2073010	-10.1030645041554
chr9	26550001	28550000	40	291908	782755	-1.50136879343537
chr9	28550001	31600000	61	924	1020440	-10.1873324502876
chr9	31600001	32250000	13	76124	219931	-1.60894941905046
chr9	32250001	37100000	97	1558890	2077100	-0.492373268808852
chr9	37100001	38450000	27	910653	633733	0.444704559995977
chr9	68400001	68450000	1	53219	6848.42	2.87977659013604
chr9	68450001	94100000	504	6471580	9333870	-0.606679117239164
chr9	94100001	103350000	185	4449490	3998710	0.0757836036829092
chr9	103350001	123550000	404	8750240	8456810	-0.029112702877579
chr9	123550001	123700000	3	187064	73715.4	1.2651722660164
chr9	123700001	130900000	144	3787580	3409760	0.0732844394738986
chr9	130900001	131100000	4	257444	101444	1.2652533843384
chr9	131100001	132450000	27	765506	678959	0.0947675033027933
chr9	132450001	132650000	4	185986	103552	0.766516884720108
chr9	132650001	133600000	17	432667	404415	0.0190988557730928
chr9	133600001	134150000	11	2020060	276792	2.78920226892801
chr9	134150001	141200000	141	3980120	3714410	0.021357133855212
chr10	50001	39200000	783	16468500	15840100	-0.022194011747723
chr10	42350001	42400000	1	362878	6597.76	5.70304275971428
chr10	42400001	42500000	2	84477	27945	1.51764670210137
chr10	42500001	42550000	1	170930	11755.3	3.78370063989529
chr10	42600001	46900000	86	1946200	1426020	0.370344035021438
chr10	46900001	47200000	6	316814	98996.8	1.59986056786822
chr10	47200001	52100000	95	1764390	1191210	0.488419994007185
chr10	52100001	59400000	146	3168060	2507070	0.259275656099391
chr10	59400001	87850000	569	16583300	11877500	0.40317819373314
chr10	87850001	103600000	315	4814620	6534750	-0.51903183232216
chr10	103600001	103800000	4	2589	84478.8	-5.10644419132949
chr10	103800001	126650000	457	7112520	10178800	-0.595456504249745
chr10	126650001	126700000	1	54	25345.1	-8.95285339048026
chr10	126700001	135250000	169	2839980	4253150	-0.660972691375791
chr10	135250001	135550000	6	102715	77388.8	0.330128462362927
chr11	50001	20500000	409	9810840	8996140	0.0467488273018996
chr11	20500001	42900000	448	8598220	8559350	-0.0717849419602132
chr11	42900001	51550000	168	3340370	3049820	0.0529620913209531
chr11	51550001	51600000	1	65184	6234.47	3.3078573356742
chr11	54650001	78750000	482	11827700	10667900	0.0705716253509491
chr11	78750001	134950000	1122	23761200	23158700	-0.0412682976015637
chr12	50001	22700000	453	6450510	9091820	-0.57347761681181
chr12	22700001	45950000	406	7817880	7489200	-0.0163559018008817
chr12	45950001	58750000	256	6396050	5607720	0.111445176639505
chr12	58750001	133850000	1501	32421860	30912200	-0.00953119921933829
chr13	19000001	81100000	1242	16247710	23603250	-0.617070851796669
chr13	81100001	81500000	8	599795	139064	2.03039877852151
chr13	81500001	90400000	176	1801030	2895590	-0.763356850830566
chr13	90400001	90450000	1	26022	16881.3	0.545984116667013
chr13	90450001	92500000	41	3253850	737907	2.0623151138637
chr13	92500001	92950000	9	96839	148379	-0.693948560342618
chr13	92950001	93350000	8	616040	129344	2.17348917279811
chr13	93350001	93850000	10	113757	180172	-0.741741224205525
chr13	93850001	94050000	4	341367	79244.3	2.02862280310976
chr13	94050001	104050000	200	2961440	4200390	-0.582546153840588
chr13	104050001	108500000	89	1083890	1744350	-0.764792916866113
chr13	108500001	108650000	3	280888	54511.7	2.2870354488808
chr13	108650001	108700000	1	30206	18858.5	0.60129849565864
chr13	108700001	115150000	125	2021850	2901170	-0.599280591725323
chr14	20450001	23200000	55	851483	1115440	-0.467885005297021
chr14	23200001	23800000	12	321841	277242	0.136880570101508
chr14	23800001	97000000	1464	20889970	29496990	-0.576079047067307
chr14	97000001	97650000	13	337461	321753	-0.00955454350828132
chr14	97650001	99850000	44	687683	1074950	-0.722775693871886
chr14	99850001	107300000	149	2638810	3556980	-0.509087109727083
chr15	22600001	34050000	229	3774100	3806590	-0.0906882634177485
chr15	34050001	102550000	1369	31124600	28993800	0.02398914285829
chr16	50001	32500000	649	14209100	13231500	0.0245168298761476
chr16	32500001	34200000	32	292326	143451	0.94869840094827
chr16	34200001	66000000	413	8861595	8883872	-0.0819439379341992
chr16	66000001	78250000	245	5705590	5296560	0.0289986900679418
chr16	78250001	85650000	148	5075020	3670680	0.389044433574802
chr16	85650001	90300000	93	2580800	2326240	0.0714966706066722
chr17	-49999	21200000	424	6367260	9026720	-0.581850905284611
chr17	21200001	21350000	3	109042	82632.9	0.321773999097512
chr17	21350001	22250000	17	144376	188977	-0.466701442987983
chr17	25300001	44150000	377	9256660	8187820	0.0986906210702173
chr17	44150001	44400000	5	124747	66267.4	0.834312174959982
chr17	44400001	81200000	735	17442300	16290400	0.0202465380002595
chr18	1	4250000	85	2504740	1662020	0.513401387322975
chr18	4250001	8800000	91	2470280	1935040	0.273989463152186
chr18	8800001	10850000	41	1341160	886803	0.518474080167309
chr18	10850001	19500000	110	1910005	1840639	-0.0249520117819285
chr18	19500001	22400000	58	1713670	1270680	0.35316683615573
chr18	22400001	25100000	54	2086580	1117210	0.822918118202011
chr18	25100001	39600000	290	7395230	5690440	0.29973308303933
chr18	39600001	78050000	767	10777300	15977800	-0.646394710283628
chr19	50001	20550000	410	10003300	9460140	0.002220847112451
chr19	20550001	20700000	3	9881	30823.6	-1.71962813219322
chr19	20700001	24500000	76	1153950	1207550	-0.143823937083948
chr19	24500001	27900000	6	139629	63628.2	1.05553867169929
chr19	27900001	59150000	625	14565800	13904000	-0.0112367707430867
chr20	50001	6550000	130	2229540	2992980	-0.503158279651795
chr20	6550001	26100000	391	5628300	8370320	-0.650905273724889
chr20	29800001	63000000	664	17153090	16022350	0.0200610024073885
chr21	9800001	9850000	1	45687	5265.13	3.03892092957933
chr21	10650001	10750000	2	138597	11884.3	3.46544547095059
chr21	14400001	25500000	222	3649060	3594960	-0.0567725700961092
chr21	25500001	29800000	86	1979950	1559500	0.266058720889377
chr21	29800001	48150000	367	12083800	8603400	0.411773666629731
chr22	17300001	18950000	33	834912	603485	0.389984508175566
chr22	18950001	21900000	58	4130540	1058750	1.88564670837912
chr22	21900001	22950000	21	2366670	442046	2.34226841957272
chr22	22950001	23650000	14	2475800	344434	2.76727358371124
chr22	23650001	51250000	552	9655590	13418500	-0.553108809813394
chrX	2650001	113150000	2144	26392500	38288000	-0.615086011635142
chrX	113150001	114400000	25	415431	410065	-0.059565460095143
chrX	114400001	139050000	492	6613720	9210120	-0.556079709440368
chrX	139050001	146500000	149	1595570	2564170	-0.762741734568785
chrX	146500001	154950000	169	2389130	3264010	-0.528481844333266
