chrom	start	end	binNum	observed	expected	log2.copyRatio
chr1	1	55250000	1098	36236900	25377200	0.440092826427291
chr1	55250001	107300000	1039	20690400	19795200	-0.0100229235569097
chr1	107300001	121450000	281	8118440	5595670	0.463057832991932
chr1	145300001	162350000	337	6737650	6054640	0.080370488455388
chr1	162350001	249250000	1732	49519400	35072800	0.423807406562908
chr2	1	149350000	2899	60382000	57742400	-0.00934634609845643
chr2	149350001	188700000	786	21195100	14924300	0.432233690824888
chr2	188700001	243200000	1090	16097800	22686500	-0.568804331832811
chr3	50001	48250000	964	28498700	20264200	0.418129073038328
chr3	48250001	138300000	1741	24428200	34572900	-0.574927877331193
chr3	138300001	198000000	1194	24430500	23151100	0.00376883070765746
chr4	1	160500000	3149	59957000	58635500	-0.0416800054957372
chr4	160500001	163600000	62	318126	1023950	-1.76030889438186
chr4	163600001	191050000	549	10275200	10352900	-0.084702285672285
chr5	1	50400000	949	23908400	18172000	0.321966558110759
chr5	50400001	180950000	2609	53980300	51208600	0.00221306069288069
chr6	50001	58750000	1174	34374400	24737700	0.400789343954181
chr6	58750001	58800000	1	578389	5779.39	6.57114526009987
chr6	61850001	135250000	1466	27816700	26779500	-0.0190115631487521
chr6	135250001	171100000	716	20702300	14860600	0.404464875579554
chr7	1	61950000	1180	24455300	23312400	-0.0047841905954019
chr7	61950001	62000000	1	239296	6244.38	5.18626031979892
chr7	62000001	104600000	852	20180300	14889900	0.364779740312536
chr7	104600001	159150000	1088	37598100	21634300	0.723505499755898
chr8	1	146350000	2864	59530900	57712300	-0.0290739386614285
chr9	1	20750000	415	5495830	8054030	-0.62520728388609
chr9	20750001	26550000	116	1990	2073010	-10.0985765961014
chr9	26550001	28550000	40	291908	782755	-1.49688088538131
chr9	28550001	31600000	61	924	1020440	-10.1828445422336
chr9	31600001	94100000	865	9252780	12455700	-0.502681124589981
chr9	94100001	133600000	788	18816000	17227400	0.0534211657688647
chr9	133600001	134150000	11	2020060	276792	2.79369017698207
chr9	134150001	141200000	141	3980120	3714410	0.0258450419092735
chr10	50001	39200000	783	16468500	15840100	-0.0177061036936614
chr10	42350001	42600000	5	807054	46582.1	4.04098380562168
chr10	42600001	87850000	902	23778800	17100800	0.4017782765984
chr10	87850001	135550000	952	14872500	21153900	-0.582110305810483
chr11	50001	134950000	2630	57403500	54438100	0.00268817221536954
chr12	50001	22700000	453	6450510	9091820	-0.568989708757748
chr12	22700001	133850000	2163	46635800	44009200	0.00979890278732606
chr13	19000001	81100000	1242	16247700	23603200	-0.612580775540684
chr13	81100001	81500000	8	599795	139064	2.03488668657558
chr13	81500001	90450000	177	1827050	2912470	-0.746560889644312
chr13	90450001	93350000	58	3966730	1015630	1.89174147005949
chr13	93350001	93850000	10	113757	180172	-0.737253316151464
chr13	93850001	94050000	4	341367	79244.3	2.03311071116382
chr13	94050001	108500000	289	4045330	5944740	-0.629190133741656
chr13	108500001	108650000	3	280888	54511.7	2.29152335693486
chr13	108650001	115150000	126	2052050	2920030	-0.582751123738614
chr14	19000001	107300000	1766	25852600	35925800	-0.548544719654007
chr15	19950001	102550000	1642	35184200	32929900	0.0216957628355352
chr16	50001	90300000	1582	36801800	33557200	0.0593201718089703
chr17	-49999	21200000	424	6367260	9026720	-0.57736299723055
chr17	21200001	81200000	1139	27098000	24821200	0.0527796938580148
chr18	1	39600000	731	19499600	14409800	0.362560401575675
chr18	39600001	78050000	767	10777300	15977800	-0.641906802229567
chr19	50001	59150000	1120	25872600	24666100	-0.00493840190460436
chr20	50001	26100000	521	7857840	11363300	-0.606010985836063
chr20	26100001	63000000	675	17258900	16080100	0.0282303219948079
chr21	14400001	25500000	222	3649060	3594960	-0.0522846620420476
chr21	25500001	48150000	453	14063800	10162900	0.394840506573737
chr22	16050001	18950000	56	1018200	661431	0.548524585627429
chr22	18950001	23650000	93	8973010	1845230	2.20795754917624
chr22	23650001	51250000	552	9655590	13418500	-0.548620901759333
chrX	2650001	154950000	2979	37406400	53736400	-0.596448362231687
