chrom	start	end	binNum	observed	expected	log2.copyRatio
chr1	1	55250000	1098	36236900	25377200	0.440138158972375
chr1	55250001	107300000	1039	20690400	19795200	-0.00997759101182506
chr1	107300001	249250000	2400	64848040	46844370	0.395398818719281
chr2	1	149350000	2899	60382000	57742400	-0.00930101355337179
chr2	149350001	188700000	786	21195100	14924300	0.432279023369972
chr2	188700001	243200000	1090	16097800	22686500	-0.568758999287727
chr3	50001	48250000	964	28498700	20264200	0.418174405583412
chr3	48250001	138300000	1741	24428200	34572900	-0.574882544786108
chr3	138300001	198000000	1194	24430500	23151100	0.0038141632527421
chr4	1	160500000	3149	59957000	58635500	-0.0416346729506526
chr4	160500001	163600000	62	318126	1023950	-1.76026356183677
chr4	163600001	191050000	549	10275200	10352900	-0.0846569531272003
chr5	1	50400000	949	23908400	18172000	0.322011890655844
chr5	50400001	180950000	2609	53980300	51208600	0.00225839323796533
chr6	50001	58750000	1174	34374400	24737700	0.400834676499266
chr6	58750001	58800000	1	578389	5779.39	6.57119059264496
chr6	61850001	135250000	1466	27816700	26779500	-0.0189662306036675
chr6	135250001	171100000	716	20702300	14860600	0.404510208124638
chr7	1	61950000	1180	24455300	23312400	-0.00473885805031726
chr7	61950001	62000000	1	239296	6244.38	5.186305652344
chr7	62000001	104600000	852	20180300	14889900	0.364825072857621
chr7	104600001	159150000	1088	37598100	21634300	0.723550832300983
chr8	1	146350000	2864	59530900	57712300	-0.0290286061163439
chr9	1	20750000	415	5495830	8054030	-0.625161951341006
chr9	20750001	26550000	116	1990	2073010	-10.0985312635563
chr9	26550001	28550000	40	291908	782755	-1.49683555283622
chr9	28550001	31600000	61	924	1020440	-10.1827992096885
chr9	31600001	94100000	865	9252780	12455700	-0.502635792044897
chr9	94100001	133600000	788	18816000	17227400	0.0534664983139494
chr9	133600001	134150000	11	2020060	276792	2.79373550952715
chr9	134150001	141200000	141	3980120	3714410	0.0258903744543582
chr10	50001	39200000	783	16468500	15840100	-0.0176607711485768
chr10	42350001	42600000	5	807054	46582.1	4.04102913816677
chr10	42600001	87850000	902	23778800	17100800	0.401823609143484
chr10	87850001	135550000	952	14872500	21153900	-0.582064973265398
chr11	50001	134950000	2630	57403500	54438100	0.00273350476045418
chr12	50001	22700000	453	6450510	9091820	-0.568944376212663
chr12	22700001	133850000	2163	46635800	44009200	0.0098442353324107
chr13	19000001	81100000	1242	16247700	23603200	-0.6125354429956
chr13	81100001	81500000	8	599795	139064	2.03493201912066
chr13	81500001	90450000	177	1827050	2912470	-0.746515557099227
chr13	90450001	94050000	72	4421860	1275050	1.72031104260143
chr13	94050001	115150000	418	6378270	8919280	-0.557550568652801
chr14	19000001	107300000	1766	25852600	35925800	-0.548499387108922
chr15	19950001	102550000	1642	35184200	32929900	0.0217410953806198
chr16	50001	90300000	1582	36801800	33557200	0.0593655043540549
chr17	-49999	21200000	424	6367260	9026720	-0.577317664685465
chr17	21200001	81200000	1139	27098000	24821200	0.0528250264030994
chr18	1	39600000	731	19499600	14409800	0.362605734120759
chr18	39600001	78050000	767	10777300	15977800	-0.641861469684482
chr19	50001	59150000	1121	26087300	24669900	0.00680728332984401
chr20	50001	26100000	521	7857840	11363300	-0.605965653290978
chr20	26100001	63000000	675	17258900	16080100	0.0282756545398926
chr21	9400001	48150000	711	18260800	13896100	0.320281445562731
chr22	16050001	18950000	56	1018200	661431	0.548569918172514
chr22	18950001	23650000	93	8973010	1845230	2.20800288172133
chr22	23650001	51250000	552	9655590	13418500	-0.548575569214248
chrX	2650001	154950000	2979	37406400	53736400	-0.596403029686603
