0	88.0	0.3437800000000001	0.21482290008495034	15504
1	134.0	0.47256	0.4048067193006295	37536
2	222.0	0.4205	0.549503418802566	63710
3	141.0	0.39222	0.859526792072956	49675
4	115.0	0.37181999999999993	0.9062857667702358	41402
5	139.0	0.39949999999999997	0.9009339032732834	51234
6	142.0	0.44792000000000004	0.9111355160950578	59594
7	136.0	0.43228	0.9422266115450305	53624
8	133.0	0.41212	0.9022769975754084	52034
9	118.0	0.4342399999999999	0.9130862930634537	47675
10	137.0	0.45104	0.7056538681939818	44698
11	154.0	0.42016	0.8989163924789721	57973
12	142.0	0.41542	0.8690996860845803	60761
13	160.0	0.45592	0.8097312985526665	65764
14	140.0	0.41631999999999997	0.7959927508946537	54758
15	125.0	0.39864000000000005	0.8307694895147464	55071
16	128.0	0.4283399999999999	0.8166225827802689	59583
17	140.0	0.41828000000000004	0.8610817344079611	57484
18	138.0	0.43036	0.9469712212744451	51697
19	125.0	0.41358000000000006	0.7337381671544286	49253
20	124.0	0.39448	0.8245666673063312	50753
21	100.0	0.37118	0.8741539352665822	38249
22	132.0	0.36902	0.867830956799645	39554
23	123.0	0.37237999999999993	0.8871398834682372	36411
24	103.0	0.3544799999999999	0.9137308061386942	35389
25	99.0	0.36225999999999997	0.9228647506694398	38759
26	107.0	0.37914000000000003	0.8051973466575812	38380
27	114.0	0.37196000000000007	0.9005271242705539	43913
28	106.0	0.35528	0.9412138110680337	40726
29	105.0	0.36266000000000004	0.9285659745710982	38175
30	123.0	0.38636000000000004	0.80525399925508	38784
31	106.0	0.35676	0.9627090770242458	34309
32	91.0	0.34708000000000006	0.7991225253156243	26496
33	114.0	0.35142	0.9632202096991532	32011
34	109.0	0.34600000000000003	0.8393026369533686	29456
35	103.0	0.36103999999999997	0.8327709596996715	27375
36	118.0	0.35483999999999993	0.9400507848541386	30448
37	111.0	0.36898000000000003	0.9032122846570566	31590
38	104.0	0.37182000000000004	0.8857677364280924	28187
39	98.0	0.37854	0.9471346372896434	29773
40	117.0	0.36758	0.938122362141319	33349
41	123.0	0.3656000000000001	0.9437568327142237	37730
42	122.0	0.38300000000000006	0.9587839974476368	39456
43	116.0	0.38468	0.9357958721129417	36431
44	125.0	0.37884	0.8620161651675431	41218
45	110.0	0.38897999999999994	0.7896691454215841	39942
46	111.0	0.3829599999999999	0.889375662843991	46197
47	133.0	0.36018	0.9105663566015412	43529
48	116.0	0.38417999999999997	0.9196234951150384	40481
49	143.0	0.39732000000000006	0.919352546848621	51952
50	114.0	0.38574	0.9070922648942416	45521
51	146.0	0.37306000000000006	0.8891265785725126	53808
52	144.0	0.40298	0.8254539052306993	55830
53	131.0	0.39032000000000006	0.8742691801897507	52613
54	116.0	0.36144000000000015	0.9354682165482557	48361
55	125.0	0.36408000000000007	0.9118716679694812	46194
56	132.0	0.42502	0.7842892325816642	56817
57	144.0	0.45713999999999994	0.7332361986768133	63388
58	110.0	0.45164000000000004	0.9291454321442965	52838
59	124.0	0.40648	0.9176449798094626	56730
60	161.0	0.4422	0.8139825581406364	63257
61	137.0	0.42977999999999994	0.8509168289354754	60353
62	149.0	0.39748	0.8862093903784842	59878
63	140.0	0.40802	0.8760240872832876	60124
64	125.0	0.4144	0.9016356809262659	60071
65	136.0	0.40282	0.9144968792850988	65766
66	153.0	0.40326	0.8677078007877215	62012
67	155.0	0.42260000000000003	0.9031651842178374	64208
68	152.0	0.43042	0.8153359767855544	62604
69	138.0	0.43432000000000004	0.8730683113407172	66551
70	153.0	0.42192	0.8565539351824482	65218
71	155.0	0.43382	0.7995628076280498	68844
72	157.0	0.43866	0.8113335507090358	76525
73	157.0	0.42723999999999995	0.7781254157835741	72170
74	137.0	0.41062000000000004	0.8519421997570178	54424
75	139.0	0.41961999999999994	0.8980620388774232	50211
76	136.0	0.39572	0.9355422734326265	46842
77	129.0	0.40157999999999994	0.9342743089187165	45038
78	122.0	0.40038	0.9666394608263696	42463
79	105.0	0.3925	0.9238452276161716	37063
80	115.0	0.39474	0.9219773227820077	34391
81	116.0	0.3890799999999999	0.8794445292259051	32947
82	121.0	0.3793599999999999	0.9497556428536705	29566
83	122.0	0.37217999999999996	0.9232669561913841	26240
84	111.0	0.36590000000000006	0.9630940877141524	24154
85	125.0	0.37786000000000003	0.9387800511526189	24848
86	113.0	0.36269999999999997	0.9346504704476839	21820
87	119.0	0.37194000000000005	0.9491459682071144	24646
88	110.0	0.37305999999999995	0.9528761524146616	22963
89	124.0	0.37726000000000004	0.8384394589697908	21763
90	120.0	0.3631400000000001	0.9196153622090021	23807
91	133.0	0.36088000000000003	0.9150217285749525	24101
92	114.0	0.36408	0.8919628797240196	22338
93	129.0	0.38502000000000003	0.6675515819145937	24055
94	112.0	0.3648799999999999	0.9388442797264126	22202
95	115.0	0.4	0.8948649437934126	24784
96	122.0	0.39454	0.9485090681991603	24319
97	128.0	0.37223999999999996	0.7550342387543953	23227
98	128.0	0.36644	0.9108514988791346	23136
99	128.0	0.39122000000000007	0.8706962542989751	24361
100	131.0	0.3901	0.8100961244690048	25011
101	127.0	0.41359999999999997	0.8767792331136433	30763
102	125.0	0.37826	0.8610915642068321	27690
103	90.0	0.39372	0.9630474395779183	24073
104	124.0	0.37968	0.9169258345839989	34310
105	116.0	0.40254000000000006	0.8940014281363567	32275
106	133.0	0.37387999999999993	0.8581850437004217	28388
107	128.0	0.39776000000000006	0.9180905301146084	28753
108	95.0	0.3778	0.9667380037784835	23148
109	126.0	0.39641999999999994	0.956066128424016	28905
110	133.0	0.41278	0.9474372461357138	27653
111	117.0	0.39418	0.9134116657057914	25452
112	117.0	0.41275999999999996	0.966738395151732	25960
113	136.0	0.39693999999999996	0.7805572077815048	24405
114	118.0	0.41034	0.9785385633229927	26547
115	119.0	0.40454000000000007	0.9672861448079575	27479
116	127.0	0.391	0.9480799999169993	26811
117	117.0	0.40293999999999996	0.92285407419253	26659
118	136.0	0.40406	0.9640503568239694	29723
119	109.0	0.44410000000000005	0.9780400463388615	27464
120	115.0	0.39864	0.8971490654699615	24393
121	108.0	0.38414000000000004	0.9303244170139569	23381
122	105.0	0.39972	0.9261714892773028	22160
123	123.0	0.39942000000000005	0.8429750308637133	24904
124	108.0	0.37721999999999994	0.9017755921910466	22485
125	104.0	0.4039200000000001	0.9104845463279345	23399
126	122.0	0.36906	0.9374724108816708	25429
127	118.0	0.40900000000000003	0.8390781420650155	26844
128	115.0	0.4091599999999999	0.9261066503577361	27409
129	118.0	0.39161999999999997	0.9305919025545226	26987
130	136.0	0.39990000000000003	0.9035216979141504	35331
131	138.0	0.40834	0.9335702695713705	41574
132	134.0	0.40652	0.9458407515818236	43511
133	109.0	0.3973400000000001	0.9202371273353891	43706
134	133.0	0.391	0.8609791401907976	44657
135	138.0	0.3975800000000001	0.918083638923197	45271
136	106.0	0.38504	0.8952091720832824	33309
137	117.0	0.4028400000000001	0.9334408284235295	37975
138	134.0	0.4134399999999999	0.9146263641312742	45544
139	131.0	0.43204	0.9304208754156421	40807
140	131.0	0.42800000000000005	0.8981008587192635	39544
141	157.0	0.4233	0.8498876064994537	38332
142	161.0	0.44171999999999995	0.8026696182263274	36378
143	124.0	0.4545199999999999	0.7462506305628206	33301
144	138.0	0.4346600000000001	0.8622532267727575	35966
145	146.0	0.42821999999999993	0.8590261900864089	35833
146	136.0	0.44288000000000005	0.8584553165673359	26434
147	107.0	0.44774	0.8565604656213495	22795
148	156.0	0.41885999999999995	0.7567706558111873	25396
149	111.0	0.43154	0.9410304055999901	27071
150	151.0	0.41656	0.9023479992817475	37386
151	137.0	0.4159999999999999	0.9071523600591246	34498
152	125.0	0.40797999999999995	0.9530166999631138	31942
153	149.0	0.4031199999999999	0.9088451922146373	33228
154	122.0	0.3914999999999999	0.8021466497386389	28671
155	129.0	0.39442	0.9680528754874924	28812
156	88.0	0.4047999999999999	0.9385800286469779	22508
157	122.0	0.39592	0.8662940937611728	27947
158	102.0	0.39208	0.9478767976100624	24808
159	105.0	0.38232	0.8339808689898048	21379
160	114.0	0.3880799999999999	0.9586606329015578	29069
161	110.0	0.37604000000000015	0.8668871787433088	24155
162	122.0	0.38584	0.9150438622600591	32990
163	110.0	0.4064800000000001	0.9345930548890002	32718
164	121.0	0.39682	0.9281828711532477	33879
165	111.0	0.4055	0.9470246264698966	34042
166	109.0	0.42026	0.947581530983829	33875
167	127.0	0.44432000000000005	0.9507699935096383	41547
168	134.0	0.46336000000000005	0.9381894083068378	44704
169	142.0	0.44811999999999996	0.9314357197530689	50902
170	152.0	0.44671999999999995	0.8949124419005313	54741
171	146.0	0.43	0.7739451844539134	49878
172	126.0	0.42748	0.8641552910642613	51659
173	141.0	0.43048	0.8668116760749939	59371
174	126.0	0.4594	0.9003275189003863	53455
175	106.0	0.45758000000000004	0.9470143216116709	55082
176	108.0	0.45222000000000007	0.9408302885860145	52421
177	128.0	0.42223999999999995	0.800046405613682	60593
178	111.0	0.4255199999999999	0.7437038156824658	57154
179	132.0	0.44134	0.9117058216547199	68203
180	159.0	0.43114	0.840698370939893	68106
181	134.0	0.42682000000000003	0.8147224245151531	55664
182	105.0	0.38661999999999996	0.9258052387304115	49207
183	144.0	0.38016000000000005	0.7840103761800787	51398
184	107.0	0.35420000000000007	0.9563017941498746	43332
185	153.0	0.39671999999999996	0.7822799630984351	48835
186	140.0	0.39934	0.837845191388342	54605
187	155.0	0.38772000000000006	0.8384705616479406	52275
188	123.0	0.42896000000000006	0.8488892286053588	55158
189	139.0	0.408	0.8938236356911361	57005
190	139.0	0.42641999999999997	0.848115738795686	54408
191	122.0	0.37966	0.923384164935937	49953
192	135.0	0.42125999999999997	0.8400480823382485	55546
193	134.0	0.42895999999999995	0.8587811758801777	64902
194	142.0	0.45163999999999993	0.9049775223990795	68654
195	126.0	0.42950000000000005	0.8524899421064585	65918
196	101.0	0.43864000000000003	0.93800425148543	64245
197	135.0	0.42798	0.8748863270637807	71274
198	102.0	0.38710000000000006	0.9319992288221934	51055
199	105.0	0.42425999999999997	0.8755372459827918	55396
200	134.0	0.45132	0.9549030837862429	56713
201	128.0	0.46482	0.958215911285992	55908
202	123.0	0.44266	0.9401106850676776	47850
203	127.0	0.43064	0.8351948807925633	47108
204	122.0	0.43908	0.8921500298343241	42764
205	131.0	0.44486	0.9035665272085134	47891
206	125.0	0.44024	0.9501588465345859	45338
207	93.0	0.4086	0.9680846136657215	34898
208	130.0	0.44133999999999995	0.9527607250472777	47718
209	128.0	0.4499600000000001	0.9776867183146696	48122
210	120.0	0.4089	0.9171304686799561	47486
211	130.0	0.44132000000000005	0.7526352891733227	47527
212	98.0	0.42472	0.5158230604370738	30161
213	134.0	0.43222	0.8453716557062746	48273
214	114.0	0.4211600000000001	0.9334883601890724	39987
215	112.0	0.41424	0.9418314211011323	39847
216	126.0	0.39574	0.9142847569175587	37915
217	130.0	0.40571999999999997	0.923357351513039	29338
218	106.0	0.40368000000000004	0.832249381430005	20176
219	103.0	0.36687999999999993	0.8948133781931796	18615
220	125.0	0.42595999999999995	0.9327264544806513	24571
221	132.0	0.41308	0.8300179606023718	24625
222	157.0	0.43998	0.862029726218068	30320
223	137.0	0.40212	0.9049772554218922	24193
224	113.0	0.39116	0.944313545077481	21928
225	125.0	0.40380000000000005	0.9196103781553042	23584
226	118.0	0.38658000000000003	0.8933173468880637	21542
227	139.0	0.3818	0.9087264440519471	23814
228	106.0	0.38006	0.9308306784991339	18268
229	101.0	0.39239999999999997	0.8702509515246394	20502
230	129.0	0.42056000000000004	0.9298182062295635	26999
231	160.0	0.42516000000000004	0.9194769161976236	32408
232	145.0	0.44965999999999995	0.33961455514337285	16643
233	116.0	0.4530200000000001	0.9384704125595213	31302
234	117.0	0.43605999999999995	0.8946559430905058	30494
235	128.0	0.43376000000000003	0.9037702076294863	33083
236	126.0	0.43013999999999997	0.834442678611752	37380
237	149.0	0.45946	0.8459020648164022	43194
238	157.0	0.46708	0.7132506104405638	43813
239	148.0	0.48828000000000005	0.791338681353971	40784
240	148.0	0.48707999999999996	0.8741085285930515	42762
241	123.0	0.46204	0.8380523112754026	31701
242	138.0	0.39586	0.65205039031819	25803
243	128.0	0.40654	0.5370050392466811	25488
244	113.0	0.44126	0.6068495631234385	26402
245	157.0	0.49334000000000006	0.8577110934100372	49993
246	131.0	0.4658	0.863939650836683	42159
247	141.0	0.45242000000000004	0.7981483004546623	43264
248	159.0	0.48951999999999996	0.8346411194033025	43810
249	150.0	0.40658	0.8542813078473549	41252
250	153.0	0.39664	0.8642930556057552	42155
251	132.0	0.40387999999999996	0.8422613246765192	35809
252	168.0	0.41037999999999997	0.8079769156654925	43981
253	173.0	0.4209400000000001	0.7775660382247417	39353
254	147.0	0.43498000000000003	0.8168331263302722	41858
255	133.0	0.45272000000000007	0.8108439369287793	38567
256	145.0	0.39083999999999997	0.8867192046174392	37992
257	139.0	0.4454200000000001	0.8162537475851361	39933
258	143.0	0.45886000000000005	0.8563363694095362	44915
259	133.0	0.42606	0.8230570976543092	34670
260	106.0	0.38953999999999994	0.9205211211756608	28951
261	140.0	0.41013999999999995	0.7585992127863772	36315
262	118.0	0.44222	0.9018980999595705	35068
263	128.0	0.42556000000000005	0.8792536724802206	35156
264	126.0	0.47958000000000006	0.911047889993289	31675
265	118.0	0.47941999999999996	0.9326201116041621	30085
266	128.0	0.42593999999999993	0.8223258451238721	28536
267	116.0	0.463	0.9226684493114162	29540
268	104.0	0.46678	0.9538339357116917	26052
269	118.0	0.4823800000000001	0.9335040002693316	29412
270	133.0	0.45442	0.9479141577999682	29429
271	126.0	0.4446000000000001	0.9244613551205235	29058
272	106.0	0.48444000000000004	0.9385403260248434	28096
273	125.0	0.41144000000000003	0.7444331279461226	28410
274	137.0	0.39698000000000006	0.9118860729084313	33396
275	136.0	0.4026600000000001	0.841375777993419	27164
276	122.0	0.45352000000000003	0.887305287374047	23496
277	109.0	0.43758	0.873314565046325	20055
278	154.0	0.43168000000000006	0.8833420205142716	24347
279	138.0	0.39185999999999993	0.8027435056083319	18568
280	133.0	0.40366	0.741511842978986	18851
281	107.0	0.3938400000000001	0.8507374483245119	19051
282	109.0	0.43122000000000005	0.698088607305035	18210
283	126.0	0.41572	0.38495871422109323	16026
284	106.0	0.37616	0.27578363383016646	12100
285	115.0	0.4705599999999999	0.32516088405402616	15780
286	119.0	0.46558000000000005	0.3557884959520716	14451
287	117.0	0.4169	0.3595618762866328	11109
288	106.0	0.42672000000000004	0.31132519489674715	10794
289	106.0	0.42373999999999995	0.30470802623133403	9087
290	108.0	0.40184	0.2771616792654602	7788
291	110.0	0.35032	0.4320185525832884	8467
292	104.0	0.38410000000000005	0.4233759480349821	7000
293	131.0	0.36888	0.4260187635421314	8633
294	143.0	0.3861	0.5783595201413756	11809
295	123.0	0.35363999999999995	0.5879963795002315	11506
296	121.0	0.34976	0.40694297677816155	8181
297	79.0	0.425	0.31592423663625097	6631
298	107.0	0.46052000000000004	0.8596796046053452	14211
299	130.0	0.45986	0.5854767418339287	14520
300	106.0	0.40482	0.4053653357155338	8185
301	106.0	0.36345999999999995	0.42142860472773486	7970
302	105.0	0.35384	0.27696490207198743	5474
303	104.0	0.35710000000000003	0.24130937251414838	11469
304	105.0	0.3897	0.1684604945818792	8624
305	86.0	0.35554	0.2014977315726473	6058
306	139.0	0.3772	0.24925211081210732	9770
307	112.0	0.3780799999999999	0.1839800974572517	9642
308	4.0	0.08064	0.07674750481831925	2423
370	77.0	0.28688	0.48391721053146614	116028
371	139.0	0.37542000000000003	0.8736663068262124	27730
372	129.0	0.35836	0.9197172986886328	25664
373	130.0	0.39018	0.8905093571683328	31078
374	133.0	0.40116	0.8283546778448828	26184
375	174.0	0.41252	0.8200329872930311	31191
376	157.0	0.40685999999999994	0.833290367349673	28791
377	132.0	0.39954	0.903252823689201	28130
378	135.0	0.39674	0.8397718199117169	28288
379	138.0	0.40104	0.8285418212946646	28489
380	154.0	0.40324	0.8550395508960971	34159
381	149.0	0.43986	0.841504010964988	41785
382	161.0	0.39556	0.8210160280433316	40484
383	165.0	0.43949999999999995	0.7466621404868946	42011
384	174.0	0.42233999999999994	0.7550860034884985	43317
385	170.0	0.43455999999999995	0.7837860683053977	47521
386	147.0	0.4118	0.7947183308849854	41796
387	135.0	0.3696	0.8973860917602762	36119
388	119.0	0.3615	0.9288332271094686	32417
389	143.0	0.41	0.7641001014613026	36205
390	139.0	0.42774	0.8394833688238407	47203
391	161.0	0.4353	0.825422374754613	52060
392	145.0	0.45930000000000004	0.8422825256886448	51758
393	146.0	0.45026000000000005	0.8456847535707878	57209
394	136.0	0.4423	0.8553037942142236	45949
395	134.0	0.44014	0.9227720107789038	51198
396	157.0	0.43845999999999996	0.8819452120391521	52001
397	123.0	0.41578	0.9346926453378887	43912
398	113.0	0.43532000000000004	0.9710024365401955	41108
399	111.0	0.3969	0.9099583859836122	39699
400	107.0	0.40788	0.9428909179116778	44378
401	117.0	0.39048	0.9364995564072077	44013
402	113.0	0.41663999999999995	0.8494601146779491	41551
403	129.0	0.38766	0.8689400241202019	39696
404	142.0	0.37524	0.8103559145569158	38053
405	130.0	0.40464000000000006	0.9447818855036718	44232
406	133.0	0.38573999999999997	0.790619856026007	38729
407	135.0	0.3954	0.8133755194642082	39720
408	115.0	0.3673199999999999	0.9139482450910988	36216
409	140.0	0.37198	0.8122947087995736	39536
410	147.0	0.37973999999999997	0.9078919830357953	45197
411	163.0	0.3835199999999999	0.8636104696786495	44736
412	163.0	0.43334000000000006	0.7889678162081406	51992
413	164.0	0.45990000000000003	0.7764570645722121	51321
414	153.0	0.47839999999999994	0.8505718547927767	56360
415	127.0	0.4753	0.9194335804965726	51270
416	147.0	0.49088	0.8966131863508457	56570
417	136.0	0.46566	0.822932463756989	51440
418	127.0	0.42432000000000003	0.8392391784666137	45817
419	161.0	0.4432000000000001	0.8458871781095947	58242
420	138.0	0.42475999999999997	0.7931348231322193	53586
421	145.0	0.43451999999999996	0.7972387726812444	58369
422	124.0	0.44604	0.8964254241210388	49347
423	143.0	0.44683999999999996	0.8373718446573821	53486
424	143.0	0.44782000000000005	0.8598912986830693	53370
425	143.0	0.42585999999999996	0.8881992484285418	48618
426	140.0	0.42491999999999996	0.9105924809087566	36940
427	117.0	0.41906	0.9399829089035165	28435
428	115.0	0.43035999999999996	0.9612841319993962	31291
429	120.0	0.41228000000000004	0.9340108630951319	27961
430	121.0	0.44055999999999995	0.9264093978690017	34072
431	121.0	0.42525999999999997	0.890715123582913	34009
432	128.0	0.40598	0.9059238994920192	34815
433	137.0	0.41638000000000003	0.8825634737306074	35288
434	140.0	0.4206999999999999	0.8704145497851546	35420
435	128.0	0.4076599999999999	0.8775365975477816	32200
436	122.0	0.3975599999999999	0.8848042745530106	31327
437	141.0	0.39494000000000007	0.8428945150774665	32603
438	150.0	0.41607999999999995	0.8066026494504163	35621
439	147.0	0.43664000000000003	0.8343549273334029	36137
440	142.0	0.3958	0.9040236820136848	42671
441	136.0	0.43134000000000006	0.8849864594224114	44101
442	147.0	0.4142	0.9281611367925447	39595
443	123.0	0.41036	0.9337216934173677	34286
444	129.0	0.41518	0.8424408661645119	29027
445	125.0	0.39448	0.8429137725576084	28199
446	129.0	0.41261999999999993	0.9552894079142304	33904
447	125.0	0.40993999999999997	0.9762900035644052	31953
448	130.0	0.42469999999999997	0.9293260118537076	38035
449	116.0	0.41764	0.8691930413818773	34322
450	93.0	0.4121199999999999	0.9573613550809145	30160
451	120.0	0.41026	0.9704209854837287	38648
452	111.0	0.41584000000000004	0.9449722972328771	37169
453	89.0	0.38494	0.9731118693288495	29926
454	122.0	0.3795	0.9661958526419394	37090
455	99.0	0.35818	0.976766759149948	33117
456	107.0	0.38828	0.9295332583090765	38349
457	101.0	0.37858	0.9135911675931363	32739
458	107.0	0.39192000000000005	0.9646703194160017	35059
459	114.0	0.39980000000000004	0.8773713751411871	35652
460	112.0	0.40244	0.9616284125524066	36723
461	123.0	0.38738000000000006	0.9059735262167808	33367
462	139.0	0.38415999999999995	0.8901341143884128	37085
463	119.0	0.3795	0.9394496556066796	34114
464	132.0	0.3926999999999999	0.9371349073864494	36402
465	122.0	0.39610000000000006	0.90806744266283	34249
466	127.0	0.39272000000000007	0.853220244101981	35807
467	128.0	0.39094	0.8950312590471609	37998
468	100.0	0.40735999999999994	0.969374067585834	34277
469	125.0	0.39246000000000003	0.9049675246203429	39068
470	102.0	0.40007999999999994	0.9140782278962087	36373
471	123.0	0.39216	0.8833147718089317	41083
472	94.0	0.3478	0.9468550229580625	34091
473	124.0	0.37263999999999997	0.9123802018792588	42585
474	145.0	0.3802999999999999	0.8716120459668811	42183
475	164.0	0.41134	0.7759914715197823	51441
476	151.0	0.4232000000000001	0.6607908838168438	51526
477	135.0	0.38047999999999993	0.8750719286186472	43378
478	125.0	0.36646	0.9341524459808472	40326
479	131.0	0.40274	0.941906386715057	44911
480	141.0	0.43876	0.8916574061470308	47775
481	135.0	0.4174	0.9190036194240034	39448
482	131.0	0.43252	0.9558322079518669	35957
483	126.0	0.40624000000000005	0.9061965449763504	33977
484	128.0	0.42806	0.9182617491446716	35486
485	110.0	0.41312	0.9179515448151687	29045
486	129.0	0.40448000000000006	0.9329214774676996	30954
487	114.0	0.39098	0.9090103747878621	27718
488	127.0	0.4035	0.9092705977397377	27828
489	95.0	0.3995	0.9009285569519845	23805
490	120.0	0.40327999999999986	0.8312467331984922	28560
491	128.0	0.38644	0.9030158655962286	36492
492	104.0	0.37876	0.9598930021155484	32095
493	105.0	0.37082	0.8688320844824142	32431
494	140.0	0.3843	0.8204648694597247	36098
495	119.0	0.37564	0.938669682643302	40598
496	128.0	0.38805999999999996	0.8636704532232655	46289
497	105.0	0.3631599999999999	0.8332519840517384	32933
498	132.0	0.3783200000000001	0.9476353369374797	36719
499	122.0	0.36684	0.9705797694496807	29458
500	137.0	0.37398	0.9583916932977231	33855
501	127.0	0.37705999999999995	0.8217596987847797	28575
502	119.0	0.37198	0.9227394847988163	19414
503	117.0	0.37428000000000006	0.955476334544129	21360
504	100.0	0.36536	0.9759476131122866	17754
505	118.0	0.38122	0.9497540491283192	20965
506	106.0	0.38146	0.8243226302100441	16401
507	110.0	0.37601999999999997	0.9717390019835932	18736
508	106.0	0.374	0.8512480547699557	16525
509	106.0	0.36760000000000004	0.9404253619549188	18225
510	113.0	0.3636599999999999	0.9514400431648272	18440
511	120.0	0.37634	0.9413630227830612	19150
512	114.0	0.3569199999999999	0.965094711694111	17942
513	102.0	0.36345999999999995	0.9650437237561847	16688
514	111.0	0.37904	0.9725792661008007	18871
515	118.0	0.39902	0.9027322597020409	18133
516	134.0	0.36977999999999994	0.720580196462943	17716
517	119.0	0.37176000000000003	0.827650703809635	17945
518	92.0	0.36117999999999995	0.963812120069252	16060
519	103.0	0.37044000000000005	0.8776371060854287	15972
520	131.0	0.37366	0.8939014652990576	18824
521	107.0	0.37178	0.8892801272494072	17637
522	99.0	0.34648	0.9653390774706342	15108
523	109.0	0.34387999999999996	0.9484664656644278	17410
524	107.0	0.3558799999999999	0.9031062224232951	16768
525	101.0	0.37712	0.8567104352835793	15568
526	107.0	0.35742000000000007	0.9447983087176256	17206
527	116.0	0.34581999999999996	0.9795946200520453	17164
528	128.0	0.36256000000000005	0.9461162431264221	19815
529	110.0	0.34875999999999996	0.9347831545670485	18148
530	115.0	0.34992000000000006	0.9224195975414815	17321
531	103.0	0.3490999999999999	0.9290674957886703	16973
532	106.0	0.33405999999999997	0.902379328978638	14816
533	93.0	0.3425	0.9764737347581682	14938
534	109.0	0.3386799999999999	0.9234368485402503	15411
535	109.0	0.35554	0.9274835440688401	17593
536	119.0	0.34772000000000003	0.9319436095604824	17935
537	120.0	0.35971999999999993	0.9423670749968702	19149
538	86.0	0.34338	0.909737673071353	15271
539	103.0	0.34543999999999997	0.9342032922831155	15219
540	101.0	0.3345	0.9516695406073805	15269
541	91.0	0.32962	0.912433595845532	14416
542	105.0	0.34793999999999997	0.9074896170160639	16638
543	103.0	0.347	0.9070869983598087	18394
544	102.0	0.34018	0.9595038643720256	17502
545	97.0	0.35418	0.9242361637567612	16424
546	99.0	0.36636	0.9164044184897038	16109
547	106.0	0.33823999999999993	0.9505938785835596	16369
548	107.0	0.33879999999999993	0.955596577760084	17091
549	103.0	0.36142	0.9190212902500404	18293
550	88.0	0.33318	0.9023102059012014	14968
551	116.0	0.3458	0.953202115404724	18378
552	107.0	0.35580000000000006	0.8281568623868433	15015
553	85.0	0.34646	0.9489375603518405	14912
554	81.0	0.34367999999999993	0.9417524372777853	15577
555	113.0	0.36992	0.9118384174134563	19812
556	100.0	0.34009999999999996	0.9174767203528942	17421
557	95.0	0.33030000000000004	0.9203341913917735	17578
558	103.0	0.35353999999999997	0.959054729667841	22162
559	92.0	0.34812	0.956154599604502	21085
560	111.0	0.34252000000000005	0.9427487551998867	24725
561	100.0	0.3455599999999999	0.9676555832552951	22818
562	117.0	0.34794	0.9591186521394734	24869
563	115.0	0.34656000000000003	0.9423637500892174	25503
564	118.0	0.37709999999999994	0.930988614884396	30590
565	95.0	0.3603	0.9754736101843453	28107
566	121.0	0.34912	0.90910397535519	27476
567	102.0	0.37065999999999993	0.8840336604304228	24952
568	115.0	0.36286	0.8372595327543205	25893
569	129.0	0.3500400000000001	0.940275158028473	28050
570	116.0	0.365	0.9643406681861124	26251
571	129.0	0.3654	0.9482296890533188	31186
572	115.0	0.37226	0.9728401301893823	30181
573	132.0	0.3775	0.9421660070777444	33641
574	96.0	0.35322	0.9381124628358656	22437
575	95.0	0.37406000000000006	0.9462573983816359	26247
576	106.0	0.37311999999999995	0.9093653358685333	25596
577	115.0	0.37268	0.8526790227010286	26029
578	109.0	0.36356	0.8401585601181557	22256
579	107.0	0.36579999999999996	0.9606961988449491	26027
580	106.0	0.3657	0.950043394560145	29888
581	123.0	0.4013999999999999	0.9149997383631097	38194
582	143.0	0.40184000000000003	0.9091961895920478	41189
583	128.0	0.41733999999999993	0.9342234665836179	38886
584	125.0	0.38065999999999994	0.9312595897588014	37325
585	126.0	0.40201999999999993	0.89889492123402	37050
586	126.0	0.41275999999999996	0.8529592137296943	39177
587	140.0	0.42095999999999995	0.7330282013836437	40555
588	125.0	0.36712000000000006	0.9041796636342422	34213
589	141.0	0.37656	0.8554547214348301	36488
590	149.0	0.44972	0.7200306036457981	44852
591	140.0	0.44439999999999996	0.738690800995674	41262
592	179.0	0.42128	0.7761773353474009	42774
593	158.0	0.42025999999999997	0.8269885035354293	46384
594	146.0	0.39888000000000007	0.8232810209260069	37237
595	130.0	0.3952800000000001	0.9324379660474226	28324
596	147.0	0.40472	0.809255991120137	29277
597	125.0	0.40354	0.9000460782623158	27149
598	103.0	0.39042	0.9493320848521957	23518
599	127.0	0.38653999999999994	0.8079219683790599	22840
600	123.0	0.37316000000000005	0.9616221578904871	23834
601	131.0	0.39964000000000005	0.8751451622725167	27008
602	112.0	0.39498	0.915279473332406	23243
603	132.0	0.38752	0.8989541471123498	23197
604	118.0	0.3829	0.8537602576514152	20857
605	111.0	0.37892000000000003	0.9709497791497423	21123
606	104.0	0.38650000000000007	0.9612513448572287	19225
607	120.0	0.39104	0.9307538931277037	20610
608	121.0	0.37992	0.8465410007732408	18089
609	126.0	0.39794	0.957743311808917	21252
610	118.0	0.34946000000000005	0.9574312806553579	17740
611	116.0	0.34117999999999993	0.9274236384497718	17352
612	101.0	0.34220000000000006	0.9536690620203527	15784
613	98.0	0.3460199999999999	0.9215181753622685	16675
614	111.0	0.35345999999999994	0.9057602252957784	16744
615	118.0	0.35174	0.9329213481289385	17901
616	91.0	0.34598	0.9434200119857933	16303
617	100.0	0.37278000000000006	0.8598491963683561	18153
618	90.0	0.33686	0.910260006030495	14348
619	108.0	0.34973999999999994	0.8804075974018453	17318
620	114.0	0.35980000000000006	0.9680347565525006	19462
621	95.0	0.35656	0.9519058093199633	17818
622	107.0	0.35464	0.8922225137668157	17682
623	100.0	0.36262	0.9821454636094001	16880
624	110.0	0.34934	0.9929256318036934	18295
625	106.0	0.36074000000000006	0.9756718471988315	17833
626	108.0	0.36694000000000004	0.9653143640204173	17792
627	114.0	0.37914000000000003	0.7505425774855963	17516
628	108.0	0.36985999999999997	0.9101389726162066	17494
629	94.0	0.3570200000000001	0.8707594562669985	15579
630	106.0	0.34653999999999996	0.9304000513029621	17016
631	115.0	0.35047999999999996	0.972777777705156	17646
632	97.0	0.3448399999999999	0.9740865908176783	16753
633	97.0	0.3439600000000001	0.9618704608591333	16382
634	116.0	0.3473200000000001	0.79448062001675	17198
635	92.0	0.33592	0.9648499728085999	15149
636	124.0	0.38404000000000005	0.8906861480294743	19657
637	107.0	0.36346000000000006	0.9637145162055598	18858
638	122.0	0.38127999999999995	0.8547074959345319	18248
639	122.0	0.35816000000000003	0.9390459797869336	18301
640	129.0	0.36378	0.8503147027168521	20355
641	108.0	0.36262	0.9519857534896418	17463
642	115.0	0.3684200000000001	0.8414258370744191	17652
643	114.0	0.3770800000000001	0.9370125861238783	20353
644	118.0	0.37363999999999997	0.8635253929489646	20399
645	111.0	0.38132	0.8247096113478583	19480
646	101.0	0.38427999999999995	0.9039519828354919	19383
647	113.0	0.38394000000000006	0.9525649117254003	25318
648	128.0	0.38233999999999996	0.950707387106958	29870
649	112.0	0.39160000000000006	0.8265309680252351	26336
650	126.0	0.36648000000000003	0.9401044714453999	34125
651	130.0	0.38506000000000007	0.9431802970585796	41671
652	98.0	0.39477999999999996	0.9131339532068912	39181
653	125.0	0.3793400000000001	0.9322843557193162	46761
654	135.0	0.42995999999999995	0.8893625922958898	47715
655	131.0	0.39578	0.7762473564446419	38470
656	111.0	0.40628	0.8697759367275311	39766
657	139.0	0.3999799999999999	0.9207195640823258	44237
658	118.0	0.40027999999999997	0.867594063660136	44617
659	115.0	0.40929999999999994	0.9204612928272902	42950
660	119.0	0.42666000000000004	0.9377332227379952	43263
661	105.0	0.4329	0.9204365944594904	45578
662	108.0	0.38832	0.9133407985204584	36623
663	126.0	0.39818	0.9556238273484259	42029
664	132.0	0.3819599999999999	0.8315838911768629	38043
665	116.0	0.38001999999999997	0.9590004999066629	39217
666	128.0	0.40993999999999997	0.7760644842270353	40567
667	108.0	0.42721999999999993	0.7979332980457162	32828
668	133.0	0.4246399999999999	0.7244998493381051	38723
669	147.0	0.42945999999999995	0.8046520810311567	39437
670	126.0	0.41134	0.8926684596888533	39459
671	115.0	0.39718	0.8973495949228959	38387
672	107.0	0.38514000000000004	0.8916698970869006	37568
673	140.0	0.41452	0.8268659014451855	45870
674	130.0	0.4039	0.9245859583735445	48599
675	116.0	0.4569	0.8928261369172951	47888
676	160.0	0.41104	0.7602070485716527	42978
677	150.0	0.4349	0.8837421789279938	44790
678	117.0	0.4416999999999999	0.9400384175988138	35770
679	122.0	0.4381400000000001	0.9611533771561195	40313
680	119.0	0.42514	0.9625890759866972	36384
681	119.0	0.43166	0.953658710258829	35920
682	123.0	0.4162600000000001	0.9075796840636183	34206
683	121.0	0.42876	0.9351141332772587	36324
684	117.0	0.4192000000000001	0.9634513052705572	35220
685	108.0	0.42182000000000003	0.9721196268498676	35359
686	129.0	0.4347000000000001	0.9348086970116619	38187
687	122.0	0.43354	0.9408602169871783	40228
688	95.0	0.36373999999999995	0.9473873968287715	30559
689	106.0	0.36029999999999995	0.8419473475062385	27576
690	146.0	0.37436	0.8633651462954811	32684
691	121.0	0.36735999999999996	0.8731219790766723	22263
692	122.0	0.3664	0.8253548809295612	22735
693	131.0	0.38854000000000005	0.6339232671619017	21275
694	104.0	0.36934	0.9121409450427632	29538
695	125.0	0.3768800000000001	0.8345922089665706	24918
696	114.0	0.49434	0.9622793462138254	33123
697	117.0	0.53754	0.9651962307586691	39023
698	112.0	0.53986	0.938358814183613	37771
699	92.0	0.51828	0.9739097762079172	29823
700	109.0	0.52294	0.9844340801136846	34333
701	103.0	0.5208400000000001	0.9835100719479606	32818
702	114.0	0.50154	0.9970431593937207	31945
703	124.0	0.44628	0.9692554897376013	30715
704	107.0	0.42264	0.9378395260624425	24641
705	128.0	0.43805999999999995	0.95646179887136	31241
706	87.0	0.4230600000000001	0.9783535965560335	20279
707	119.0	0.4103000000000001	0.8840787836734152	23310
708	144.0	0.4075	0.6964697171499682	20449
709	129.0	0.41246000000000005	0.9173119414544232	24531
710	112.0	0.39078	0.8856650347041027	18676
711	122.0	0.3932	0.9376343197395779	20232
712	120.0	0.39888000000000007	0.9262918301816065	20747
713	110.0	0.37333999999999995	0.9686616341621431	19773
714	108.0	0.35836000000000007	0.9492217043705875	16742
715	108.0	0.34872	0.935992095681168	17422
716	109.0	0.3705399999999999	0.9261447023034993	18706
717	122.0	0.36784	0.9560810566227322	19085
718	118.0	0.37308	0.971924230496508	19581
719	124.0	0.36866000000000004	0.9310078597265768	19483
720	107.0	0.3974000000000001	0.9825192348735563	19916
721	114.0	0.36546	0.9669098418340233	19009
722	117.0	0.3759199999999999	0.9778278024043399	19026
723	112.0	0.37164	0.9768946433919754	19281
724	119.0	0.36682000000000003	0.9694040263186628	19128
725	109.0	0.38154	0.9271236419563129	19493
726	110.0	0.36824000000000007	0.9380197968088412	18463
727	104.0	0.35574	0.9764977005989689	17023
728	103.0	0.36432000000000003	0.9707607234779555	17130
729	104.0	0.37964000000000003	0.922081171617648	18923
730	107.0	0.37213999999999997	0.9354057302504821	18871
731	105.0	0.3675	0.9626056020842517	17146
732	111.0	0.3656399999999999	0.9732210883980799	18049
733	84.0	0.33571999999999996	0.958982630867666	13268
734	104.0	0.35998	0.8507703491159944	15643
735	88.0	0.35684	0.9569508133276365	15431
736	114.0	0.36716	0.8668885478332805	16434
737	98.0	0.37083999999999995	0.9620757669362424	17014
738	111.0	0.37589999999999996	0.940594501094747	17960
739	109.0	0.36004	0.8850386579047131	16597
740	103.0	0.3680400000000001	0.8828218302914622	14610
741	112.0	0.3744799999999999	0.9618190244844359	13314
742	106.0	0.37048000000000003	0.8626308629318074	12082
743	118.0	0.38132	0.9273978332949154	15253
744	122.0	0.36225999999999997	0.9662941555114613	18284
745	137.0	0.37416	0.9388619044822651	20736
746	108.0	0.36528	0.9423456449206788	18798
747	128.0	0.38752	0.9204459992789724	26005
748	112.0	0.3807	0.9483565405567228	22776
749	123.0	0.36845999999999995	0.9682898498596086	25187
750	104.0	0.36222	0.8341612416709603	18332
751	94.0	0.34503999999999996	0.9358606041835483	18194
752	127.0	0.37714	0.956574616905527	25116
753	115.0	0.38218	0.8642352515100465	23027
754	105.0	0.35682	0.946988029084122	21008
755	125.0	0.36122	0.847764031699928	20942
756	102.0	0.35117999999999994	0.9254710071123166	19749
757	90.0	0.3480599999999999	0.9583262825630902	16794
758	88.0	0.35582	0.9185672299184204	15203
759	109.0	0.37334	0.9679236488027264	17210
760	109.0	0.34856000000000004	0.9810544797087175	17668
761	116.0	0.34414	0.9406254333414967	17790
762	95.0	0.36426000000000003	0.9596019955356689	16223
763	107.0	0.35446	0.9493645442365938	16133
764	86.0	0.3546000000000001	0.974869468635803	13746
765	104.0	0.34952000000000005	0.9522695036713255	15200
766	103.0	0.35028	0.9300823708208841	16335
767	96.0	0.35416	0.9143175357695316	16050
768	103.0	0.3769800000000001	0.8559980065574554	15208
769	88.0	0.34618000000000004	0.9541901556125164	15011
770	120.0	0.37571999999999994	0.9322434961478678	18292
771	91.0	0.33578	0.9688909169930988	13979
772	90.0	0.35401999999999995	0.9787017591684923	15239
773	120.0	0.3486	0.9115573748214102	17799
774	107.0	0.35348000000000007	0.9787476001421445	16914
775	112.0	0.33887999999999996	0.965459322977963	16620
776	101.0	0.36004	0.9582063271999243	16526
777	134.0	0.3693800000000001	0.9348061447654498	18939
778	95.0	0.36238	0.954407334548166	16644
779	128.0	0.37754	0.9625226056632232	20658
780	96.0	0.37048000000000003	0.9587573219719867	16000
781	100.0	0.35783999999999994	0.9658933715363969	16604
782	97.0	0.37488000000000005	0.973221166590215	16746
783	119.0	0.38874	0.9531929127263612	18944
784	103.0	0.38434000000000007	0.8672038079936283	15689
785	118.0	0.3718	0.9853354779098039	19625
786	121.0	0.3846	0.9649613729908424	20630
787	112.0	0.39112	0.8423652647687674	17429
788	116.0	0.39120000000000005	0.9339354681987652	24901
789	120.0	0.3918	0.9573543041520733	32325
790	119.0	0.37018	0.9534780271480077	39187
791	96.0	0.34676	0.9670996094267063	24801
792	120.0	0.35652	0.9418616803304469	16878
793	102.0	0.37756	0.9359267196294361	14442
794	141.0	0.38670000000000004	0.887871272489877	13661
795	87.0	0.38338	0.9215299390664247	9479
796	117.0	0.37959999999999994	0.9152084414183261	12130
797	121.0	0.38494	0.9633293251296612	12372
798	103.0	0.3866200000000001	0.9426975814946161	10504
799	122.0	0.38109999999999994	0.9052177486352327	11700
800	108.0	0.39193999999999996	0.8051598123928672	10654
801	100.0	0.3732800000000001	0.9324958567351963	10100
802	116.0	0.37906	0.8322107955433731	10860
803	114.0	0.36152	0.9534109187914162	10735
804	116.0	0.36815999999999993	0.8380131078135358	9701
805	103.0	0.35348	0.9138744165244512	9172
806	110.0	0.37681999999999993	0.8101642649255401	9766
807	120.0	0.35525999999999996	0.9377134446787008	10202
808	110.0	0.3583	0.9632843045765975	10113
809	105.0	0.34488	0.9661783629896012	9038
810	120.0	0.35818000000000005	0.9496726017397101	10770
811	109.0	0.35488	0.9010976611120601	10001
812	115.0	0.35946	0.9588530861341549	10322
813	113.0	0.36242	0.9130586739000198	10781
814	130.0	0.3708200000000001	0.928832419299868	11500
815	92.0	0.3452200000000001	0.952367524473929	8683
816	113.0	0.35992000000000013	0.8653841858568803	10994
817	136.0	0.35202	0.8320807964418435	10535
818	111.0	0.3775400000000001	0.8796185111390834	10779
819	107.0	0.36943999999999994	0.9175048582108186	10713
820	114.0	0.3670999999999999	0.9091661530813435	10443
821	78.0	0.37921999999999995	0.9356711298420238	8181
822	107.0	0.36866	0.9099315405711975	10614
823	106.0	0.3580400000000001	0.9158558061955971	11232
824	114.0	0.36241999999999996	0.9087738564534248	10859
825	105.0	0.34438	0.9303947911636398	9652
826	104.0	0.34367999999999993	0.8905910213318567	9022
827	112.0	0.3586000000000001	0.9530523497566173	10125
828	125.0	0.36764	0.859325662979346	10915
829	95.0	0.3576	0.867903692631294	7992
830	100.0	0.35474000000000006	0.9495815706077149	9453
831	125.0	0.34918	0.8497609123395837	10602
832	110.0	0.3796000000000001	0.8935490739948547	9414
833	103.0	0.34852000000000005	0.9467740162150398	9892
834	120.0	0.35712000000000005	0.9022414091621126	10931
835	116.0	0.358	0.9573348753346607	10363
836	101.0	0.3720800000000001	0.8717735673936238	10652
837	105.0	0.36186	0.79537839532903	9172
838	136.0	0.36052	0.7420506395262934	12741
839	132.0	0.38000000000000006	0.8338176559433574	12598
840	132.0	0.3674600000000001	0.8334393561905806	12577
841	108.0	0.37404	0.9551026645801586	12229
842	111.0	0.37828	0.9586391991292385	13846
843	112.0	0.38689999999999997	0.9256585097047041	14036
844	113.0	0.3845400000000001	0.9706511003077896	16372
845	140.0	0.44042000000000003	0.9625453622182161	20341
846	140.0	0.42822000000000005	0.979452764339413	22893
847	156.0	0.42471999999999993	0.9788353445877548	23990
848	116.0	0.43748000000000004	0.9818605706040494	21327
849	121.0	0.41059999999999997	0.9710636361039187	18907
850	142.0	0.42482	0.8618003442436672	20608
851	127.0	0.40858000000000005	0.9082372573681611	18275
852	124.0	0.40265999999999996	0.9047165960159815	20404
853	107.0	0.39514000000000005	0.9494064975395413	18693
854	106.0	0.38486	0.9446112677253972	15705
855	119.0	0.38066	0.980738198745904	17422
856	129.0	0.41028	0.8974661569515466	19552
857	127.0	0.42372	0.960213206490811	21949
858	129.0	0.42524000000000006	0.9590268912623824	20572
859	132.0	0.40698	0.9381404859117782	19460
860	122.0	0.43042	0.9616650106955784	21147
861	132.0	0.4208800000000001	0.881580398991405	21758
862	127.0	0.4372	0.910495405209391	23368
863	134.0	0.4511	0.9410721242516762	26974
864	124.0	0.45593999999999996	0.9518575558699655	29294
865	138.0	0.44154000000000004	0.8069550723375619	27188
866	119.0	0.43514	0.9241565786506668	27074
867	134.0	0.41782	0.6916658947101102	24593
868	124.0	0.46793999999999997	0.9401547346349695	27719
869	137.0	0.4035399999999999	0.8871371377186316	27229
870	156.0	0.41384	0.864355980231409	29252
871	125.0	0.42200000000000004	0.8398362312748318	27949
872	142.0	0.4292999999999999	0.8104571574720685	30271
873	170.0	0.44002	0.755841328579246	33258
874	150.0	0.45272000000000007	0.7665596157719522	34204
875	158.0	0.43211999999999995	0.7791014735119176	30941
876	124.0	0.38555999999999996	0.8927043843632375	25017
877	128.0	0.46952	0.9628778836277729	32875
878	112.0	0.49418	0.9612572803046022	29069
879	114.0	0.5043599999999999	0.9593086873038896	32768
880	123.0	0.46964000000000006	0.934925768616107	28928
881	114.0	0.46356	0.9651675837450947	26566
882	123.0	0.47859999999999997	0.960046558351704	25001
883	100.0	0.41202	0.9478250568659948	19901
884	141.0	0.47878	0.9661401316603979	30013
885	135.0	0.48372	0.9441507297538567	26784
886	127.0	0.45824	0.8219067013996121	23185
887	113.0	0.3979600000000001	0.8755124850106707	20782
888	118.0	0.3753600000000001	0.9328103676571264	21569
889	142.0	0.40448000000000006	0.8833772226211746	24912
890	165.0	0.44101999999999997	0.6281733882776673	19920
891	141.0	0.44138	0.848986842714029	25868
892	127.0	0.40868000000000004	0.9482261879302198	24741
893	137.0	0.38345999999999997	0.8936150728861011	27650
894	119.0	0.4021	0.908053229533838	23657
895	117.0	0.43966	0.9530920785338041	20146
896	108.0	0.43160000000000004	0.9704991598710249	21113
897	124.0	0.42636	0.8199625156359149	20264
898	96.0	0.4616199999999999	0.9286780880666664	18711
899	120.0	0.4471	0.96077756152602	20180
900	113.0	0.43582	0.9595173402822722	20098
901	123.0	0.44646	0.9269439844972049	21539
902	99.0	0.44717999999999997	0.9705371989329206	18613
903	138.0	0.4261600000000001	0.7248851266370615	18239
904	117.0	0.45267999999999986	0.9642980066970672	21716
905	125.0	0.4503400000000001	0.9356214225155984	25553
906	133.0	0.43944000000000005	0.9218470574977716	27068
907	105.0	0.35851999999999995	0.9238278821786002	21081
908	119.0	0.37013999999999997	0.9591951330609221	25099
909	133.0	0.4218399999999999	0.9053649748564928	28588
910	121.0	0.46397999999999995	0.9385037924767844	28341
911	109.0	0.50146	0.9667064731555667	27211
912	125.0	0.47515999999999997	0.9497590251369419	26958
913	115.0	0.4918199999999999	0.9611394155511747	25364
914	102.0	0.46662000000000003	0.9663308976816586	22206
915	124.0	0.4138200000000001	0.9012389962377905	22073
916	117.0	0.46964	0.8902426731566109	24851
917	129.0	0.4722799999999999	0.9667211903015344	27514
918	101.0	0.45798	0.9536369225485406	22176
919	141.0	0.4579600000000001	0.9168618220080957	31166
920	128.0	0.39544	0.8503533012441836	26239
921	137.0	0.47778	0.9433965606590498	36725
922	115.0	0.50744	0.9568447110762527	30690
923	125.0	0.48318000000000005	0.8507000564359523	28867
924	113.0	0.50162	0.971971649537894	36435
925	102.0	0.51256	0.977109251443857	30648
926	109.0	0.49888	0.971362326600784	33273
927	123.0	0.5270999999999999	0.9381066016420342	32974
928	126.0	0.5002	0.9112933321142326	37128
929	141.0	0.50276	0.9001010182435373	34653
930	106.0	0.53358	0.8832629123747724	31193
931	110.0	0.44872	0.9406049862287985	30021
932	130.0	0.3943	0.804261870302916	28084
933	109.0	0.36806	0.9174301646457211	22398
934	120.0	0.37467999999999996	0.7766485549365115	24067
935	128.0	0.38020000000000004	0.9096515382433643	27211
936	103.0	0.37308	0.8728940087865664	22525
937	125.0	0.37712	0.9080071476075079	25596
938	117.0	0.38398000000000004	0.8324825898509102	23440
939	119.0	0.40685999999999994	0.8019568835371726	24792
940	175.0	0.4427999999999999	0.7927214038827822	35490
941	146.0	0.4468599999999999	0.8445993168112429	30018
942	127.0	0.45918	0.8721667050519334	25637
943	135.0	0.46452000000000004	0.9227355843177912	28488
944	138.0	0.4329400000000001	0.7855777519302137	26680
945	115.0	0.46397999999999995	0.863097638908988	25509
946	127.0	0.40909999999999996	0.7953707000701067	24245
947	114.0	0.4581199999999999	0.9615154212812231	29405
948	141.0	0.46431999999999995	0.963671854827201	28575
949	122.0	0.44959999999999994	0.9174439622069921	24755
950	114.0	0.44976	0.9681987495518691	24022
951	127.0	0.423	0.9238701016788516	24409
952	121.0	0.43682000000000004	0.9207176320898108	23399
953	134.0	0.4358599999999999	0.9023043230522212	24959
954	141.0	0.4468	0.9140748145502525	27841
955	156.0	0.42235999999999996	0.8585500888721457	26824
956	127.0	0.44652000000000003	0.9320261609222256	25470
957	121.0	0.409	0.7065804631258668	20434
958	124.0	0.42286	0.8461649771060824	26686
959	120.0	0.42591999999999997	0.9025391734003095	28096
960	124.0	0.40084	0.8708092093298875	23237
961	120.0	0.4303200000000001	0.9345808531625339	21965
962	137.0	0.42678	0.9482267443062876	24805
963	144.0	0.47472000000000003	0.9664884041145195	28777
964	120.0	0.46812000000000004	0.9195219989634396	22554
965	140.0	0.45632	0.9151827553624473	25838
966	139.0	0.43518000000000007	0.8696527691347653	26661
967	173.0	0.42965999999999993	0.8312494255483319	31389
968	134.0	0.39618000000000003	0.8827904365043725	24749
969	144.0	0.3940199999999999	0.8619864184820832	24454
970	134.0	0.41919999999999996	0.8456245796159907	26824
971	127.0	0.3862	0.9104409654672885	25285
972	127.0	0.43652	0.7341943617167395	24692
973	149.0	0.44268	0.8652855777713898	26104
974	120.0	0.41112000000000004	0.9178019921757226	25316
975	138.0	0.42364	0.8842570597003759	23277
976	120.0	0.41714	0.8981021889787155	19876
977	122.0	0.41275999999999996	0.9048746051785095	20267
978	141.0	0.3997	0.8859999834227646	20706
979	126.0	0.3957	0.941846084511186	18607
980	107.0	0.40932	0.9541991914500935	16274
981	140.0	0.39386000000000004	0.882293860934667	17560
982	106.0	0.41378	0.9435062290464231	13693
983	118.0	0.40634	0.9282306125984091	15574
984	122.0	0.40169999999999995	0.7855537801001404	13243
985	114.0	0.3852400000000001	0.8657015652412975	10701
986	120.0	0.37639999999999996	0.9575804333540451	12195
987	115.0	0.40178	0.8635384673496311	12131
988	111.0	0.3864599999999999	0.9348103595884876	11156
989	110.0	0.39536	0.8489065365629573	10953
990	113.0	0.38256	0.9607013961895751	11357
991	123.0	0.36304	0.9694020506714065	11658
992	109.0	0.3771	0.9352813864565039	11566
993	126.0	0.38095999999999997	0.8753469216575339	11958
994	113.0	0.39324000000000003	0.9631249263705017	11686
995	101.0	0.36125999999999997	0.9563995679150538	9397
996	102.0	0.36663999999999997	0.9212888633373492	10144
997	119.0	0.3974199999999999	0.942689192398203	12416
998	129.0	0.37815999999999994	0.8907029395286099	11740
999	124.0	0.3822	0.9534375629638613	12279
1000	130.0	0.37328000000000006	0.9742307347750563	11970
1001	110.0	0.36408000000000007	0.9554298549052993	10289
1002	123.0	0.37402	0.9479939455040606	11002
1003	111.0	0.38837999999999995	0.8836909573601036	11831
1004	110.0	0.38518	0.9685641248212744	11661
1005	112.0	0.38044000000000006	0.9707399603679596	11551
1006	107.0	0.37714000000000003	0.9410634158542927	11420
1007	121.0	0.38398	0.9186910375511227	11995
1008	110.0	0.35916000000000003	0.9607431897355406	10776
1009	127.0	0.35632	0.9451351569262346	10911
1010	91.0	0.3526800000000001	0.9569498574938669	8771
1011	102.0	0.3613	0.9220659573042935	9482
1012	109.0	0.3587	0.9132136016571633	9833
1013	114.0	0.37526000000000004	0.9455040718051104	10760
1014	121.0	0.3584799999999999	0.879254084225751	10075
1015	123.0	0.36869999999999997	0.8557074399809355	11124
1016	123.0	0.36695999999999995	0.8592872473272185	11103
1017	107.0	0.34936	0.9089555005211737	9941
1018	124.0	0.3592600000000001	0.9618713002276701	11070
1019	108.0	0.36288	0.9076849903674147	9880
1020	121.0	0.3782399999999999	0.7558338687362486	10632
1021	103.0	0.3632599999999999	0.9512820584401553	9947
1022	102.0	0.3612	0.9382091302780569	9895
1023	109.0	0.36926000000000003	0.8328276325868255	10428
1024	116.0	0.36278	0.9571674198497219	11194
1025	136.0	0.36994	0.9348211139191658	12536
1026	143.0	0.37668000000000007	0.8533307163318274	13881
1027	117.0	0.37626000000000004	0.8244361533263308	10857
1028	139.0	0.3873	0.9249991011039156	13362
1029	92.0	0.3839000000000001	0.9543567247706571	11296
1030	134.0	0.3861800000000001	0.8416822537089063	13054
1031	103.0	0.38609999999999994	0.93529245765339	11984
1032	103.0	0.3979000000000001	0.9171503858677397	16094
1033	133.0	0.40038	0.9244948755466391	22031
1034	129.0	0.38360000000000005	0.896549445553236	20542
1035	152.0	0.41522	0.8866201853087776	25773
1036	105.0	0.36314	0.8191606007295864	17698
1037	120.0	0.3696799999999999	0.8921448143108996	17595
1038	132.0	0.38004	0.8205551408827662	20102
1039	118.0	0.38454	0.8702489621109522	15277
1040	104.0	0.36707999999999996	0.9270172352898888	15072
1041	25.0	0.06952	0.17206802952708097	3373
1044	91.0	0.3048	0.6550956387972398	13321
1045	99.0	0.3706800000000001	0.937631469449412	17574
1046	116.0	0.3768600000000001	0.792646110396859	18203
1047	115.0	0.37044	0.921880159571132	20583
1048	107.0	0.38882	0.9496348183415539	22012
1049	135.0	0.37938000000000005	0.9151488164410284	25305
1050	132.0	0.37436	0.9346305877443609	24902
1051	112.0	0.38888	0.9409214746758768	22517
1052	119.0	0.38582	0.9420420345689154	22881
1053	125.0	0.38948	0.9295542406447765	22562
1054	112.0	0.39256	0.9438355044562788	20414
1055	121.0	0.39960000000000007	0.9761358724855843	23073
1056	110.0	0.3999599999999999	0.8935552482827576	33802
1057	136.0	0.39967999999999987	0.9404538429753533	26248
1058	99.0	0.37538	0.9714554459457826	21037
1059	115.0	0.37317999999999996	0.9732955152240744	22613
1060	88.0	0.36483999999999994	0.9688350258360403	17553
1061	107.0	0.39088	0.9620543094654019	22395
1062	122.0	0.38828	0.9604540628507899	24161
1063	96.0	0.37044	0.9653561508183895	22551
1064	119.0	0.3617	0.9582353091135577	25399
1065	131.0	0.38874	0.931044813189143	28690
1066	130.0	0.39496000000000003	0.9118071575623985	26962
1067	137.0	0.37822	0.8210323132194675	23621
1068	115.0	0.39456	0.9445644845754023	25620
1069	130.0	0.36457999999999996	0.8900815357470042	23117
1070	108.0	0.3881	0.9686461934173699	22738
1071	137.0	0.38183999999999996	0.8524544680368867	22699
1072	126.0	0.37675999999999993	0.8891489961605317	23031
1073	98.0	0.3779599999999999	0.8728636429617851	18995
1074	120.0	0.38983999999999996	0.9560725816954319	20944
1075	114.0	0.39120000000000005	0.9575523893140806	20494
1076	124.0	0.3935	0.8730313369248444	18418
1077	122.0	0.39525999999999994	0.964795584647603	20267
1078	99.0	0.39764000000000005	0.8874970363008938	16603
1079	100.0	0.41768	0.9724422952043379	17941
1080	129.0	0.38798	0.9061284763715484	19657
1081	118.0	0.39442	0.8270923938192952	18557
1082	110.0	0.3968	0.9159054032185582	18515
1083	114.0	0.4077200000000001	0.8294895783108582	20488
1084	146.0	0.41425999999999996	0.9064774736445329	25719
1085	130.0	0.3621599999999999	0.8962331844697552	23394
1086	127.0	0.39675999999999995	0.9098726943747202	27130
1087	113.0	0.35800000000000004	0.8798116696901389	19873
1088	95.0	0.34979999999999994	0.97324199562697	17953
1089	125.0	0.35688000000000003	0.954530651288592	22172
1090	116.0	0.3518	0.9569072869337816	22450
1091	111.0	0.3717000000000001	0.9275066847149765	20453
1092	118.0	0.36910000000000004	0.9797906691666239	22708
1093	106.0	0.3696	0.967429198693243	20510
1094	119.0	0.47462	0.834631424999301	26717
1095	128.0	0.4394800000000001	0.8770319785342563	26198
1096	141.0	0.44258000000000003	0.9628586010617685	30353
1097	123.0	0.41816000000000003	0.8995662231349726	22789
1098	142.0	0.43749999999999994	0.8280492390745121	23759
1099	130.0	0.42064	0.9199061516332305	25370
1100	142.0	0.42147999999999997	0.9609316235853715	25480
1101	134.0	0.39472	0.910354086152143	23096
1102	125.0	0.45592000000000005	0.9558207415135435	24314
1103	137.0	0.42025999999999997	0.8970722246597429	26492
1104	143.0	0.42884	0.917085702617572	31756
1105	155.0	0.45130000000000003	0.8257708070281006	31830
1106	146.0	0.43896	0.7509723380736542	28560
1107	154.0	0.42475999999999997	0.7146772377794511	26718
1108	153.0	0.4331600000000001	0.8213511124784596	31517
1109	139.0	0.44496	0.8622664390090795	29477
1110	150.0	0.4183	0.829322228555351	31196
1111	126.0	0.43587999999999993	0.9131556977395787	29310
1112	136.0	0.41452000000000006	0.8942831107473884	30215
1113	149.0	0.42178	0.9037444797489355	32298
1114	144.0	0.43495999999999996	0.8847563508397881	32698
1115	165.0	0.45033999999999996	0.8841080671710115	30626
1116	110.0	0.44716	0.9157376266831461	26607
1117	138.0	0.42564	0.9384504387772413	31562
1118	121.0	0.41513999999999995	0.9403143448111659	26289
1119	120.0	0.42924	0.9444017336225937	26699
1120	133.0	0.43066000000000004	0.9569688756757613	26852
1121	126.0	0.45252000000000003	0.9500958699224319	28426
1122	142.0	0.45287999999999995	0.8864440855635757	27406
1123	140.0	0.45064	0.8898647145812862	27741
1124	123.0	0.43854	0.9279992630419739	23281
1125	120.0	0.44102	0.8943771994119663	23544
1126	141.0	0.4236000000000001	0.8371697244242818	25677
1127	151.0	0.3947	0.8936612994330789	24500
1128	144.0	0.43552	0.8796876434980793	25550
1129	181.0	0.4622	0.7769092127837667	26133
1130	158.0	0.45828	0.8465312387225764	23744
1131	142.0	0.43412000000000006	0.8888780282449734	23331
1132	110.0	0.41716000000000003	0.8878941014278703	17659
1133	120.0	0.42772	0.8692763894498619	21171
1134	136.0	0.45084	0.9026078850763695	25184
1135	147.0	0.43172	0.8539511820251712	23062
1136	136.0	0.42504000000000003	0.9289611867596239	21828
1137	116.0	0.43348	0.9259014555048233	20944
1138	144.0	0.44549999999999995	0.7799320563206981	22575
1139	139.0	0.40684	0.9569435183403081	25403
1140	157.0	0.39128	0.867870103922839	26022
1141	116.0	0.42133999999999994	0.8000356125373468	18496
1142	125.0	0.44038000000000005	0.9118383353670582	21894
1143	144.0	0.42564	0.8979663052941784	24246
1144	124.0	0.42314000000000007	0.9278669831917589	21778
1145	140.0	0.4218599999999999	0.9266642689672787	22949
1146	137.0	0.42292	0.8875444863704135	21916
1147	139.0	0.44292000000000004	0.875907398695889	21529
1148	130.0	0.41638	0.8187189069069561	20883
1149	163.0	0.4292399999999999	0.8531783509563013	26261
1150	169.0	0.43538000000000004	0.8186066141742568	30469
1151	132.0	0.43106	0.8753695288106722	27238
1152	139.0	0.40558000000000005	0.8619883821028904	24462
1153	116.0	0.39304	0.7627409827125915	16556
1154	110.0	0.37256000000000006	0.8687156303018145	16649
1155	103.0	0.36573999999999995	0.9169053725659364	14679
1156	121.0	0.37442	0.905542491490945	15208
1157	98.0	0.3752	0.9567268313815599	11885
1158	119.0	0.36252	0.9067311221644176	11645
1159	91.0	0.35746	0.9171482175886375	10195
1160	129.0	0.37004	0.8887313891843216	12133
1161	130.0	0.35226	0.9027381964568616	11351
1162	112.0	0.35446	0.874591105695134	10542
1163	124.0	0.36448	0.9016136766306867	11317
1164	113.0	0.36162000000000005	0.9222390419736148	11321
1165	104.0	0.33510000000000006	0.9344559923676077	9284
1166	104.0	0.35934000000000005	0.9302924361994168	10478
1167	107.0	0.3545400000000001	0.8986677342262863	9758
1168	106.0	0.3495999999999999	0.9645026741553571	9780
1169	106.0	0.34518	0.8471227834893107	9453
1170	114.0	0.36273999999999995	0.9479847927136642	10713
1171	114.0	0.36178	0.9172988936589971	10326
1172	130.0	0.35658	0.9383763386194274	10898
1173	119.0	0.36963999999999997	0.9313386009960678	10512
1174	104.0	0.35974000000000006	0.8770976465001371	9215
1175	110.0	0.36076	0.969939027666068	10706
1176	116.0	0.38268	0.9108549393178191	10881
1177	103.0	0.36578000000000005	0.9699964342645224	9729
1178	111.0	0.38308	0.8992627822226305	11371
1179	125.0	0.39177999999999996	0.8499634332075826	11826
1180	105.0	0.38608	0.9697184697764004	11032
1181	101.0	0.37457999999999997	0.9512227757667499	9873
1182	97.0	0.38192	0.979031146934353	10711
1183	111.0	0.4094	0.7977398060469336	13460
1184	123.0	0.4125000000000001	0.8321870701376515	16429
1185	123.0	0.41004000000000007	0.9058576374543617	18693
1186	124.0	0.40482	0.9406911144196911	17022
1187	121.0	0.40428	0.8642541658159513	15682
1188	115.0	0.42446	0.9278755265932086	17526
1189	127.0	0.40734000000000004	0.9359330209459682	17690
1190	98.0	0.42574000000000006	0.9477886405040531	16395
1191	135.0	0.43228	0.9139426128147068	20782
1192	124.0	0.3907	0.9158688783143998	19862
1193	122.0	0.40751999999999994	0.9286633874094736	19784
1194	97.0	0.38786000000000004	0.8423792818925323	15623
1195	101.0	0.3374399999999999	0.9243936109989953	17448
1196	108.0	0.36006	0.9081750166063534	19545
1197	120.0	0.35705999999999993	0.9271794660944229	22808
1198	103.0	0.33378	0.9496786241310563	19359
1199	106.0	0.38788000000000006	0.9415152112795292	21817
1200	135.0	0.44096	0.901326211346021	27893
1201	126.0	0.44223999999999997	0.9217632805136555	27872
1202	145.0	0.42612	0.8496125177047106	29271
1203	127.0	0.42623999999999995	0.9298380323659244	25755
1204	119.0	0.4058599999999999	0.9122887731731195	26545
1205	141.0	0.47354000000000007	0.8726290163149043	27815
1206	118.0	0.42223999999999995	0.815782454223378	24452
1207	127.0	0.42644	0.8576765115854863	26370
1208	105.0	0.3886	0.9266827834919743	23814
1209	115.0	0.38244	0.8980486241514135	22888
1210	140.0	0.40043999999999996	0.8475371208353355	25137
1211	131.0	0.39304	0.77928975240913	18890
1212	124.0	0.40478000000000003	0.9067901748982823	22221
1213	131.0	0.4425	0.901389758919779	27824
1214	138.0	0.41672	0.878225868105557	25717
1215	108.0	0.4456400000000001	0.9649436500018387	22281
1216	129.0	0.45452000000000004	0.9650199249813742	27222
1217	101.0	0.41334000000000004	0.9374233553594564	21213
1218	149.0	0.41558000000000006	0.9263189378391268	26275
1219	125.0	0.42544000000000004	0.9423396448702246	23875
1220	136.0	0.42346000000000006	0.8525473846777519	24505
1221	148.0	0.40220000000000006	0.8820774862111155	26219
1222	137.0	0.41812000000000005	0.853333006207338	24472
1223	131.0	0.403	0.9058786339137995	19220
1224	108.0	0.3784199999999999	0.9434898665217714	14673
1225	128.0	0.38898000000000005	0.8926008447274624	13921
1226	119.0	0.36734	0.7853415563236301	11142
1227	126.0	0.39704	0.8993291602925869	13039
1228	101.0	0.37844	0.9054449802941714	10754
1229	120.0	0.38234	0.9332654338478733	11921
1230	134.0	0.38042000000000004	0.8522437693918573	12279
1231	104.0	0.3749199999999999	0.9633402750978106	11746
1232	126.0	0.4125	0.8468322435490183	15188
1233	138.0	0.40218	0.9580765020033801	15788
1234	108.0	0.37132	0.8953503360936108	10259
1235	124.0	0.3829	0.9560291293477995	11664
1236	105.0	0.38868	0.9350189390723554	9873
1237	100.0	0.3926799999999999	0.8381287420095475	9673
1238	122.0	0.38664000000000004	0.9096142025150792	11363
1239	126.0	0.37194000000000005	0.9219882589167993	10421
1240	111.0	0.38238	0.9339161043928778	10130
1241	113.0	0.37256000000000006	0.8651608125875826	9816
1242	129.0	0.3665	0.8572928073535673	10738
1243	111.0	0.3475599999999999	0.9419530625882659	9633
1244	119.0	0.35644	0.8054681601876081	9827
1245	102.0	0.3680999999999999	0.9178452953672429	9206
1246	105.0	0.3733600000000001	0.9171157902120557	9504
1247	100.0	0.37160000000000004	0.8314668130392313	8617
1248	113.0	0.34248000000000006	0.9496257281557616	9455
1249	122.0	0.35997999999999997	0.9451664085353162	10830
1250	124.0	0.34656	0.9126368527903203	9490
1251	101.0	0.34082	0.9456997329841884	8550
1252	83.0	0.34156	0.9722024452890559	7576
1253	105.0	0.35770000000000013	0.9631528996161695	8507
1254	110.0	0.34086000000000005	0.941779770106739	9144
1255	111.0	0.3428000000000001	0.9392936783956537	9576
1256	121.0	0.3499000000000001	0.8425680885213745	9538
1257	121.0	0.34722000000000003	0.9562442462983094	9806
1258	92.0	0.3593	0.956749635002397	8933
1259	120.0	0.33908	0.9212538415066007	9253
1260	96.0	0.3390200000000001	0.9732932862710656	8259
1261	91.0	0.34592	0.9341113643994811	8222
1262	106.0	0.34458	0.942277378814258	8866
1263	87.0	0.3305200000000001	0.964955266617838	7675
1264	101.0	0.33592	0.877554046446773	8082
1265	103.0	0.35698	0.935947822757404	9670
1266	87.0	0.34956	0.955795678777015	8180
1267	118.0	0.34450000000000003	0.9331586887746612	9821
1268	107.0	0.36135999999999996	0.8929760228363022	8898
1269	105.0	0.35134	0.9683602634906275	9077
1270	107.0	0.34997999999999996	0.9584074929467303	9441
1271	108.0	0.34248000000000006	0.9410118900251636	9128
1272	122.0	0.3584399999999999	0.9568322037647954	10375
1273	102.0	0.35084000000000004	0.9390532998870309	8899
1274	104.0	0.3512200000000001	0.9658128879988925	8510
1275	101.0	0.34434	0.9644101346607281	9152
1276	95.0	0.34908	0.9473542215465801	9702
1277	103.0	0.33576	0.9393441899026863	9966
1278	118.0	0.3597200000000001	0.9317981073723116	11416
1279	81.0	0.35031999999999996	0.8856088195690318	7933
1280	96.0	0.3477	0.9255201843529799	8490
1281	91.0	0.33892000000000005	0.942819498977999	8248
1282	111.0	0.35224000000000005	0.9593431320976697	8975
1283	114.0	0.32588	0.9705852272637031	9010
1284	93.0	0.32295999999999997	0.9752940099859156	7706
1285	97.0	0.33649999999999997	0.9423002009997725	8159
1286	107.0	0.3508	0.9668055071654829	8731
1287	86.0	0.35664	0.8417028235830428	7039
1288	108.0	0.3560400000000001	0.9096882669853316	8667
1289	108.0	0.32752000000000003	0.9702140984779458	8610
1290	99.0	0.3357	0.950392914177929	8187
1291	110.0	0.34307999999999994	0.9451026146434517	9263
1292	85.0	0.3289	0.9222190523795714	7292
1293	106.0	0.3443	0.9525545270807485	8938
1294	108.0	0.34271999999999997	0.9538227177910595	9047
1295	115.0	0.35268	0.8757213356852868	8877
1296	103.0	0.34232	0.9590182484955804	9039
1297	103.0	0.34632000000000007	0.9421894466383601	9837
1298	118.0	0.35076000000000007	0.8982620966403312	10008
1299	96.0	0.3505400000000001	0.9354550687138576	8685
1300	94.0	0.36767999999999995	0.9500232867423539	8501
1301	102.0	0.34894000000000003	0.9500423083187786	9290
1302	134.0	0.3584799999999999	0.8601062627543963	10935
1303	107.0	0.37908000000000003	0.9675661926628231	11357
1304	104.0	0.34434	0.9615806336632866	9427
1305	103.0	0.36406000000000005	0.9103626778139967	8691
1306	103.0	0.35324	0.9551136298332998	8742
1307	96.0	0.35182	0.8642244715384488	8376
1308	111.0	0.3501799999999999	0.902654563282438	9805
1309	105.0	0.35916	0.9596501070831036	8845
1310	97.0	0.34294	0.9626064491438835	8513
1311	114.0	0.33624000000000004	0.9003539657586115	8574
1312	119.0	0.34990000000000004	0.9789003805159243	9946
1313	103.0	0.34208000000000005	0.9539831511334159	8843
1314	99.0	0.3406	0.9497134022146715	8829
1315	105.0	0.33764000000000005	0.937383678549932	8391
1316	95.0	0.33818	0.9028668458129672	8393
1317	113.0	0.34275999999999995	0.9229556549365945	8908
1318	92.0	0.34922000000000003	0.8853491425921487	8336
1319	101.0	0.35874	0.9039464432440469	8346
1320	109.0	0.34571999999999997	0.9205934387876169	9363
1321	126.0	0.36606	0.9132954266175237	10610
1322	110.0	0.36695999999999995	0.9144825283902372	9387
1323	100.0	0.36376000000000003	0.946734814985322	9613
1324	133.0	0.37867999999999996	0.8433463433877028	10511
1325	111.0	0.36374	0.9234439366825117	10577
1326	106.0	0.37073999999999996	0.9227195229327091	12745
1327	109.0	0.37385999999999997	0.942622624238637	15194
1328	106.0	0.35729999999999995	0.9255671866893125	10585
1329	104.0	0.35068	0.8494464601621123	8075
1330	108.0	0.34952	0.900983393821228	9480
1331	120.0	0.35064000000000006	0.9622433030405918	10597
1332	79.0	0.3356	0.950257326214621	7783
1333	98.0	0.35563999999999996	0.9545915982749614	8848
1334	100.0	0.32872	0.9520695075653542	8667
1335	87.0	0.34182000000000007	0.9717996270089918	8130
1336	86.0	0.34952	0.9674955906998829	8310
1337	91.0	0.3469400000000001	0.9525049700044049	8391
1338	98.0	0.35400000000000004	0.8834333250124489	8954
1339	106.0	0.34916	0.955514874367694	9299
1340	109.0	0.36806000000000005	0.9358113487695479	10413
1341	115.0	0.35963999999999996	0.9648829367899889	9713
1342	120.0	0.36916000000000004	0.7628012600668128	9970
1343	102.0	0.3508199999999999	0.9519364892474366	9748
1344	116.0	0.35336	0.9286095229360093	11063
1345	109.0	0.35266000000000003	0.9577760063807519	10647
1346	130.0	0.3719800000000001	0.9601726068675188	13403
1347	128.0	0.3670800000000001	0.9405262580541087	12480
1348	101.0	0.36684	0.9248235053122731	11246
1349	129.0	0.35348	0.9542780935418924	15805
1350	112.0	0.38184000000000007	0.9113239837984006	15649
1351	119.0	0.4009000000000001	0.933147294136746	18053
1352	128.0	0.41808	0.831146185356054	22336
1353	107.0	0.39314	0.8993408553256391	20121
1354	108.0	0.35918000000000005	0.9281153566502173	17443
1355	118.0	0.3656600000000001	0.782925314148048	16230
1356	113.0	0.35836	0.9152668089448035	18784
1357	141.0	0.3851400000000001	0.9342724006451738	23277
1358	133.0	0.40182000000000007	0.8217989739260317	20818
1359	128.0	0.40149999999999997	0.9090467152808729	22750
1360	123.0	0.40886	0.7921666280574398	22665
1361	142.0	0.4298	0.8437136657838856	23040
1362	134.0	0.40990000000000004	0.8525240565137974	22180
1363	124.0	0.39765999999999996	0.9276157279908969	15816
1364	128.0	0.38317999999999997	0.8336725598546568	12339
1365	124.0	0.37918	0.8878992533584881	12257
1366	110.0	0.37977999999999995	0.9308220074051932	11228
1367	123.0	0.38409999999999994	0.7999217022292319	11178
1368	103.0	0.3868400000000001	0.7206331873508273	8409
1369	126.0	0.37798000000000004	0.8604334150525355	10953
1370	106.0	0.3797	0.8362393222311479	9477
1371	123.0	0.37764000000000003	0.8281374273229727	11213
1372	95.0	0.36876000000000003	0.9368408688308485	9331
1373	101.0	0.3990000000000001	0.8620926333931178	9205
1374	95.0	0.35090000000000005	0.9598581437591466	8942
1375	103.0	0.36044000000000004	0.7963443028137938	8039
1376	98.0	0.35278	0.9507895078762166	8419
1377	115.0	0.37374	0.9310838531996393	10102
1378	87.0	0.3515	0.9569897010989132	8327
1379	112.0	0.35616	0.9014566697504309	9043
1380	96.0	0.34414	0.9527964059696105	8283
1381	93.0	0.34681999999999996	0.9132719123615711	8237
1382	111.0	0.35324	0.9147702204315983	9201
1383	98.0	0.34476000000000007	0.9478891092664802	9013
1384	102.0	0.3446	0.9412420132458053	8891
1385	110.0	0.35170000000000007	0.9299093398210178	9191
1386	115.0	0.36634	0.8859939314410243	8923
1387	108.0	0.34374000000000005	0.9495261016503275	9439
1388	103.0	0.34718000000000004	0.9442266916671516	8972
1389	89.0	0.3594	0.9033551536877688	8095
1390	112.0	0.34908000000000006	0.9361040217378969	9653
1391	104.0	0.3520999999999999	0.9360805764647828	8203
1392	86.0	0.33998000000000006	0.9407533783521967	7340
1393	125.0	0.35338	0.9405655241935305	9934
1394	108.0	0.3415600000000001	0.9429523144221936	9652
1395	109.0	0.34397999999999995	0.9501330079403805	9020
1396	107.0	0.35228000000000004	0.920212737581768	8703
1397	104.0	0.35764	0.924949485883196	8496
1398	111.0	0.35226	0.8948672843140394	9527
1399	108.0	0.36138000000000003	0.9352527643165052	9107
1400	96.0	0.3597000000000001	0.9703253456598081	8281
1401	122.0	0.36857999999999996	0.9058288288134695	10561
1402	116.0	0.3615	0.9476701942997616	10501
1403	110.0	0.36216000000000004	0.9511478411995563	9787
1404	119.0	0.3829199999999999	0.9700962501896775	10488
1405	105.0	0.3851599999999999	0.936867275575302	10329
1406	105.0	0.39379999999999993	0.9376932265422013	10727
1407	124.0	0.37855999999999995	0.9074804720881395	11201
1408	88.0	0.3560600000000001	0.958769035024679	9475
1409	100.0	0.36628	0.971295543238151	9817
1410	124.0	0.38938	0.9517876617322747	10057
1411	130.0	0.37422	0.9327559736169388	11953
1412	131.0	0.37762	0.7960904508431877	10311
1413	120.0	0.37436	0.8350439813147588	20522
1414	103.0	0.36996	0.9329403035196233	10240
1415	102.0	0.34924	0.9313210617250812	10096
1416	117.0	0.34962000000000004	0.9355856167982484	16046
1417	114.0	0.35072000000000003	0.9287669131958415	15783
1418	126.0	0.36082000000000003	0.9351870103194612	18576
1419	120.0	0.37089999999999995	0.8561044278789451	13976
1420	107.0	0.35303999999999996	0.9206933515259094	11221
1421	104.0	0.36835999999999997	0.9420637792282063	10676
1422	110.0	0.35888000000000003	0.804294733049582	9428
1423	96.0	0.35816000000000003	0.9404805868843796	9086
1424	104.0	0.35495999999999994	0.9642522151050757	9216
1425	116.0	0.37266	0.9039396551495736	10135
1426	119.0	0.37492000000000003	0.9196375460555116	11623
1427	106.0	0.38682	0.9679097164695094	10850
1428	130.0	0.40516000000000013	0.9667932306768445	13034
1429	104.0	0.3943000000000001	0.9100833775751039	11843
1430	126.0	0.42588000000000004	0.9528842986730732	17172
1431	117.0	0.39886000000000005	0.9663413960386421	15099
1432	114.0	0.44262	0.9589088079085696	17867
1433	121.0	0.4081	0.8621938156887047	16394
1434	111.0	0.43036	0.856460334431226	18122
1435	122.0	0.3879800000000001	0.8925675982194377	19242
1436	134.0	0.4382599999999999	0.9439205468491058	25767
1437	115.0	0.45148000000000005	0.9073541666801653	26185
1438	119.0	0.44206	0.9184788379530501	27399
1439	112.0	0.40722	0.8823075018746099	21567
1440	123.0	0.39202	0.9260370024312315	21064
1441	127.0	0.46548	0.9347457738953737	25097
1442	108.0	0.46424000000000004	0.9595481442111449	22291
1443	121.0	0.4836599999999999	0.9096812963419943	27597
1444	146.0	0.46674	0.896422464577672	27253
1445	84.0	0.27838	0.6355721042512389	15235
1446	26.0	0.13572	0.32457976147666645	6490
1447	122.0	0.36986000000000013	0.9691504777540372	23956
1448	106.0	0.36556000000000005	0.9711938029849704	18497
1449	118.0	0.3585799999999999	0.8831626883908992	17600
1450	119.0	0.37294	0.9065183585020434	20856
1451	98.0	0.3619799999999999	0.9726669839746828	17217
1452	102.0	0.36912	0.969132390960301	17312
1453	115.0	0.39944	0.9363159419073748	19756
1454	88.0	0.38242	0.9517651279505184	15098
1455	113.0	0.46622	0.9695878195622378	22558
1456	109.0	0.47869999999999996	0.9308514497569662	21168
1457	106.0	0.45478	0.9519567652834984	22126
1458	90.0	0.45598	0.9822899143705088	20397
1459	93.0	0.45019999999999993	0.9981734880017719	19985
1460	109.0	0.43172	0.9580164595930147	19169
1461	106.0	0.44252	0.9552860808542374	20091
1462	117.0	0.42932000000000003	0.9835921411809316	19860
1463	111.0	0.40606000000000003	0.9753292964920832	17223
1464	119.0	0.41997999999999996	0.9681702542345786	18885
1465	119.0	0.4206	0.9786224455464526	17638
1466	151.0	0.39574000000000004	0.9431689166439464	18363
1467	99.0	0.40344	0.9836987909424363	15127
1468	135.0	0.40879999999999994	0.92945992258889	16955
1469	113.0	0.40659999999999996	0.9653424800917311	16334
1470	112.0	0.4041	0.9833597878431072	15473
1471	133.0	0.42322000000000004	0.8023704372836722	16585
1472	104.0	0.42072	0.9633439357620562	14574
1473	109.0	0.37829999999999997	0.9334680109096111	13763
1474	120.0	0.3846	0.9236892832933644	14438
1475	108.0	0.42022	0.9433299420750688	14858
1476	136.0	0.40474	0.9541475502500317	16690
1477	119.0	0.42418	0.9722848928919586	17530
1478	120.0	0.40803999999999996	0.9736637728746345	15344
1479	111.0	0.42132	0.9267241050410873	16334
1480	122.0	0.39062	0.936235673832745	16769
1481	120.0	0.47908	0.9636770861112868	21261
1482	87.0	0.48336	0.9186332667775361	17630
1483	103.0	0.45990000000000003	0.9641323858896718	17346
1484	108.0	0.44809999999999994	0.9077843326826819	16383
1485	127.0	0.45405999999999996	0.8850455447293384	19429
1486	115.0	0.4393	0.8565012959276938	17813
1487	168.0	0.45840000000000003	0.808455090649613	22452
1488	142.0	0.46020000000000005	0.8531738610956983	22199
1489	127.0	0.44864000000000004	0.8190647305701835	19573
1490	151.0	0.46378	0.8091966238085048	25582
1491	120.0	0.42608	0.8863389220193015	22001
1492	108.0	0.40946000000000005	0.9538598320965607	20663
1493	124.0	0.45403999999999994	0.8870798585441284	23441
1494	96.0	0.49463999999999997	0.9068178825395751	17291
1495	121.0	0.4653000000000001	0.916298192376893	20777
1496	101.0	0.4874	0.9663129452277168	19471
1497	115.0	0.4497	0.8913390899426762	18185
1498	111.0	0.41168000000000005	0.9245474542796918	16982
1499	118.0	0.42894	0.8679434879024621	15305
1500	128.0	0.4148799999999999	0.8475215360976537	16654
1501	132.0	0.44122	0.8673902605120233	19191
1502	117.0	0.3994	0.7933313449401168	13893
1503	110.0	0.39577999999999997	0.9155863132067965	14198
1504	107.0	0.40124000000000004	0.8315953201764176	13432
1505	113.0	0.40767999999999993	0.8329590236349332	13961
1506	127.0	0.43032	0.9316745720190119	17438
1507	125.0	0.43251999999999996	0.840848086507025	16785
1508	98.0	0.38202	0.957627496461022	14000
1509	112.0	0.4033	0.9767500555202697	16449
1510	89.0	0.38254	0.9595250872174471	12629
1511	115.0	0.41281999999999996	0.9595106775293425	16557
1512	111.0	0.3952600000000001	0.9748675480677266	18045
1513	105.0	0.42904000000000003	0.9484184319000424	19699
1514	42.0	0.1723	0.428227886016214	9532
1515	69.0	0.23908	0.5277004655012298	10789
1516	109.0	0.41856000000000004	0.9814773641558773	17033
1517	132.0	0.4432000000000001	0.9636334497040611	18652
1518	120.0	0.40497999999999995	0.9489439731008672	16982
1519	116.0	0.4300799999999999	0.9620052292070823	17510
1520	111.0	0.37998000000000004	0.945887465301457	15869
1521	114.0	0.43604	0.9760202078345492	19403
1522	120.0	0.4305600000000001	0.8640073436520743	17928
1523	100.0	0.4723200000000001	0.9363496642952576	16752
1524	110.0	0.42872000000000005	0.9019627826637412	16613
1525	108.0	0.49260000000000004	0.8789853474401371	17789
1526	113.0	0.47446	0.9652620542448518	18666
1527	96.0	0.47708	0.9334877621725848	16870
1528	131.0	0.5145399999999999	0.9231153967482852	20270
1529	146.0	0.4872400000000001	0.961049707028766	21312
1530	104.0	0.49117999999999995	0.9393963659906556	20126
1531	99.0	0.49636	0.9001624411165356	17880
1532	102.0	0.44664000000000004	0.9039539778841582	17395
1533	103.0	0.48544	0.9398641272466469	17210
1534	128.0	0.48116	0.9455662190959926	18036
1535	144.0	0.47894	0.8064495909766971	17302
1536	98.0	0.4504600000000001	0.8300054722012156	19871
1537	112.0	0.3819200000000001	0.879834295795103	18428
1538	122.0	0.39727999999999997	0.8964725598001797	21200
1539	85.0	0.41324	0.9128197812429507	18063
1540	118.0	0.3991	0.8354215909760375	20698
1541	129.0	0.45066	0.9082673316549785	18825
1542	96.0	0.5022399999999999	0.8791375541453608	21188
1543	102.0	0.5737400000000001	0.9340791064801163	23756
1544	75.0	0.58706	0.9246748831067221	17322
1545	95.0	0.5232399999999999	0.9201824026552899	20937
1546	92.0	0.5635999999999999	0.918410397214766	19118
1547	102.0	0.53296	0.8746225138486551	24087
1548	113.0	0.46205999999999997	0.8976358925110002	25510
1549	110.0	0.5301800000000001	0.9292698361515693	22605
1550	116.0	0.53796	0.873993696062068	21233
1551	103.0	0.51288	0.8851813730136625	20452
1552	101.0	0.5236000000000001	0.9136066404264149	19954
1553	96.0	0.50812	0.8712313088985191	20007
1554	137.0	0.51184	0.8792083827676372	28334
1555	119.0	0.45461999999999997	0.7704645579662418	22930
1556	147.0	0.45524000000000003	0.8659382129147755	27563
1557	124.0	0.43562000000000006	0.9094215288679133	25313
1558	103.0	0.48603999999999997	0.9403612843771618	22775
1559	114.0	0.44248	0.8268545233635068	21918
1560	43.0	0.17352	0.31618452949237574	9423
1561	1.0	0.0	0.0	0
