start	end	obs	exp	var
0	49999	0.18772955917560974	0.18772955917560974	0.0
50000	99999	0.18772955917560974	0.18772955917560974	0.0
100000	149999	0.18772955917560974	0.18772955917560974	0.0
150000	199999	0.18772955917560974	0.18772955917560974	0.0
200000	249999	0.18772955917560974	0.18772955917560974	0.0
250000	299999	0.18772955917560974	0.18772955917560974	0.0
300000	349999	0.18772955917560974	0.18772955917560974	0.0
350000	399999	0.18772955917560974	0.18772955917560974	0.0
400000	449999	0.18772955917560974	0.18772955917560974	0.0
450000	499999	0.18772955917560974	0.18772955917560974	0.0
500000	549999	0.18772955917560974	0.18772955917560974	0.0
550000	599999	0.18772955917560974	0.18772955917560974	0.0
600000	649999	0.18772955917560974	0.18772955917560974	0.0
650000	699999	0.18772955917560974	0.18772955917560974	0.0
700000	749999	0.18772955917560974	0.18772955917560974	0.0
750000	799999	0.18772955917560974	0.18772955917560974	0.0
800000	849999	0.18772955917560974	0.18772955917560974	0.0
850000	899999	0.18772955917560974	0.18772955917560974	0.0
900000	949999	0.18772955917560974	0.18772955917560974	0.0
950000	999999	0.18772955917560974	0.18772955917560974	0.0
1000000	1049999	0.18772955917560974	0.18772955917560974	0.0
1050000	1099999	0.18772955917560974	0.18772955917560974	0.0
1100000	1149999	0.18772955917560974	0.18772955917560974	0.0
1150000	1199999	0.18772955917560974	0.18772955917560974	0.0
1200000	1249999	0.18772955917560974	0.18772955917560974	0.0
1250000	1299999	0.18772955917560974	0.18772955917560974	0.0
1300000	1349999	0.18772955917560974	0.18772955917560974	0.0
1350000	1399999	0.18772955917560974	0.18772955917560974	0.0
1400000	1449999	0.18772955917560974	0.18772955917560974	0.0
1450000	1499999	0.18772955917560974	0.18772955917560974	0.0
1500000	1549999	0.18772955917560974	0.18772955917560974	0.0
1550000	1599999	0.18772955917560974	0.18772955917560974	0.0
1600000	1649999	0.18772955917560974	0.18772955917560974	0.0
1650000	1699999	0.18772955917560974	0.18772955917560974	0.0
1700000	1749999	0.18772955917560974	0.18772955917560974	0.0
1750000	1799999	0.18772955917560974	0.18772955917560974	0.0
1800000	1849999	0.18772955917560974	0.18772955917560974	0.0
1850000	1899999	0.18772955917560974	0.18772955917560974	0.0
1900000	1949999	0.18772955917560974	0.18772955917560974	0.0
1950000	1999999	0.18772955917560974	0.18772955917560974	0.0
2000000	2049999	0.18772955917560974	0.18772955917560974	0.0
2050000	2099999	0.18772955917560974	0.18772955917560974	0.0
2100000	2149999	0.18772955917560974	0.18772955917560974	0.0
2150000	2199999	0.18772955917560974	0.18772955917560974	0.0
2200000	2249999	0.18772955917560974	0.18772955917560974	0.0
2250000	2299999	0.18772955917560974	0.18772955917560974	0.0
2300000	2349999	0.18772955917560974	0.18772955917560974	0.0
2350000	2399999	0.18772955917560974	0.18772955917560974	0.0
2400000	2449999	0.18772955917560974	0.18772955917560974	0.0
2450000	2499999	0.18772955917560974	0.18772955917560974	0.0
2500000	2549999	0.18772955917560974	0.18772955917560974	0.0
2550000	2599999	0.18772955917560974	0.18772955917560974	0.0
2600000	2649999	0.18772955917560974	0.18772955917560974	0.0
2650000	2699999	0.18772955917560974	0.18772955917560974	0.0
2700000	2749999	0.18772955917560974	0.18772955917560974	0.0
2750000	2799999	0.18772955917560974	0.18772955917560974	0.0
2800000	2849999	0.18772955917560974	0.18772955917560974	0.0
2850000	2899999	0.18772955917560974	0.18772955917560974	0.0
2900000	2949999	0.18772955917560974	0.18772955917560974	0.0
2950000	2999999	0.18772955917560974	0.18772955917560974	0.0
3000000	3049999	0.18772955917560974	0.18772955917560974	0.0
3050000	3099999	0.18772955917560974	0.18772955917560974	0.0
3100000	3149999	0.18772955917560974	0.18772955917560974	0.0
3150000	3199999	0.18772955917560974	0.18772955917560974	0.0
3200000	3249999	0.18772955917560974	0.18772955917560974	0.0
3250000	3299999	0.18772955917560974	0.18772955917560974	0.0
3300000	3349999	0.18772955917560974	0.18772955917560974	0.0
3350000	3399999	0.18772955917560974	0.18772955917560974	0.0
3400000	3449999	0.18772955917560974	0.18772955917560974	0.0
3450000	3499999	0.18772955917560974	0.18772955917560974	0.0
3500000	3549999	0.18772955917560974	0.18772955917560974	0.0
3550000	3599999	0.18772955917560974	0.18772955917560974	0.0
3600000	3649999	0.18772955917560974	0.18772955917560974	0.0
3650000	3699999	0.18772955917560974	0.18772955917560974	0.0
3700000	3749999	0.18772955917560974	0.18772955917560974	0.0
3750000	3799999	0.18772955917560974	0.18772955917560974	0.0
3800000	3849999	0.18772955917560974	0.18772955917560974	0.0
3850000	3899999	0.18772955917560974	0.18772955917560974	0.0
3900000	3949999	0.18772955917560974	0.18772955917560974	0.0
3950000	3999999	0.18772955917560974	0.18772955917560974	0.0
4000000	4049999	0.18772955917560974	0.18772955917560974	0.0
4050000	4099999	0.18772955917560974	0.18772955917560974	0.0
4100000	4149999	0.18772955917560974	0.18772955917560974	0.0
4150000	4199999	0.18772955917560974	0.18772955917560974	0.0
4200000	4249999	0.18772955917560974	0.18772955917560974	0.0
4250000	4299999	0.18772955917560974	0.18772955917560974	0.0
4300000	4349999	0.18772955917560974	0.18772955917560974	0.0
4350000	4399999	0.18772955917560974	0.18772955917560974	0.0
4400000	4449999	0.18772955917560974	0.18772955917560974	0.0
4450000	4499999	0.18772955917560974	0.18772955917560974	0.0
4500000	4549999	0.18772955917560974	0.18772955917560974	0.0
4550000	4599999	0.18772955917560974	0.18772955917560974	0.0
4600000	4649999	0.18772955917560974	0.18772955917560974	0.0
4650000	4699999	0.18772955917560974	0.18772955917560974	0.0
4700000	4749999	0.18772955917560974	0.18772955917560974	0.0
4750000	4799999	0.18772955917560974	0.18772955917560974	0.0
4800000	4849999	0.18772955917560974	0.18772955917560974	0.0
4850000	4899999	0.18772955917560974	0.18772955917560974	0.0
4900000	4949999	0.18772955917560974	0.18772955917560974	0.0
4950000	4999999	0.18772955917560974	0.18772955917560974	0.0
5000000	5049999	0.18772955917560974	0.18772955917560974	0.0
5050000	5099999	0.18772955917560974	0.18772955917560974	0.0
5100000	5149999	0.18772955917560974	0.18772955917560974	0.0
5150000	5199999	0.18772955917560974	0.18772955917560974	0.0
5200000	5249999	0.18772955917560974	0.18772955917560974	0.0
5250000	5299999	0.18772955917560974	0.18772955917560974	0.0
5300000	5349999	0.18772955917560974	0.18772955917560974	0.0
5350000	5399999	0.18772955917560974	0.18772955917560974	0.0
5400000	5449999	0.18772955917560974	0.18772955917560974	0.0
5450000	5499999	0.18772955917560974	0.18772955917560974	0.0
5500000	5549999	0.18772955917560974	0.18772955917560974	0.0
5550000	5599999	0.18772955917560974	0.18772955917560974	0.0
5600000	5649999	0.18772955917560974	0.18772955917560974	0.0
5650000	5699999	0.18772955917560974	0.18772955917560974	0.0
5700000	5749999	0.18772955917560974	0.18772955917560974	0.0
5750000	5799999	0.18772955917560974	0.18772955917560974	0.0
5800000	5849999	0.18772955917560974	0.18772955917560974	0.0
5850000	5899999	0.18772955917560974	0.18772955917560974	0.0
5900000	5949999	0.18772955917560974	0.18772955917560974	0.0
5950000	5999999	0.18772955917560974	0.18772955917560974	0.0
6000000	6049999	0.18772955917560974	0.18772955917560974	0.0
6050000	6099999	0.18772955917560974	0.18772955917560974	0.0
6100000	6149999	0.18772955917560974	0.18772955917560974	0.0
6150000	6199999	0.18772955917560974	0.18772955917560974	0.0
6200000	6249999	0.18772955917560974	0.18772955917560974	0.0
6250000	6299999	0.18772955917560974	0.18772955917560974	0.0
6300000	6349999	0.18772955917560974	0.18772955917560974	0.0
6350000	6399999	0.18772955917560974	0.18772955917560974	0.0
6400000	6449999	0.18772955917560974	0.18772955917560974	0.0
6450000	6499999	0.18772955917560974	0.18772955917560974	0.0
6500000	6549999	0.18772955917560974	0.18772955917560974	0.0
6550000	6599999	0.18772955917560974	0.18772955917560974	0.0
6600000	6649999	0.18772955917560974	0.18772955917560974	0.0
6650000	6699999	0.18772955917560974	0.18772955917560974	0.0
6700000	6749999	0.18772955917560974	0.18772955917560974	0.0
6750000	6799999	0.18772955917560974	0.18772955917560974	0.0
6800000	6849999	0.18772955917560974	0.18772955917560974	0.0
6850000	6899999	0.18772955917560974	0.18772955917560974	0.0
6900000	6949999	0.18772955917560974	0.18772955917560974	0.0
6950000	6999999	0.18772955917560974	0.18772955917560974	0.0
7000000	7049999	0.18772955917560974	0.18772955917560974	0.0
7050000	7099999	0.18772955917560974	0.18772955917560974	0.0
7100000	7149999	0.18772955917560974	0.18772955917560974	0.0
7150000	7199999	0.18772955917560974	0.18772955917560974	0.0
7200000	7249999	0.18772955917560974	0.18772955917560974	0.0
7250000	7299999	0.18772955917560974	0.18772955917560974	0.0
7300000	7349999	0.18772955917560974	0.18772955917560974	0.0
7350000	7399999	0.18772955917560974	0.18772955917560974	0.0
7400000	7449999	0.18772955917560974	0.18772955917560974	0.0
7450000	7499999	0.18772955917560974	0.18772955917560974	0.0
7500000	7549999	0.18772955917560974	0.18772955917560974	0.0
7550000	7599999	0.18772955917560974	0.18772955917560974	0.0
7600000	7649999	0.18772955917560974	0.18772955917560974	0.0
7650000	7699999	0.18772955917560974	0.18772955917560974	0.0
7700000	7749999	0.18772955917560974	0.18772955917560974	0.0
7750000	7799999	0.18772955917560974	0.18772955917560974	0.0
7800000	7849999	0.18772955917560974	0.18772955917560974	0.0
7850000	7899999	0.18772955917560974	0.18772955917560974	0.0
7900000	7949999	0.18772955917560974	0.18772955917560974	0.0
7950000	7999999	0.18772955917560974	0.18772955917560974	0.0
8000000	8049999	0.18772955917560974	0.18772955917560974	0.0
8050000	8099999	0.18772955917560974	0.18772955917560974	0.0
8100000	8149999	0.18772955917560974	0.18772955917560974	0.0
8150000	8199999	0.18772955917560974	0.18772955917560974	0.0
8200000	8249999	0.18772955917560974	0.18772955917560974	0.0
8250000	8299999	0.18772955917560974	0.18772955917560974	0.0
8300000	8349999	0.18772955917560974	0.18772955917560974	0.0
8350000	8399999	0.18772955917560974	0.18772955917560974	0.0
8400000	8449999	0.17664506508536584	0.18772955917560974	-0.011084494090243896
8450000	8499999	0.15598813552926827	0.18772955917560974	-0.03174142364634147
8500000	8549999	0.13256256478536582	0.18772955917560974	-0.05516699439024392
8550000	8599999	0.13663179130243902	0.18772955917560974	-0.05109776787317072
8600000	8649999	0.12112566966829268	0.18772955917560974	-0.06660388950731706
8650000	8699999	0.14435039810975608	0.18772955917560974	-0.043379161065853655
8700000	8749999	0.13241668048780486	0.18772955917560974	-0.05531287868780488
8750000	8799999	0.10863062321951218	0.18772955917560974	-0.07909893595609756
8800000	8849999	0.14545584919268292	0.18772955917560974	-0.042273709982926816
8850000	8899999	0.13877100592926828	0.18772955917560974	-0.04895855324634146
8900000	8949999	0.11620391885853658	0.18772955917560974	-0.07152564031707316
8950000	8999999	0.09635031802439022	0.18772955917560974	-0.09137924115121952
9000000	9049999	0.07672338828536585	0.18772955917560974	-0.1110061708902439
9050000	9099999	0.07194998908536582	0.18772955917560974	-0.11577957009024392
9100000	9149999	0.059697404295121936	0.18772955917560974	-0.1280321548804878
9150000	9199999	0.04294589187073172	0.18772955917560974	-0.14478366730487802
9200000	9249999	0.02043755811219511	0.18772955917560974	-0.16729200106341463
9250000	9299999	0.02043755811219508	0.18772955917560974	-0.16729200106341466
9300000	9349999	0.02043755811219511	0.18772955917560974	-0.16729200106341463
9350000	9399999	0.0	0.18772955917560974	-0.18772955917560974
9400000	9449999	0.05698761927804877	0.18772955917560974	-0.13074193989756097
9450000	9499999	0.10601960334878047	0.18772955917560974	-0.08170995582682927
9500000	9549999	0.1642328942902439	0.18772955917560974	-0.023496664885365837
9550000	9599999	0.24050670555365855	0.18772955917560974	0.05277714637804881
9600000	9649999	0.27686434272439026	0.18772955917560974	0.08913478354878052
9650000	9699999	0.2557502281756098	0.18772955917560974	0.06802066900000003
9700000	9749999	0.3019655063902439	0.18772955917560974	0.11423594721463415
9750000	9799999	0.30457030736341467	0.18772955917560974	0.11684074818780493
9800000	9849999	0.2921988903097561	0.18772955917560974	0.10446933113414636
9850000	9899999	0.2954590389097561	0.18772955917560974	0.10772947973414637
9900000	9949999	0.31726157041219516	0.18772955917560974	0.12953201123658542
9950000	9999999	0.3199035477853659	0.18772955917560974	0.13217398860975615
10000000	10049999	0.3659152445731707	0.18772955917560974	0.17818568539756097
10050000	10099999	0.4306873302707317	0.18772955917560974	0.24295777109512195
10100000	10149999	0.43287205871951223	0.18772955917560974	0.2451424995439025
10150000	10199999	0.4912068178097561	0.18772955917560974	0.3034772586341464
10200000	10249999	0.4912068178097561	0.18772955917560974	0.3034772586341464
10250000	10299999	0.4912068178097561	0.18772955917560974	0.3034772586341464
10300000	10349999	0.4912068178097561	0.18772955917560974	0.3034772586341464
10350000	10399999	0.4912068178097561	0.18772955917560974	0.3034772586341464
10400000	10449999	0.4912068178097561	0.18772955917560974	0.3034772586341464
10450000	10499999	0.5022913119	0.18772955917560974	0.31456175272439024
10500000	10549999	0.5229482414560975	0.18772955917560974	0.3352186822804878
10550000	10599999	0.5463738121999999	0.18772955917560974	0.3586442530243902
10600000	10649999	0.5423045856829268	0.18772955917560974	0.3545750265073171
10650000	10699999	0.5578107073170732	0.18772955917560974	0.3700811481414634
10700000	10749999	0.5345859788756098	0.18772955917560974	0.34685641970000003
10750000	10799999	0.5465196964975609	0.18772955917560974	0.3587901373219512
10800000	10849999	0.5703057537658537	0.18772955917560974	0.38257619459024395
10850000	10899999	0.5334805277926828	0.18772955917560974	0.3457509686170731
10900000	10949999	0.5401653710560976	0.18772955917560974	0.3524358118804879
10950000	10999999	0.5627324581268293	0.18772955917560974	0.3750028989512195
11000000	11049999	0.5825860589609757	0.18772955917560974	0.39485649978536597
11050000	11099999	0.6022129887000001	0.18772955917560974	0.4144834295243903
11100000	11149999	0.6069863879	0.18772955917560974	0.4192568287243903
11150000	11199999	0.6192389726902439	0.18772955917560974	0.4315094135146341
11200000	11249999	0.6359904851146342	0.18772955917560974	0.44826092593902445
11250000	11299999	0.6584988188731707	0.18772955917560974	0.470769259697561
11300000	11349999	0.6584988188731707	0.18772955917560974	0.470769259697561
11350000	11399999	0.6584988188731707	0.18772955917560974	0.470769259697561
11400000	11449999	0.6789363769853658	0.18772955917560974	0.49120681780975606
11450000	11499999	0.6219487577073171	0.18772955917560974	0.4342191985317073
11500000	11549999	0.5729167736365854	0.18772955917560974	0.3851872144609757
11550000	11599999	0.514703482695122	0.18772955917560974	0.32697392351951227
11600000	11649999	0.43842967143170736	0.18772955917560974	0.2507001122560976
11650000	11699999	0.4020720342609756	0.18772955917560974	0.21434247508536586
11700000	11749999	0.4231861488097561	0.18772955917560974	0.23545658963414634
11750000	11799999	0.3769708705951219	0.18772955917560974	0.18924131141951217
11800000	11849999	0.3743660696219512	0.18772955917560974	0.18663651044634144
11850000	11899999	0.3867374866756097	0.18772955917560974	0.19900792749999996
11900000	11949999	0.3834773380756098	0.18772955917560974	0.19574777890000006
11950000	11999999	0.3616748065731707	0.18772955917560974	0.17394524739756095
12000000	12049999	0.3590328292	0.18772955917560974	0.17130327002439028
12050000	12099999	0.3130211324121951	0.18772955917560974	0.12529157323658535
12100000	12149999	0.24824904671463413	0.18772955917560974	0.06051948753902439
12150000	12199999	0.24606431826585365	0.18772955917560974	0.05833475909024391
12200000	12249999	0.18772955917560974	0.18772955917560974	0.0
12250000	12299999	0.18772955917560974	0.18772955917560974	0.0
12300000	12349999	0.18772955917560974	0.18772955917560974	0.0
12350000	12399999	0.18772955917560974	0.18772955917560974	0.0
12400000	12449999	0.18772955917560974	0.18772955917560974	0.0
12450000	12499999	0.18772955917560974	0.18772955917560974	0.0
12500000	12549999	0.18772955917560974	0.18772955917560974	0.0
12550000	12599999	0.18772955917560974	0.18772955917560974	0.0
12600000	12649999	0.18772955917560974	0.18772955917560974	0.0
12650000	12699999	0.18772955917560974	0.18772955917560974	0.0
12700000	12749999	0.18772955917560974	0.18772955917560974	0.0
12750000	12799999	0.18772955917560974	0.18772955917560974	0.0
12800000	12849999	0.18772955917560974	0.18772955917560974	0.0
12850000	12899999	0.18772955917560974	0.18772955917560974	0.0
12900000	12949999	0.18772955917560974	0.18772955917560974	0.0
12950000	12999999	0.18772955917560974	0.18772955917560974	0.0
13000000	13049999	0.18772955917560974	0.18772955917560974	0.0
13050000	13099999	0.18772955917560974	0.18772955917560974	0.0
13100000	13149999	0.18772955917560974	0.18772955917560974	0.0
13150000	13199999	0.18772955917560974	0.18772955917560974	0.0
13200000	13249999	0.18772955917560974	0.18772955917560974	0.0
13250000	13299999	0.18772955917560974	0.18772955917560974	0.0
13300000	13349999	0.18665291656341462	0.18772955917560974	-0.0010766426121951167
13350000	13399999	0.21089183525609753	0.18772955917560974	0.023162276080487793
13400000	13449999	0.23224975863414632	0.18772955917560974	0.04452019945853658
13450000	13499999	0.23013635109999997	0.18772955917560974	0.04240679192439023
13500000	13549999	0.22878499722682927	0.18772955917560974	0.04105543805121953
13550000	13599999	0.22349108158780484	0.18772955917560974	0.0357615224121951
13600000	13649999	0.21851696477073168	0.18772955917560974	0.03078740559512194
13650000	13699999	0.2118112391609756	0.18772955917560974	0.024081679985365867
13700000	13749999	0.20481516485853657	0.18772955917560974	0.01708560568292683
13750000	13799999	0.19648050648780485	0.18772955917560974	0.008750947312195112
13800000	13849999	0.1885899857707317	0.18772955917560974	0.0008604265951219492
13850000	13899999	0.17992812157804877	0.18772955917560974	-0.007801437597560967
13900000	13949999	0.17051009990975607	0.18772955917560974	-0.017219459265853665
13950000	13999999	0.15165011007804877	0.18772955917560974	-0.03607944909756097
14000000	14049999	0.12898533690731706	0.18772955917560974	-0.05874422226829268
14050000	14099999	0.10464020446829266	0.18772955917560974	-0.08308935470731708
14100000	14149999	0.08046136468048777	0.18772955917560974	-0.10726819449512197
14150000	14199999	0.05777619442926826	0.18772955917560974	-0.12995336474634148
14200000	14249999	0.05956272183902439	0.18772955917560974	-0.12816683733658535
14250000	14299999	0.07331472683658533	0.18772955917560974	-0.11441483233902441
14300000	14349999	0.10471772165365852	0.18772955917560974	-0.08301183752195122
14350000	14399999	0.09817291612439022	0.18772955917560974	-0.08955664305121952
14400000	14449999	0.0867545631219512	0.18772955917560974	-0.10097499605365853
14450000	14499999	0.08192779468536583	0.18772955917560974	-0.10580176449024391
14500000	14549999	0.08530592398536584	0.18772955917560974	-0.1024236351902439
14550000	14599999	0.0889851448219512	0.18772955917560974	-0.09874441435365854
14600000	14649999	0.09968036985365852	0.18772955917560974	-0.08804918932195122
14650000	14699999	0.11954691372439023	0.18772955917560974	-0.0681826454512195
14700000	14749999	0.1377560768512195	0.18772955917560974	-0.04997348232439025
14750000	14799999	0.15624467409512194	0.18772955917560974	-0.0314848850804878
14800000	14849999	0.18173688979512193	0.18772955917560974	-0.005992669380487814
14850000	14899999	0.20904572626829268	0.18772955917560974	0.02131616709268294
14900000	14949999	0.2341110916731707	0.18772955917560974	0.04638153249756097
14950000	14999999	0.25544937434634146	0.18772955917560974	0.06771981517073172
15000000	15049999	0.27228013571707316	0.18772955917560974	0.08455057654146342
15050000	15099999	0.29593571921951217	0.18772955917560974	0.10820616004390243
15100000	15149999	0.3228472031195122	0.18772955917560974	0.13511764394390247
15150000	15199999	0.33581094851219506	0.18772955917560974	0.14808138933658532
15200000	15249999	0.34445527384634145	0.18772955917560974	0.1567257146707317
15250000	15299999	0.3533785856609756	0.18772955917560974	0.16564902648536584
15300000	15349999	0.3585362686390244	0.18772955917560974	0.17080670946341464
15350000	15399999	0.3840085232170732	0.18772955917560974	0.19627896404146344
15400000	15449999	0.3692342395414634	0.18772955917560974	0.18150468036585365
15450000	15499999	0.3570393583170731	0.18772955917560974	0.16930979914146338
15500000	15549999	0.3640652990902439	0.18772955917560974	0.17633573991463414
15550000	15599999	0.3633000404487805	0.18772955917560974	0.17557048127317076
15600000	15649999	0.37088935567560977	0.18772955917560974	0.18315979650000003
15650000	15699999	0.38074453037073175	0.18772955917560974	0.193014971195122
15700000	15749999	0.39240954358536584	0.18772955917560974	0.2046799844097561
15750000	15799999	0.40074180620731703	0.18772955917560974	0.2130122470317073
15800000	15849999	0.4151835487536585	0.18772955917560974	0.22745398957804874
15850000	15899999	0.4309784014317073	0.18772955917560974	0.24324884225609755
15900000	15949999	0.4401301748926829	0.18772955917560974	0.2524006157170732
15950000	15999999	0.4554967143317073	0.18772955917560974	0.26776715515609756
16000000	16049999	0.48131977414878047	0.18772955917560974	0.2935902149731707
16050000	16099999	0.5128621694926829	0.18772955917560974	0.3251326103170732
16100000	16149999	0.5435683841365854	0.18772955917560974	0.35583882496097563
16150000	16199999	0.582700472895122	0.18772955917560974	0.3949709137195122
16200000	16249999	0.6164010566073171	0.18772955917560974	0.4286714974317074
16250000	16299999	0.6202576754097561	0.18772955917560974	0.43252811623414633
16300000	16349999	0.6091187461585366	0.18772955917560974	0.4213891869829268
16350000	16399999	0.5748339151804878	0.18772955917560974	0.387104356004878
16400000	16449999	0.580229847687805	0.18772955917560974	0.3925002885121952
16450000	16499999	0.5940546627634147	0.18772955917560974	0.40632510358780494
16500000	16549999	0.5932852186853658	0.18772955917560974	0.40555565950975603
16550000	16599999	0.585337953997561	0.18772955917560974	0.3976083948219512
16600000	16649999	0.5797181899609756	0.18772955917560974	0.39198863078536583
16650000	16699999	0.5700400550365854	0.18772955917560974	0.38231049586097565
16700000	16749999	0.5494865042317073	0.18772955917560974	0.36175694505609757
16750000	16799999	0.5259602798926829	0.18772955917560974	0.33823072071707316
16800000	16849999	0.503349467807317	0.18772955917560974	0.3156199086317073
16850000	16899999	0.4755806466707317	0.18772955917560974	0.28785108749512195
16900000	16949999	0.44644251895609754	0.18772955917560974	0.2587129597804878
16950000	16999999	0.41703304500243904	0.18772955917560974	0.2293034858268293
17000000	17049999	0.3918825286195122	0.18772955917560974	0.2041529694439025
17050000	17099999	0.3708602130560975	0.18772955917560974	0.18313065388048777
17100000	17149999	0.3422046543609756	0.18772955917560974	0.15447509518536584
17150000	17199999	0.3136576616902439	0.18772955917560974	0.12592810251463415
17200000	17249999	0.3044733761658536	0.18772955917560974	0.11674381699024389
17250000	17299999	0.2901673201146341	0.18772955917560974	0.10243776093902435
17300000	17349999	0.27543511266585363	0.18772955917560974	0.08770555349024389
17350000	17399999	0.26821241706585364	0.18772955917560974	0.0804828578902439
17400000	17449999	0.23723932433414632	0.18772955917560974	0.049509765158536584
17450000	17499999	0.21727724150731706	0.18772955917560974	0.02954768233170732
17500000	17549999	0.20324711495853656	0.18772955917560974	0.015517555782926823
17550000	17599999	0.19440974409999998	0.18772955917560974	0.006680184924390237
17600000	17649999	0.19259450682682924	0.18772955917560974	0.004864947651219503
17650000	17699999	0.1809207364609756	0.18772955917560974	-0.0068088227146341496
17700000	17749999	0.16824198380975608	0.18772955917560974	-0.01948757536585366
17750000	17799999	0.1561817178731707	0.18772955917560974	-0.03154784130243904
17800000	17849999	0.1476887877512195	0.18772955917560974	-0.04004077142439025
17850000	17899999	0.13642711862926826	0.18772955917560974	-0.05130244054634148
17900000	17949999	0.1263174322219512	0.18772955917560974	-0.06141212695365855
17950000	17999999	0.12745896948048777	0.18772955917560974	-0.06027058969512197
18000000	18049999	0.11731840634878045	0.18772955917560974	-0.07041115282682929
18050000	18099999	0.1038626006512195	0.18772955917560974	-0.08386695852439024
18100000	18149999	0.09129076202682924	0.18772955917560974	-0.0964387971487805
18150000	18199999	0.08818125756585364	0.18772955917560974	-0.0995483016097561
18200000	18249999	0.0741493521804878	0.18772955917560974	-0.11358020699512195
18250000	18299999	0.056018497982926824	0.18772955917560974	-0.13171106119268292
18300000	18349999	0.04457867670243901	0.18772955917560974	-0.14315088247317073
18350000	18399999	0.03560771349512193	0.18772955917560974	-0.1521218456804878
18400000	18449999	0.03854897383658534	0.18772955917560974	-0.1491805853390244
18450000	18499999	0.03508874495609754	0.18772955917560974	-0.1526408142195122
18500000	18549999	0.028301440748780465	0.18772955917560974	-0.15942811842682927
18550000	18599999	0.02947039188048778	0.18772955917560974	-0.15825916729512196
18600000	18649999	0.0332976776634146	0.18772955917560974	-0.15443188151219514
18650000	18699999	0.04075083688780484	0.18772955917560974	-0.1469787222878049
18700000	18749999	0.042279477468292664	0.18772955917560974	-0.14545008170731707
18750000	18799999	0.04149334736585364	0.18772955917560974	-0.1462362118097561
18800000	18849999	0.04121978421707315	0.18772955917560974	-0.1465097749585366
18850000	18899999	0.04479745426585363	0.18772955917560974	-0.1429321049097561
18900000	18949999	0.048668305485365854	0.18772955917560974	-0.13906125369024389
18950000	18999999	0.058094820756097565	0.18772955917560974	-0.12963473841951217
19000000	19049999	0.06969948871707315	0.18772955917560974	-0.11803007045853658
19050000	19099999	0.07579508162195121	0.18772955917560974	-0.11193447755365853
19100000	19149999	0.07745685311707316	0.18772955917560974	-0.11027270605853658
19150000	19199999	0.08084530433170731	0.18772955917560974	-0.10688425484390243
19200000	19249999	0.0791094507707317	0.18772955917560974	-0.10862010840487804
19250000	19299999	0.07570283926585364	0.18772955917560974	-0.1120267199097561
19300000	19349999	0.08119480451951218	0.18772955917560974	-0.10653475465609756
19350000	19399999	0.08610412329756097	0.18772955917560974	-0.10162543587804877
19400000	19449999	0.08559520777560975	0.18772955917560974	-0.10213435139999999
19450000	19499999	0.0896179291219512	0.18772955917560974	-0.09811163005365854
19500000	19549999	0.09882946123902438	0.18772955917560974	-0.08890009793658536
19550000	19599999	0.10517453895121949	0.18772955917560974	-0.08255502022439025
19600000	19649999	0.1139668378414634	0.18772955917560974	-0.07376272133414634
19650000	19699999	0.11789348826829267	0.18772955917560974	-0.06983607090731707
19700000	19749999	0.12869747199999998	0.18772955917560974	-0.05903208717560976
19750000	19799999	0.13884233269756097	0.18772955917560974	-0.04888722647804877
19800000	19849999	0.14770076425853657	0.18772955917560974	-0.040028794917073174
19850000	19899999	0.1529994457414634	0.18772955917560974	-0.03473011343414634
19900000	19949999	0.1629406827292683	0.18772955917560974	-0.02478887644634145
19950000	19999999	0.17154540596097562	0.18772955917560974	-0.016184153214634123
20000000	20049999	0.17213968809756097	0.18772955917560974	-0.015589871078048767
20050000	20099999	0.17968647858536585	0.18772955917560974	-0.00804308059024389
20100000	20149999	0.1866216429390244	0.18772955917560974	-0.001107916236585349
20150000	20199999	0.19388915484390243	0.18772955917560974	0.006159595668292689
20200000	20249999	0.19826600485853657	0.18772955917560974	0.010536445682926832
20250000	20299999	0.20400032534634147	0.18772955917560974	0.016270766170731726
20300000	20349999	0.21342916945609755	0.18772955917560974	0.02569961028048781
20350000	20399999	0.2282562740707317	0.18772955917560974	0.04052671489512197
20400000	20449999	0.23517813275121952	0.18772955917560974	0.047448573575609776
20450000	20499999	0.2420574343512195	0.18772955917560974	0.054327875175609774
20500000	20549999	0.24974031243414632	0.18772955917560974	0.06201075325853658
20550000	20599999	0.2601309079390244	0.18772955917560974	0.07240134876341464
20600000	20649999	0.2769067720097561	0.18772955917560974	0.08917721283414637
20650000	20699999	0.2908957972804878	0.18772955917560974	0.10316623810487807
20700000	20749999	0.29592317813902436	0.18772955917560974	0.10819361896341462
20750000	20799999	0.29853145044146345	0.18772955917560974	0.11080189126585371
20800000	20849999	0.3068800234195122	0.18772955917560974	0.11915046424390247
20850000	20899999	0.3134937666292683	0.18772955917560974	0.12576420745365857
20900000	20949999	0.3220357861195122	0.18772955917560974	0.13430622694390248
20950000	20999999	0.32472977078780485	0.18772955917560974	0.1370002116121951
21000000	21049999	0.32230110195609757	0.18772955917560974	0.13457154278048783
21050000	21099999	0.31808275094878047	0.18772955917560974	0.13035319177317073
21100000	21149999	0.3196173870097561	0.18772955917560974	0.13188782783414638
21150000	21199999	0.3237426335780488	0.18772955917560974	0.13601307440243904
21200000	21249999	0.3276066059365854	0.18772955917560974	0.13987704676097568
21250000	21299999	0.33278189800731706	0.18772955917560974	0.14505233883170732
21300000	21349999	0.33821982438780485	0.18772955917560974	0.1504902652121951
21350000	21399999	0.341640147	0.18772955917560974	0.15391058782439027
21400000	21449999	0.35184436502682925	0.18772955917560974	0.16411480585121951
21450000	21499999	0.3644167650292683	0.18772955917560974	0.17668720585365855
21500000	21549999	0.3888082872341463	0.18772955917560974	0.20107872805853655
21550000	21599999	0.41403294770243904	0.18772955917560974	0.2263033885268293
21600000	21649999	0.4217138606560975	0.18772955917560974	0.23398430148048777
21650000	21699999	0.43456872731951224	0.18772955917560974	0.2468391681439025
21700000	21749999	0.4506105329073171	0.18772955917560974	0.2628809737317074
21750000	21799999	0.4625277896658536	0.18772955917560974	0.2747982304902439
21800000	21849999	0.47316165058292686	0.18772955917560974	0.2854320914073171
21850000	21899999	0.48052327179512194	0.18772955917560974	0.2927937126195122
21900000	21949999	0.4899555569219512	0.18772955917560974	0.30222599774634146
21950000	21999999	0.48977998981951215	0.18772955917560974	0.3020504306439024
22000000	22049999	0.4812712591	0.18772955917560974	0.2935416999243903
22050000	22099999	0.48076307839512195	0.18772955917560974	0.2930335192195122
22100000	22149999	0.47825891503414636	0.18772955917560974	0.2905293558585366
22150000	22199999	0.47839618497073166	0.18772955917560974	0.2906666257951219
22200000	22249999	0.4766054897439024	0.18772955917560974	0.28887593056829264
22250000	22299999	0.4678032772682926	0.18772955917560974	0.2800737180926829
22300000	22349999	0.4678919054219512	0.18772955917560974	0.28016234624634145
22350000	22399999	0.4692952118219512	0.18772955917560974	0.2815656526463415
22400000	22449999	0.46527628479512195	0.18772955917560974	0.2775467256195122
22450000	22499999	0.4735729782146342	0.18772955917560974	0.28584341903902444
22500000	22549999	0.4871567839926829	0.18772955917560974	0.2994272248170732
22550000	22599999	0.4979390925268293	0.18772955917560974	0.31020953335121954
22600000	22649999	0.502060231097561	0.18772955917560974	0.3143306719219513
22650000	22699999	0.5008003807243901	0.18772955917560974	0.3130708215487804
22700000	22749999	0.49272205407560976	0.18772955917560974	0.3049924949
22750000	22799999	0.4872876396195122	0.18772955917560974	0.2995580804439025
22800000	22849999	0.4886411739097561	0.18772955917560974	0.30091161473414635
22850000	22899999	0.4819967442682927	0.18772955917560974	0.29426718509268296
22900000	22949999	0.4783978633097561	0.18772955917560974	0.29066830413414635
22950000	22999999	0.47002597049756095	0.18772955917560974	0.2822964113219512
23000000	23049999	0.46578975208292683	0.18772955917560974	0.2780601929073171
23050000	23099999	0.4587834354902439	0.18772955917560974	0.2710538763146342
23100000	23149999	0.4581047710853659	0.18772955917560974	0.27037521190975616
23150000	23199999	0.45323111569024394	0.18772955917560974	0.2655015565146342
23200000	23249999	0.44987089760487803	0.18772955917560974	0.2621413384292683
23250000	23299999	0.44237211435365853	0.18772955917560974	0.2546425551780488
23300000	23349999	0.4361364605487805	0.18772955917560974	0.24840690137317079
23350000	23399999	0.4258340720365854	0.18772955917560974	0.23810451286097567
23400000	23449999	0.4214131871658537	0.18772955917560974	0.23368362799024395
23450000	23499999	0.4091481910414634	0.18772955917560974	0.22141863186585364
23500000	23549999	0.39538581574146336	0.18772955917560974	0.20765625656585363
23550000	23599999	0.3689356988951219	0.18772955917560974	0.18120613971951216
23600000	23649999	0.34349040054390245	0.18772955917560974	0.1557608413682927
23650000	23699999	0.331875709097561	0.18772955917560974	0.14414614992195124
23700000	23749999	0.3099250663634146	0.18772955917560974	0.12219550718780486
23750000	23799999	0.2936117049219512	0.18772955917560974	0.10588214574634147
23800000	23849999	0.2752615840170732	0.18772955917560974	0.08753202484146344
23850000	23899999	0.25894255504634145	0.18772955917560974	0.07121299587073171
23900000	23949999	0.24788321824146342	0.18772955917560974	0.06015365906585368
23950000	23999999	0.24302059506097562	0.18772955917560974	0.05529103588536588
24000000	24049999	0.23757785361707318	0.18772955917560974	0.04984829444146344
24050000	24099999	0.24185808074634146	0.18772955917560974	0.054128521570731725
24100000	24149999	0.24110924139268292	0.18772955917560974	0.05337968221707318
24150000	24199999	0.23835016958536587	0.18772955917560974	0.05062061040975613
24200000	24249999	0.2360311253902439	0.18772955917560974	0.04830156621463416
24250000	24299999	0.2366070260317073	0.18772955917560974	0.04887746685609756
24300000	24349999	0.23470164015609757	0.18772955917560974	0.04697208098048783
24350000	24399999	0.2244697107536585	0.18772955917560974	0.036740151578048774
24400000	24449999	0.21952859683658535	0.18772955917560974	0.03179903766097561
24450000	24499999	0.21347317902682925	0.18772955917560974	0.025743619851219507
24500000	24549999	0.21439053026585364	0.18772955917560974	0.0266609710902439
24550000	24599999	0.1978525244829268	0.18772955917560974	0.010122965307317072
24600000	24649999	0.1977889245731707	0.18772955917560974	0.010059365397560971
24650000	24699999	0.20649292239512193	0.18772955917560974	0.01876336321951219
24700000	24749999	0.20512805501707315	0.18772955917560974	0.017398495841463413
24750000	24799999	0.20418236831951217	0.18772955917560974	0.01645280914390243
24800000	24849999	0.2074912692219512	0.18772955917560974	0.019761710046341474
24850000	24899999	0.20273690228780486	0.18772955917560974	0.01500734311219512
24900000	24949999	0.20711233174634144	0.18772955917560974	0.019382772570731704
24950000	24999999	0.2171736473	0.18772955917560974	0.029444088124390255
25000000	25049999	0.21953305764634146	0.18772955917560974	0.03180349847073172
25050000	25099999	0.22626577581219512	0.18772955917560974	0.03853621663658538
25100000	25149999	0.2351064629195122	0.18772955917560974	0.047376903743902465
25150000	25199999	0.23871921435853657	0.18772955917560974	0.050989655182926835
25200000	25249999	0.2463495699512195	0.18772955917560974	0.05862001077560977
25250000	25299999	0.2532833832414634	0.18772955917560974	0.06555382406585364
25300000	25349999	0.26369980177804875	0.18772955917560974	0.07597024260243901
25350000	25399999	0.2697018631317073	0.18772955917560974	0.08197230395609756
25400000	25449999	0.27946135983902437	0.18772955917560974	0.09173180066341463
25450000	25499999	0.2809140894243902	0.18772955917560974	0.09318453024878048
25500000	25549999	0.2800579858707317	0.18772955917560974	0.09232842669512198
25550000	25599999	0.29168065667804877	0.18772955917560974	0.10395109750243903
25600000	25649999	0.3059627133512195	0.18772955917560974	0.11823315417560976
25650000	25699999	0.31251607714634144	0.18772955917560974	0.1247865179707317
25700000	25749999	0.31672053053414634	0.18772955917560974	0.1289909713585366
25750000	25799999	0.32238203176585367	0.18772955917560974	0.13465247259024393
25800000	25849999	0.32532084089756097	0.18772955917560974	0.13759128172195123
25850000	25899999	0.3364099588609756	0.18772955917560974	0.14868039968536584
25900000	25949999	0.3406634179902439	0.18772955917560974	0.15293385881463417
25950000	25999999	0.3516565745634146	0.18772955917560974	0.16392701538780485
26000000	26049999	0.35236002431707314	0.18772955917560974	0.1646304651414634
26050000	26099999	0.3617601562560976	0.18772955917560974	0.17403059708048785
26100000	26149999	0.3773532895658537	0.18772955917560974	0.18962373039024394
26150000	26199999	0.38162757519756096	0.18772955917560974	0.19389801602195122
26200000	26249999	0.38380649028048774	0.18772955917560974	0.196076931104878
26250000	26299999	0.3790924302	0.18772955917560974	0.19136287102439026
26300000	26349999	0.377049310207317	0.18772955917560974	0.18931975103170728
26350000	26399999	0.37795193051463416	0.18772955917560974	0.19022237133902442
26400000	26449999	0.3809800913634146	0.18772955917560974	0.19325053218780486
26450000	26499999	0.3862881804365853	0.18772955917560974	0.19855862126097557
26500000	26549999	0.3879385071487804	0.18772955917560974	0.20020894797317068
26550000	26599999	0.37315601365853657	0.18772955917560974	0.18542645448292683
26600000	26649999	0.3673316479756098	0.18772955917560974	0.17960208880000006
26650000	26699999	0.35062643353902434	0.18772955917560974	0.1628968743634146
26700000	26749999	0.33448776275609754	0.18772955917560974	0.1467582035804878
26750000	26799999	0.3205863378878049	0.18772955917560974	0.13285677871219514
26800000	26849999	0.31622299726341463	0.18772955917560974	0.1284934380878049
26850000	26899999	0.3117980410121951	0.18772955917560974	0.12406848183658536
26900000	26949999	0.3168251929780488	0.18772955917560974	0.12909563380243905
26950000	26999999	0.31546422451951217	0.18772955917560974	0.12773466534390243
27000000	27049999	0.3096401595121951	0.18772955917560974	0.12191060033658535
27050000	27099999	0.3089216089609756	0.18772955917560974	0.12119204978536585
27100000	27149999	0.29715939678048775	0.18772955917560974	0.10942983760487801
27150000	27199999	0.2905381163195122	0.18772955917560974	0.10280855714390247
27200000	27249999	0.27907252052682924	0.18772955917560974	0.0913429613512195
27250000	27299999	0.2751176588512195	0.18772955917560974	0.08738809967560979
27300000	27349999	0.26875565752682923	0.18772955917560974	0.08102609835121949
27350000	27399999	0.26326148367804875	0.18772955917560974	0.07553192450243901
27400000	27449999	0.26152554968780484	0.18772955917560974	0.0737959905121951
27450000	27499999	0.2590827014731707	0.18772955917560974	0.07135314229756096
27500000	27549999	0.2614315471073171	0.18772955917560974	0.07370198793170735
27550000	27599999	0.2720050227463414	0.18772955917560974	0.08427546357073168
27600000	27649999	0.2736524711804878	0.18772955917560974	0.08592291200487806
27650000	27699999	0.2666754142902439	0.18772955917560974	0.07894585511463414
27700000	27749999	0.2636128331878049	0.18772955917560974	0.07588327401219513
27750000	27799999	0.2628974821268293	0.18772955917560974	0.07516792295121955
27800000	27849999	0.26183206373658535	0.18772955917560974	0.07410250456097561
27850000	27899999	0.28356036926341466	0.18772955917560974	0.09583081008780492
27900000	27949999	0.2791329171512195	0.18772955917560974	0.09140335797560978
27950000	27999999	0.28045746498292684	0.18772955917560974	0.0927279058073171
28000000	28049999	0.2763682711926829	0.18772955917560974	0.08863871201707318
28050000	28099999	0.2735826213512195	0.18772955917560974	0.08585306217560978
28100000	28149999	0.2668113637804878	0.18772955917560974	0.07908180460487807
28150000	28199999	0.2491918445195122	0.18772955917560974	0.06146228534390247
28200000	28249999	0.2535792535707317	0.18772955917560974	0.06584969439512195
28250000	28299999	0.265046644997561	0.18772955917560974	0.07731708582195124
28300000	28349999	0.27901904163658536	0.18772955917560974	0.09128948246097562
28350000	28399999	0.2881381175780488	0.18772955917560974	0.10040855840243906
28400000	28449999	0.29655721564390247	0.18772955917560974	0.10882765646829273
28450000	28499999	0.30495973670243903	0.18772955917560974	0.1172301775268293
28500000	28549999	0.2975322472121951	0.18772955917560974	0.10980268803658538
28550000	28599999	0.30138782232682926	0.18772955917560974	0.11365826315121952
28600000	28649999	0.31691323609512195	0.18772955917560974	0.1291836769195122
28650000	28699999	0.3216671438707317	0.18772955917560974	0.13393758469512196
28700000	28749999	0.33047856305121953	0.18772955917560974	0.1427490038756098
28750000	28799999	0.3304017542707317	0.18772955917560974	0.14267219509512197
28800000	28849999	0.34099354238048785	0.18772955917560974	0.1532639832048781
28850000	28899999	0.34542353070243903	0.18772955917560974	0.1576939715268293
28900000	28949999	0.3436478598487805	0.18772955917560974	0.15591830067317075
28950000	28999999	0.34108373381707313	0.18772955917560974	0.1533541746414634
29000000	29049999	0.339909504095122	0.18772955917560974	0.15217994491951226
29050000	29099999	0.34093644575365856	0.18772955917560974	0.15320688657804882
29100000	29149999	0.34634066442682926	0.18772955917560974	0.15861110525121952
29150000	29199999	0.3624203691804878	0.18772955917560974	0.17469081000487807
29200000	29249999	0.3740599104585366	0.18772955917560974	0.18633035128292685
29250000	29299999	0.39915547568780485	0.18772955917560974	0.2114259165121951
29300000	29349999	0.42879138389756094	0.18772955917560974	0.2410618247219512
29350000	29399999	0.4386421664219512	0.18772955917560974	0.25091260724634146
29400000	29449999	0.4603995586780487	0.18772955917560974	0.272669999502439
29450000	29499999	0.4759356640682927	0.18772955917560974	0.28820610489268295
29500000	29549999	0.4865892573268292	0.18772955917560974	0.2988596981512195
29550000	29599999	0.5011985646707318	0.18772955917560974	0.313469005495122
29600000	29649999	0.5103379436756097	0.18772955917560974	0.32260838449999996
29650000	29699999	0.5214105022829268	0.18772955917560974	0.3336809431073171
29700000	29749999	0.5347929951804877	0.18772955917560974	0.347063436004878
29750000	29799999	0.5407917972170732	0.18772955917560974	0.3530622380414634
29800000	29849999	0.5521170486195122	0.18772955917560974	0.3643874894439024
29850000	29899999	0.5600547182951219	0.18772955917560974	0.37232515911951214
29900000	29949999	0.560713767207317	0.18772955917560974	0.3729842080317073
29950000	29999999	0.5871301973682927	0.18772955917560974	0.399400638192683
30000000	30049999	0.6185691869146341	0.18772955917560974	0.4308396277390244
30050000	30099999	0.6422919912829269	0.18772955917560974	0.45456243210731717
30100000	30149999	0.657668843397561	0.18772955917560974	0.4699392842219513
30150000	30199999	0.6825383006219512	0.18772955917560974	0.49480874144634146
30200000	30249999	0.7110541694048781	0.18772955917560974	0.5233246102292683
30250000	30299999	0.7198800027707317	0.18772955917560974	0.532150443595122
30300000	30349999	0.7256522826243903	0.18772955917560974	0.5379227234487806
30350000	30399999	0.7313792868512194	0.18772955917560974	0.5436497276756097
30400000	30449999	0.7252719559682927	0.18772955917560974	0.537542396792683
30450000	30499999	0.725660695407317	0.18772955917560974	0.5379311362317073
30500000	30549999	0.7216550964268292	0.18772955917560974	0.5339255372512195
30550000	30599999	0.7295567598756099	0.18772955917560974	0.5418272007000001
30600000	30649999	0.7298270526195123	0.18772955917560974	0.5420974934439026
30650000	30699999	0.7285214265512195	0.18772955917560974	0.5407918673756098
30700000	30749999	0.7271507805463414	0.18772955917560974	0.5394212213707317
30750000	30799999	0.7256132678902439	0.18772955917560974	0.5378837087146342
30800000	30849999	0.7323220679341464	0.18772955917560974	0.5445925087585367
30850000	30899999	0.7329814964707319	0.18772955917560974	0.5452519372951221
30900000	30949999	0.7324475583463416	0.18772955917560974	0.5447179991707318
30950000	30999999	0.7354619771024391	0.18772955917560974	0.5477324179268294
31000000	31049999	0.7334943787243903	0.18772955917560974	0.5457648195487805
31050000	31099999	0.7327869114951221	0.18772955917560974	0.5450573523195124
31100000	31149999	0.7344717677853658	0.18772955917560974	0.5467422086097561
31150000	31199999	0.7305170516780489	0.18772955917560974	0.5427874925024392
31200000	31249999	0.7166680627560976	0.18772955917560974	0.5289385035804879
31250000	31299999	0.7088178944585367	0.18772955917560974	0.521088335282927
31300000	31349999	0.6855415763	0.18772955917560974	0.49781201712439027
31350000	31399999	0.6496315623780489	0.18772955917560974	0.4619020032024391
31400000	31449999	0.6384427932195123	0.18772955917560974	0.4507132340439025
31450000	31499999	0.616791478007317	0.18772955917560974	0.4290619188317073
31500000	31549999	0.6047327059463415	0.18772955917560974	0.4170031467707318
31550000	31599999	0.5946184376804877	0.18772955917560974	0.406888878504878
31600000	31649999	0.5786915753536586	0.18772955917560974	0.3909620161780488
31650000	31699999	0.5616136421512196	0.18772955917560974	0.3738840829756098
31700000	31749999	0.5378612909878049	0.18772955917560974	0.35013173181219515
31750000	31799999	0.5218555262731708	0.18772955917560974	0.33412596709756104
31800000	31849999	0.5167462667390244	0.18772955917560974	0.3290167075634146
31850000	31899999	0.5057064364487804	0.18772955917560974	0.3179768772731707
31900000	31949999	0.4960368188	0.18772955917560974	0.30830725962439026
31950000	31999999	0.47565672047804874	0.18772955917560974	0.287927161302439
32000000	32049999	0.4527628867804878	0.18772955917560974	0.2650333276048781
32050000	32099999	0.4444627400804878	0.18772955917560974	0.25673318090487807
32100000	32149999	0.42623020059512196	0.18772955917560974	0.23850064141951222
32150000	32199999	0.4125340121292683	0.18772955917560974	0.22480445295365858
32200000	32249999	0.38953605452195117	0.18772955917560974	0.20180649534634143
32250000	32299999	0.3624718442	0.18772955917560974	0.17474228502439026
32300000	32349999	0.34600210381463414	0.18772955917560974	0.1582725446390244
32350000	32399999	0.3333295137512195	0.18772955917560974	0.14559995457560976
32400000	32449999	0.32409828799756096	0.18772955917560974	0.13636872882195122
32450000	32499999	0.3298578561975609	0.18772955917560974	0.14212829702195118
32500000	32549999	0.3305769998487804	0.18772955917560974	0.14284744067317068
32550000	32599999	0.33029266242439026	0.18772955917560974	0.14256310324878052
32600000	32649999	0.33145983044146343	0.18772955917560974	0.1437302712658537
32650000	32699999	0.33409739733414634	0.18772955917560974	0.1463678381585366
32700000	32749999	0.33183344700487805	0.18772955917560974	0.1441038878292683
32750000	32799999	0.33925641624390246	0.18772955917560974	0.15152685706829272
32800000	32849999	0.3401930878804878	0.18772955917560974	0.15246352870487806
32850000	32899999	0.3378968913268292	0.18772955917560974	0.15016733215121947
32900000	32949999	0.33707115847560976	0.18772955917560974	0.14934159930000002
32950000	32999999	0.3445772989390244	0.18772955917560974	0.15684773976341465
33000000	33049999	0.3646215372634146	0.18772955917560974	0.17689197808780488
33050000	33099999	0.39485529164146344	0.18772955917560974	0.2071257324658537
33100000	33149999	0.4113022979414634	0.18772955917560974	0.22357273876585365
33150000	33199999	0.4178168201512195	0.18772955917560974	0.23008726097560978
33200000	33249999	0.423233660202439	0.18772955917560974	0.23550410102682928
33250000	33299999	0.4377928821560976	0.18772955917560974	0.25006332298048783
33300000	33349999	0.4382749594853658	0.18772955917560974	0.2505454003097561
33350000	33399999	0.4428929993560975	0.18772955917560974	0.25516344018048775
33400000	33449999	0.4485726933097561	0.18772955917560974	0.26084313413414634
33450000	33499999	0.4575540234951219	0.18772955917560974	0.2698244643195122
33500000	33549999	0.46321507485609753	0.18772955917560974	0.2754855156804878
33550000	33599999	0.47884449188536576	0.18772955917560974	0.291114932709756
33600000	33649999	0.4865444560268292	0.18772955917560974	0.2988148968512195
33650000	33699999	0.49959347273414634	0.18772955917560974	0.3118639135585366
33700000	33749999	0.515139419604878	0.18772955917560974	0.32740986042926823
33750000	33799999	0.529647560407317	0.18772955917560974	0.34191800123170724
33800000	33849999	0.5440259734365853	0.18772955917560974	0.3562964142609756
33850000	33899999	0.5540191187975609	0.18772955917560974	0.3662895596219512
33900000	33949999	0.5757450445390244	0.18772955917560974	0.3880154853634147
33950000	33999999	0.5903224973609755	0.18772955917560974	0.4025929381853658
34000000	34049999	0.5995833819829268	0.18772955917560974	0.4118538228073171
34050000	34099999	0.6178193699926829	0.18772955917560974	0.4300898108170732
34100000	34149999	0.614552574602439	0.18772955917560974	0.4268230154268292
34150000	34199999	0.6255272361512194	0.18772955917560974	0.4377976769756097
34200000	34249999	0.6313362287536584	0.18772955917560974	0.4436066695780486
34250000	34299999	0.6415596810073171	0.18772955917560974	0.45383012183170734
34300000	34349999	0.6535071055341464	0.18772955917560974	0.46577754635853663
34350000	34399999	0.6653293472243902	0.18772955917560974	0.47759978804878045
34400000	34449999	0.6735771135780487	0.18772955917560974	0.485847554402439
34450000	34499999	0.7037423313560975	0.18772955917560974	0.5160127721804878
34500000	34549999	0.6986357403975609	0.18772955917560974	0.5109061812219512
34550000	34599999	0.7051607509097562	0.18772955917560974	0.5174311917341464
34600000	34649999	0.7138587077463414	0.18772955917560974	0.5261291485707317
34650000	34699999	0.719532249085366	0.18772955917560974	0.5318026899097562
34700000	34749999	0.7240498349170732	0.18772955917560974	0.5363202757414635
34750000	34799999	0.7265108338365854	0.18772955917560974	0.5387812746609757
34800000	34849999	0.7281670367829268	0.18772955917560974	0.5404374776073171
34850000	34899999	0.7308373198268293	0.18772955917560974	0.5431077606512196
34900000	34949999	0.735662407909756	0.18772955917560974	0.5479328487341463
34950000	34999999	0.7419309143268292	0.18772955917560974	0.5542013551512195
35000000	35049999	0.7415207641902439	0.18772955917560974	0.5537912050146342
35050000	35099999	0.724531785285366	0.18772955917560974	0.5368022261097563
35100000	35149999	0.7070185211024389	0.18772955917560974	0.5192889619268292
35150000	35199999	0.7033369739268293	0.18772955917560974	0.5156074147512195
35200000	35249999	0.7032648620707317	0.18772955917560974	0.515535302895122
35250000	35299999	0.7176414452634147	0.18772955917560974	0.5299118860878049
35300000	35349999	0.7316089125804878	0.18772955917560974	0.543879353404878
35350000	35399999	0.750252274602439	0.18772955917560974	0.5625227154268293
35400000	35449999	0.7669917176243902	0.18772955917560974	0.5792621584487805
35450000	35499999	0.7911635755731706	0.18772955917560974	0.6034340163975609
35500000	35549999	0.8033793801292684	0.18772955917560974	0.6156498209536586
35550000	35599999	0.8168490161390245	0.18772955917560974	0.6291194569634148
35600000	35649999	0.8224184220048781	0.18772955917560974	0.6346888628292684
35650000	35699999	0.8287925148682926	0.18772955917560974	0.6410629556926829
35700000	35749999	0.8451947645121951	0.18772955917560974	0.6574652053365854
35750000	35799999	0.856502998002439	0.18772955917560974	0.6687734388268293
35800000	35849999	0.863882665195122	0.18772955917560974	0.6761531060195123
35850000	35899999	0.8609325493390244	0.18772955917560974	0.6732029901634147
35900000	35949999	0.8656307068341463	0.18772955917560974	0.6779011476585366
35950000	35999999	0.8636457321512195	0.18772955917560974	0.6759161729756098
36000000	36049999	0.8575819706414635	0.18772955917560974	0.6698524114658537
36050000	36099999	0.8527446023268292	0.18772955917560974	0.6650150431512195
36100000	36149999	0.8356221101756097	0.18772955917560974	0.647892551
36150000	36199999	0.8228083834999999	0.18772955917560974	0.6350788243243901
36200000	36249999	0.8086212790804879	0.18772955917560974	0.6208917199048781
36250000	36299999	0.8117649909853658	0.18772955917560974	0.6240354318097561
36300000	36349999	0.8102959467609756	0.18772955917560974	0.6225663875853659
36350000	36399999	0.8049413457219512	0.18772955917560974	0.6172117865463415
36400000	36449999	0.7985866078609756	0.18772955917560974	0.6108570486853658
36450000	36499999	0.8018788742	0.18772955917560974	0.6141493150243903
36500000	36549999	0.7797399925853659	0.18772955917560974	0.5920104334097561
36550000	36599999	0.7863230223121951	0.18772955917560974	0.5985934631365853
36600000	36649999	0.7819039332707317	0.18772955917560974	0.594174374095122
36650000	36699999	0.781987102512195	0.18772955917560974	0.5942575433365853
36700000	36749999	0.783645325504878	0.18772955917560974	0.5959157663292682
36750000	36799999	0.7784061485292684	0.18772955917560974	0.5906765893536586
36800000	36849999	0.7773816987731706	0.18772955917560974	0.5896521395975609
36850000	36899999	0.776598680804878	0.18772955917560974	0.5888691216292683
36900000	36949999	0.7737120037756098	0.18772955917560974	0.5859824446
36950000	36999999	0.7649893369219513	0.18772955917560974	0.5772597777463415
37000000	37049999	0.7600870551707317	0.18772955917560974	0.572357495995122
37050000	37099999	0.7521469279878049	0.18772955917560974	0.5644173688121952
37100000	37149999	0.7494562652829269	0.18772955917560974	0.5617267061073171
37150000	37199999	0.7464636631170731	0.18772955917560974	0.5587341039414634
37200000	37249999	0.7445111845902439	0.18772955917560974	0.5567816254146342
37250000	37299999	0.7457417011658536	0.18772955917560974	0.5580121419902438
37300000	37349999	0.7351559606317073	0.18772955917560974	0.5474264014560976
37350000	37399999	0.7170196471170731	0.18772955917560974	0.5292900879414634
37400000	37449999	0.7022497358585366	0.18772955917560974	0.5145201766829268
37450000	37499999	0.7111680520073171	0.18772955917560974	0.5234384928317074
37500000	37549999	0.7145618580756097	0.18772955917560974	0.5268322988999999
37550000	37599999	0.7069744588487805	0.18772955917560974	0.5192448996731708
37600000	37649999	0.7022320159658536	0.18772955917560974	0.5145024567902439
37650000	37699999	0.6940270575365853	0.18772955917560974	0.5062974983609756
37700000	37749999	0.6927771508999999	0.18772955917560974	0.5050475917243902
37750000	37799999	0.6860064257146341	0.18772955917560974	0.49827686653902437
37800000	37849999	0.7003026719170732	0.18772955917560974	0.5125731127414634
37850000	37899999	0.7032689599585366	0.18772955917560974	0.5155394007829268
37900000	37949999	0.7026433480121951	0.18772955917560974	0.5149137888365853
37950000	37999999	0.6952373828682926	0.18772955917560974	0.5075078236926829
38000000	38049999	0.6854793193756097	0.18772955917560974	0.49774976019999995
38050000	38099999	0.688843214002439	0.18772955917560974	0.5011136548268292
38100000	38149999	0.6801454609024391	0.18772955917560974	0.49241590172682936
38150000	38199999	0.6813013315707317	0.18772955917560974	0.49357177239512195
38200000	38249999	0.6773622883707316	0.18772955917560974	0.4896327291951219
38250000	38299999	0.6760764793804876	0.18772955917560974	0.4883469202048779
38300000	38349999	0.6730960236878049	0.18772955917560974	0.4853664645121951
38350000	38399999	0.6677893190195122	0.18772955917560974	0.4800597598439025
38400000	38449999	0.6738785475878049	0.18772955917560974	0.4861489884121951
38450000	38499999	0.689173261290244	0.18772955917560974	0.5014437021146343
38500000	38549999	0.6894911158390244	0.18772955917560974	0.5017615566634147
38550000	38599999	0.6825786412365855	0.18772955917560974	0.4948490820609758
38600000	38649999	0.6851793882707318	0.18772955917560974	0.49744982909512203
38650000	38699999	0.6835564314853659	0.18772955917560974	0.4958268723097562
38700000	38749999	0.6794504219682926	0.18772955917560974	0.4917208627926829
38750000	38799999	0.6766625241756098	0.18772955917560974	0.48893296500000005
38800000	38849999	0.6751004568926828	0.18772955917560974	0.4873708977170731
38850000	38899999	0.6798073105853659	0.18772955917560974	0.4920777514097562
38900000	38949999	0.6755534447585365	0.18772955917560974	0.4878238855829268
38950000	38999999	0.6734967756341463	0.18772955917560974	0.4857672164585366
39000000	39049999	0.6742190961487804	0.18772955917560974	0.48648953697317066
39050000	39099999	0.6739019530341464	0.18772955917560974	0.4861723938585366
39100000	39149999	0.6791177249609756	0.18772955917560974	0.4913881657853658
39150000	39199999	0.6839770319853659	0.18772955917560974	0.4962474728097561
39200000	39249999	0.6851543179829268	0.18772955917560974	0.49742475880731707
39250000	39299999	0.6882858363	0.18772955917560974	0.5005562771243902
39300000	39349999	0.6817955715804879	0.18772955917560974	0.49406601240487813
39350000	39399999	0.6712284785975609	0.18772955917560974	0.4834989194219511
39400000	39449999	0.6688608064121951	0.18772955917560974	0.4811312472365854
39450000	39499999	0.6675474366097561	0.18772955917560974	0.4798178774341464
39500000	39549999	0.6519179413341463	0.18772955917560974	0.4641883821585365
39550000	39599999	0.6569883004341464	0.18772955917560974	0.4692587412585366
39600000	39649999	0.6724315938341464	0.18772955917560974	0.4847020346585367
39650000	39699999	0.6729827145243903	0.18772955917560974	0.48525315534878055
39700000	39749999	0.6753088624170731	0.18772955917560974	0.48757930324146337
39750000	39799999	0.673665484092683	0.18772955917560974	0.48593592491707327
39800000	39849999	0.6742975606292683	0.18772955917560974	0.4865680014536585
39850000	39899999	0.6446144060878048	0.18772955917560974	0.4568848469121951
39900000	39949999	0.625547502797561	0.18772955917560974	0.43781794362195126
39950000	39999999	0.6220030018292682	0.18772955917560974	0.4342734426536584
40000000	40049999	0.6153791394756097	0.18772955917560974	0.4276495803
40050000	40099999	0.6074161130853659	0.18772955917560974	0.4196865539097562
40100000	40149999	0.5960629102926829	0.18772955917560974	0.40833335111707314
40150000	40199999	0.5943487926878048	0.18772955917560974	0.4066192335121951
40200000	40249999	0.5868440051073172	0.18772955917560974	0.3991144459317074
40250000	40299999	0.5808663353780488	0.18772955917560974	0.39313677620243903
40300000	40349999	0.5707003922268292	0.18772955917560974	0.3829708330512195
40350000	40399999	0.5550815101390244	0.18772955917560974	0.36735195096341466
40400000	40449999	0.5389197355341464	0.18772955917560974	0.35119017635853667
40450000	40499999	0.5180287781463415	0.18772955917560974	0.3302992189707318
40500000	40549999	0.4887263705146342	0.18772955917560974	0.30099681133902445
40550000	40599999	0.46455318485121955	0.18772955917560974	0.2768236256756098
40600000	40649999	0.45312535596097564	0.18772955917560974	0.2653957967853659
40650000	40699999	0.4351622718780488	0.18772955917560974	0.24743271270243905
40700000	40749999	0.42712713660975615	0.18772955917560974	0.2393975774341464
40750000	40799999	0.41575964285853656	0.18772955917560974	0.22803008368292682
40800000	40849999	0.4025178190170732	0.18772955917560974	0.21478825984146344
40850000	40899999	0.3934605651804878	0.18772955917560974	0.20573100600487804
40900000	40949999	0.37491472693170735	0.18772955917560974	0.18718516775609761
40950000	40999999	0.3635298938634146	0.18772955917560974	0.17580033468780487
41000000	41049999	0.35126752758048785	0.18772955917560974	0.1635379684048781
41050000	41099999	0.3417618127707317	0.18772955917560974	0.15403225359512196
41100000	41149999	0.32991516151219513	0.18772955917560974	0.1421856023365854
41150000	41199999	0.31426880797560974	0.18772955917560974	0.1265392488
41200000	41249999	0.29853199172439027	0.18772955917560974	0.11080243254878053
41250000	41299999	0.2767185468341463	0.18772955917560974	0.08898898765853658
41300000	41349999	0.25374279347317075	0.18772955917560974	0.06601323429756101
41350000	41399999	0.24743676048292684	0.18772955917560974	0.059707201307317104
41400000	41449999	0.24113836975609756	0.18772955917560974	0.053408810580487825
41450000	41499999	0.2337633730414634	0.18772955917560974	0.04603381386585367
41500000	41549999	0.22570993718536586	0.18772955917560974	0.03798037800975612
41550000	41599999	0.2116677411512195	0.18772955917560974	0.023938181975609762
41600000	41649999	0.17444806074634145	0.18772955917560974	-0.01328149842926829
41650000	41699999	0.14502896722439024	0.18772955917560974	-0.0427005919512195
41700000	41749999	0.12703600356829267	0.18772955917560974	-0.06069355560731707
41750000	41799999	0.10863096477804876	0.18772955917560974	-0.07909859439756098
41800000	41849999	0.08937350853658536	0.18772955917560974	-0.09835605063902438
41850000	41899999	0.06326901669512194	0.18772955917560974	-0.1244605424804878
41900000	41949999	0.05110005785121949	0.18772955917560974	-0.13662950132439025
41950000	41999999	0.059763316878048756	0.18772955917560974	-0.12796624229756098
42000000	42049999	0.05396440835853658	0.18772955917560974	-0.13376515081707316
42050000	42099999	0.050227860746341446	0.18772955917560974	-0.1375016984292683
42100000	42149999	0.04299853839999998	0.18772955917560974	-0.14473102077560976
42150000	42199999	0.047351928270731675	0.18772955917560974	-0.14037763090487806
42200000	42249999	0.04912397622195119	0.18772955917560974	-0.13860558295365855
42250000	42299999	0.048736126002438984	0.18772955917560974	-0.13899343317317076
42300000	42349999	0.05506557237804874	0.18772955917560974	-0.132663986797561
42350000	42399999	0.06745245623658534	0.18772955917560974	-0.1202771029390244
42400000	42449999	0.0805626521439024	0.18772955917560974	-0.10716690703170734
42450000	42499999	0.09541713564634144	0.18772955917560974	-0.0923124235292683
42500000	42549999	0.10770167444634145	0.18772955917560974	-0.08002788472926829
42550000	42599999	0.11850332758536583	0.18772955917560974	-0.06922623159024391
42600000	42649999	0.12938294774878048	0.18772955917560974	-0.05834661142682926
42650000	42699999	0.14147055309512194	0.18772955917560974	-0.0462590060804878
42700000	42749999	0.1479829450609756	0.18772955917560974	-0.03974661411463415
42750000	42799999	0.1507953801926829	0.18772955917560974	-0.036934178982926835
42800000	42849999	0.16385960611951217	0.18772955917560974	-0.02386995305609757
42850000	42899999	0.17607706187804875	0.18772955917560974	-0.011652497297560988
42900000	42949999	0.19062422221707315	0.18772955917560974	0.002894663041463408
42950000	42999999	0.21014357491219512	0.18772955917560974	0.022414015736585385
43000000	43049999	0.2175207963219512	0.18772955917560974	0.029791237146341465
43050000	43099999	0.2334883791317073	0.18772955917560974	0.04575881995609757
43100000	43149999	0.24403664670731706	0.18772955917560974	0.05630708753170732
43150000	43199999	0.2524215234878049	0.18772955917560974	0.06469196431219515
43200000	43249999	0.2668793058707317	0.18772955917560974	0.07914974669512198
43250000	43299999	0.27373898917560974	0.18772955917560974	0.08600943
43300000	43349999	0.2941376781585366	0.18772955917560974	0.10640811898292685
43350000	43399999	0.3160582309804878	0.18772955917560974	0.12832867180487806
43400000	43449999	0.32436886574390245	0.18772955917560974	0.1366393065682927
43450000	43499999	0.33550976840731705	0.18772955917560974	0.14778020923170732
43500000	43549999	0.352031309095122	0.18772955917560974	0.16430174991951224
43550000	43599999	0.3546536123512195	0.18772955917560974	0.16692405317560977
43600000	43649999	0.40318444723414637	0.18772955917560974	0.21545488805853663
43650000	43699999	0.3820490448731708	0.18772955917560974	0.19431948569756108
43700000	43749999	0.3827677749829268	0.18772955917560974	0.19503821580731706
43750000	43799999	0.391326954802439	0.18772955917560974	0.20359739562682927
43800000	43849999	0.3897755114439025	0.18772955917560974	0.20204595226829275
43850000	43899999	0.3952369244658537	0.18772955917560974	0.20750736529024394
43900000	43949999	0.4015846486756097	0.18772955917560974	0.21385508949999998
43950000	43999999	0.40510397873170734	0.18772955917560974	0.2173744195560976
44000000	44049999	0.40042942865609754	0.18772955917560974	0.2126998694804878
44050000	44099999	0.41313377100243903	0.18772955917560974	0.2254042118268293
44100000	44149999	0.4251028853756098	0.18772955917560974	0.23737332620000007
44150000	44199999	0.4412040456902439	0.18772955917560974	0.25347448651463417
44200000	44249999	0.44574725907804885	0.18772955917560974	0.2580176999024391
44250000	44299999	0.45516464328048784	0.18772955917560974	0.2674350841048781
44300000	44349999	0.46461095740487807	0.18772955917560974	0.2768813982292683
44350000	44399999	0.4611488283487805	0.18772955917560974	0.2734192691731708
44400000	44449999	0.4610648704682927	0.18772955917560974	0.27333531129268296
44450000	44499999	0.46558751918536584	0.18772955917560974	0.2778579600097561
44500000	44549999	0.46493261923902435	0.18772955917560974	0.2772030600634146
44550000	44599999	0.4700634078707317	0.18772955917560974	0.28233384869512196
44600000	44649999	0.4742159299292683	0.18772955917560974	0.28648637075365857
44650000	44699999	0.48003426664634147	0.18772955917560974	0.29230470747073173
44700000	44749999	0.4821327125121952	0.18772955917560974	0.29440315333658545
44750000	44799999	0.487777135707317	0.18772955917560974	0.30004757653170727
44800000	44849999	0.4826757538878049	0.18772955917560974	0.2949461947121952
44850000	44899999	0.47210049530731707	0.18772955917560974	0.28437093613170733
44900000	44949999	0.46490030023170736	0.18772955917560974	0.2771707410560976
44950000	44999999	0.4500932988658537	0.18772955917560974	0.26236373969024396
45000000	45049999	0.4346766062829268	0.18772955917560974	0.24694704710731707
45050000	45099999	0.4341110430829268	0.18772955917560974	0.24638148390731707
45100000	45149999	0.4267870352804878	0.18772955917560974	0.23905747610487804
45150000	45199999	0.4233345965487805	0.18772955917560974	0.23560503737317073
45200000	45249999	0.4212293784829268	0.18772955917560974	0.23349981930731706
45250000	45299999	0.4163477720853658	0.18772955917560974	0.22861821290975604
45300000	45349999	0.4166092121317073	0.18772955917560974	0.22887965295609758
45350000	45399999	0.41226038108780483	0.18772955917560974	0.2245308219121951
45400000	45449999	0.4023971174146341	0.18772955917560974	0.21466755823902434
45450000	45499999	0.39641881473170726	0.18772955917560974	0.20868925555609752
45500000	45549999	0.401728366604878	0.18772955917560974	0.21399880742926825
45550000	45599999	0.39667998060975607	0.18772955917560974	0.20895042143414633
45600000	45649999	0.4046559081658536	0.18772955917560974	0.21692634899024388
45650000	45699999	0.3602925547780488	0.18772955917560974	0.17256299560243904
45700000	45749999	0.3880645939804878	0.18772955917560974	0.20033503480487808
45750000	45799999	0.3948846429414634	0.18772955917560974	0.20715508376585368
45800000	45849999	0.392603162002439	0.18772955917560974	0.20487360282682926
45850000	45899999	0.3963269140902439	0.18772955917560974	0.20859735491463416
45900000	45949999	0.38866352679024385	0.18772955917560974	0.2009339676146341
45950000	45999999	0.3832487361219512	0.18772955917560974	0.19551917694634147
46000000	46049999	0.379504738202439	0.18772955917560974	0.19177517902682928
46050000	46099999	0.3705438486195122	0.18772955917560974	0.18281428944390243
46100000	46149999	0.3636874500121951	0.18772955917560974	0.17595789083658536
46150000	46199999	0.3506304647317073	0.18772955917560974	0.16290090555609754
46200000	46249999	0.33518627163170733	0.18772955917560974	0.1474567124560976
46250000	46299999	0.32357611261463415	0.18772955917560974	0.1358465534390244
46300000	46349999	0.3084532280097561	0.18772955917560974	0.12072366883414637
46350000	46399999	0.2961481390682927	0.18772955917560974	0.10841857989268294
46400000	46449999	0.2911275056512195	0.18772955917560974	0.10339794647560974
46450000	46499999	0.2801400254	0.18772955917560974	0.09241046622439025
46500000	46549999	0.2683715030902439	0.18772955917560974	0.08064194391463414
46550000	46599999	0.2600657817804878	0.18772955917560974	0.07233622260487804
46600000	46649999	0.2513820337097561	0.18772955917560974	0.06365247453414635
46650000	46699999	0.24970753105609755	0.18772955917560974	0.061977971880487814
46700000	46749999	0.24157432588780486	0.18772955917560974	0.053844766712195125
46750000	46799999	0.2357949966512195	0.18772955917560974	0.04806543747560976
46800000	46849999	0.22309161895121948	0.18772955917560974	0.035362059775609744
46850000	46899999	0.2319652741804878	0.18772955917560974	0.04423571500487805
46900000	46949999	0.24165984674390242	0.18772955917560974	0.053930287568292684
46950000	46999999	0.23972334702439024	0.18772955917560974	0.051993787848780504
47000000	47049999	0.2501813979292683	0.18772955917560974	0.06245183875365856
47050000	47099999	0.25395357392926826	0.18772955917560974	0.06622401475365852
47100000	47149999	0.2353236294097561	0.18772955917560974	0.04759407023414636
47150000	47199999	0.23712233716810974	0.18772955917560974	0.0493927779925
47200000	47249999	0.23686775075253283	0.18772955917560974	0.04913819157692309
47250000	47299999	0.23629424664403081	0.18772955917560974	0.048564687468421075
47300000	47349999	0.23532706236209622	0.18772955917560974	0.04759750318648648
47350000	47399999	0.2345576619339431	0.18772955917560974	0.04682810275833335
47400000	47449999	0.22723853389560975	0.18772955917560974	0.039508974720000006
47450000	47499999	0.2231069741197274	0.18772955917560974	0.03537741494411767
47500000	47549999	0.22221319411500368	0.18772955917560974	0.03448363493939394
47550000	47599999	0.20854541679748473	0.18772955917560974	0.02081585762187499
47600000	47649999	0.19681889893044846	0.18772955917560974	0.009089339754838721
47650000	47699999	0.18378598256894307	0.18772955917560974	-0.0039435766066666655
47700000	47749999	0.18209265324802354	0.18772955917560974	-0.0056369059275862
47750000	47799999	0.17591939001846688	0.18772955917560974	-0.011810169157142864
47800000	47849999	0.16843333898301716	0.18772955917560974	-0.019296220192592584
47850000	47899999	0.16295080829099434	0.18772955917560974	-0.024778750884615397
47900000	47949999	0.15802526721960974	0.18772955917560974	-0.029704291955999995
47950000	47999999	0.16859951543394308	0.18772955917560974	-0.019130043741666658
48000000	48049999	0.16873973837560974	0.18772955917560974	-0.0189898208
48050000	48099999	0.17180490842106427	0.18772955917560974	-0.015924650754545466
48100000	48149999	0.17565140839941926	0.18772955917560974	-0.012078150776190483
