chrom	start	end	binNum	observed	expected	log2.copyRatio
chr1	0	55249999	1105	833.169	488.027	0.701399792500205
chr1	55250000	107399999	1043	473.252	460.644	-0.0312920209778645
chr1	107400000	120449999	261	237.325	115.271	0.971586077030607
chr1	120450000	122499999	41	185.565	18.1078	3.28699304019314
chr1	122500000	148949999	529	246.768	233.634	0.00865668063588255
chr1	148950000	249299999	2007	1513.23	886.398	0.701356349886251
chr2	0	7599999	152	33.0136	81.3285	-1.37094894020597
chr2	7600000	144399999	2736	1472.96	1463.91	-0.0613570099947242
chr2	144400000	188549999	883	773.911	472.454	0.641745393684871
chr2	188550000	210849999	446	144.62	238.635	-0.792786975720718
chr2	210850000	243199999	647	101.547	346.181	-1.83962732820056
chr3	0	48149999	963	721.718	446.217	0.62344135601854
chr3	48150000	138099999	1799	335.979	833.586	-1.38120838808406
chr3	138100000	198049999	1199	598.987	555.57	0.038307592017023
chr4	0	161249999	3225	2366.29	2410.26	-0.096810290065314
chr4	161250000	163049999	36	1.02807	26.9052	-4.78012302535033
chr4	163050000	191199999	563	333.122	420.768	-0.407222756487444
chr5	0	180949999	3619	2949.29	2739.17	0.0363804793897753
chr6	0	59799999	1196	761.491	306.77	1.24142117940987
chr6	59800000	134749999	1499	419.705	384.489	0.0561849240362805
chr6	134750000	171149999	728	422.01	186.73	1.1060750541316
chr7	0	90549999	1811	761.207	667.875	0.118462314363776
chr7	90550000	159149999	1372	1265.62	505.977	1.25245218960222
chr8	0	90199999	1804	602.917	719.175	-0.324631864264852
chr8	90200000	131449999	825	414.981	328.891	0.265187351853159
chr8	131450000	146399999	299	67.0774	119.198	-0.899709756827636
chr9	0	20849999	417	262.137	413.163	-0.726638463406213
chr9	20850000	31849999	220	22.194	217.976	-3.36617608691996
chr9	31850000	39549999	154	127.472	152.583	-0.329662250570225
chr9	39550000	46849999	146	32.0682	144.657	-2.24366925693847
chr9	46850000	64649999	356	344.081	352.724	-0.106039915625634
chr9	64650000	94249999	592	368.126	586.553	-0.742310227877368
chr9	94250000	141249999	940	1008.96	931.351	0.0452236915153826
chr10	0	41349999	827	473.07	450.261	0.00104375027373173
chr10	41350000	43599999	45	165.683	24.5003	2.68730585943146
chr10	43600000	87249999	873	693.662	475.306	0.47512783768685
chr10	87250000	128099999	817	207.493	444.816	-1.17039441821392
chr10	128100000	135549999	149	9.7556	81.1232	-3.12606045241855
chr11	0	126449999	2529	1199.7	1112.46	0.0386718218520001
chr11	126450000	135049999	172	28.5648	75.6594	-1.47552930862914
chr12	0	21749999	435	76.5003	179.485	-1.30057437096202
chr12	21750000	125499999	2075	1018.81	856.166	0.180674173619079
chr12	125500000	133899999	168	27.452	69.3185	-1.40657757814445
chr13	0	18899999	378	192.764	194.18	-0.0808073734613726
chr13	18900000	89849999	1419	289.584	728.946	-1.40207845291905
chr13	89850000	94999999	103	188.487	52.9115	1.76256339887183
chr13	95000000	115199999	404	65.5276	207.536	-1.73343541752423
chr14	0	38999999	780	321.952	409.218	-0.416272395282541
chr14	39000000	107349999	1367	278.62	717.182	-1.43428885978819
chr15	0	20299999	406	154.381	153.809	-0.0648931180056133
chr15	20300000	33249999	259	35.7362	98.1193	-1.52739910948504
chr15	33250000	102549999	1386	646.775	525.071	0.23050299584097
chr16	0	45349999	907	249.204	263.807	-0.1524040231067
chr16	45350000	47449999	42	61.8427	12.216	2.26958293796632
chr16	47450000	90399999	859	270.199	249.846	0.0427348122187835
chr17	0	21249999	425	71.4167	206.989	-1.60546912562754
chr17	21250000	81199999	1199	679.982	583.951	0.149400838712683
chr18	0	39299999	786	568.979	412.617	0.393323741907539
chr18	39300000	78099999	776	134.421	407.367	-1.66981897540111
chr19	0	26699999	534	201.691	215.625	-0.166626150504706
chr19	26700000	28749999	41	83.6225	16.5555	2.26633219007715
chr19	28750000	59149999	608	242.208	245.506	-0.0897601683498776
chr20	0	5699999	114	35.1466	54.4549	-0.701925141382462
chr20	5700000	25849999	403	43.4172	192.503	-2.21879073701079
chr20	25850000	63049999	744	369.703	355.39	-0.01328473890028
chr21	0	48149999	963	342.467	180.784	0.851449574984193
chr22	0	18699999	374	231.833	202.447	0.125293273227135
chr22	18700000	24599999	118	334.464	63.8736	2.31831086250924
chr22	24600000	51349999	535	128.48	289.597	-1.24275126130372
chrX	0	155299999	3106	711.365	1893.28	-1.48247429209898
