chrom	start	end	binNum	observed	expected	log2.copyRatio
chr1	0	121349999	2427	2856.9	2373.78	0.210362596576099
chr1	121350000	121599999	5	167.432	4.89036	5.04058909465278
chr1	121600000	165349999	875	905.442	855.813	0.0244249266787919
chr1	165350000	249299999	1679	2232.96	1642.18	0.38644342899529
chr2	0	143899999	2878	2700.94	2743.83	-0.0796312160405847
chr2	143900000	188599999	894	1160.2	852.322	0.388001339374697
chr2	188600000	243199999	1092	699.818	1041.09	-0.629944822731898
chr3	0	48249999	965	1203.49	924.236	0.323989255410956
chr3	48250000	138249999	1800	1219.99	1723.96	-0.555758686972292
chr3	138250000	198049999	1196	1190.48	1145.48	-0.00131059446810142
chr4	0	160599999	3212	2443.69	2476.82	-0.0763294544651304
chr4	160600000	163499999	58	1.69319	44.7247	-4.78015773170698
chr4	163500000	191199999	554	347.718	427.198	-0.353888849678301
chr5	0	180949999	3619	3745.45	3536.2	0.0260374814194538
chr6	0	53599999	1072	1235.68	793.968	0.58125070555699
chr6	53600000	135199999	1632	1257.45	1208.73	0.000107308052689228
chr6	135200000	171149999	719	766.188	532.522	0.467955593497727
chr7	0	102299999	2046	2086.76	1901.6	0.0771491675119714
chr7	102300000	159149999	1137	1725.37	1056.75	0.650369955349241
chr8	0	146399999	2928	2519.47	2601.21	-0.102964305853222
chr9	0	20849999	417	267.855	415.637	-0.690773570306578
chr9	20850000	26499999	113	0.833129	112.631	-7.13575003934515
chr9	26500000	28649999	43	16.5488	42.8594	-1.42978675487311
chr9	28650000	31499999	57	0.600053	56.8137	-6.62190681342246
chr9	31500000	39199999	154	132.439	153.497	-0.269784145260018
chr9	39200000	46999999	156	30.5206	155.49	-2.40586827823808
chr9	47000000	65549999	371	364.487	369.787	-0.077728856224897
chr9	65550000	93999999	569	349.442	567.14	-0.755553602141303
chr9	94000000	133499999	790	817.218	787.417	-0.00330858743574305
chr9	133500000	134249999	15	78.1507	14.951	2.32911510435969
chr9	134250000	141249999	140	124.511	139.542	-0.221327921332107
chr10	0	42249999	845	829.186	805.907	-0.0158193147580529
chr10	42250000	42699999	9	144.876	8.58362	4.02018689160501
chr10	42700000	86349999	873	1056.77	832.612	0.287043451343158
chr10	86350000	135549999	984	628.996	938.476	-0.634170716895979
chr11	0	135049999	2701	2071.58	2031.69	-0.0288504624990802
chr12	0	22549999	451	243.733	349.479	-0.576805879339036
chr12	22550000	133899999	2227	1849.01	1725.7	0.0426696341104722
chr13	0	18999999	380	230.805	231.246	-0.059655641384153
chr13	19000000	80999999	1240	363.8	754.592	-1.10945297055094
chr13	81000000	81549999	11	27.0728	6.69396	1.9590105618112
chr13	81550000	90349999	176	29.3763	107.103	-1.92317599702578
chr13	90350000	94099999	75	195.952	45.6407	2.04520576552807
chr13	94100000	115199999	422	108.08	256.805	-1.30547542063523
chr14	0	19199999	384	317.157	316.443	-0.0536501785945377
chr14	19200000	107349999	1763	926.379	1452.84	-0.706103082969117
chr15	0	102549999	2051	2005.44	1944.81	-0.0126121218976565
chr16	0	46249999	925	668.382	682.775	-0.0876390620842103
chr16	46250000	46549999	6	50.7979	4.42881	3.46287613737169
chr16	46550000	90399999	877	670.751	647.344	-0.00565697547016701
chr17	0	22149999	443	268.257	408.114	-0.662258092644504
chr17	22150000	81199999	1181	1187.51	1088	0.0693593972364429
chr18	0	39699999	794	643.339	485.416	0.349455778130173
chr18	39700000	78099999	768	195.26	469.521	-1.32269495818455
chr19	0	27599999	552	358.245	372.768	-0.114233157717691
chr19	27600000	27849999	5	73.1365	3.37652	4.38008087030804
chr19	27850000	59149999	626	416.887	422.74	-0.0770159518088219
chr20	0	25749999	515	120.579	290.349	-1.32471110377272
chr20	25750000	63049999	746	436.492	420.583	-0.00333703349968522
chr21	0	48149999	963	1052.1	890.215	0.184144412515668
chr22	0	19049999	381	343.073	316.27	0.0604571664811632
chr22	19050000	23749999	94	356.315	78.0298	2.13415440272936
chr22	23750000	51349999	552	292.072	458.217	-0.706608634297253
chrX	0	155299999	3106	1922.65	3103.62	-0.747757478818674
