start	end	obs	exp	var
0	49999	0.7188220947133334	0.56378370768	0.1550383870333334
50000	99999	0.643465798005	0.56378370768	0.07968209032500007
100000	149999	0.61797732802	0.56378370768	0.05419362034000008
150000	199999	0.56873581392	0.56378370768	0.004952106240000087
200000	249999	0.45326204064	0.56378370768	-0.11052166704
250000	299999	0.41577095057999996	0.56378370768	-0.1480127571
300000	349999	0.38130269549999996	0.56378370768	-0.18248101218
350000	399999	0.4011699042	0.56378370768	-0.16261380347999999
400000	449999	0.43695827575999996	0.56378370768	-0.12682543192
450000	499999	0.43486267115999994	0.56378370768	-0.12892103652000003
500000	549999	0.42261426911999994	0.56378370768	-0.14116943856000003
550000	599999	0.45998530687999994	0.56378370768	-0.10379840080000002
600000	649999	0.42569799901999994	0.56378370768	-0.13808570866000003
650000	699999	0.41439797049999993	0.56378370768	-0.14938573718000003
700000	749999	0.4170363336799999	0.56378370768	-0.14674737400000004
750000	799999	0.40946893141999996	0.56378370768	-0.15431477626
800000	849999	0.38118983625999997	0.56378370768	-0.18259387142
850000	899999	0.36291057371999996	0.56378370768	-0.20087313396
900000	949999	0.36910583269999997	0.56378370768	-0.19467787498
950000	999999	0.38556201316	0.56378370768	-0.17822169451999997
1000000	1049999	0.43984715432	0.56378370768	-0.12393655335999998
1050000	1099999	0.49257675364	0.56378370768	-0.07120695403999999
1100000	1149999	0.57204025108	0.56378370768	0.008256543400000038
1150000	1199999	0.56227638074	0.56378370768	-0.0015073269399999978
1200000	1249999	0.55536756944	0.56378370768	-0.008416138239999982
1250000	1299999	0.5180098921399999	0.56378370768	-0.04577381554000004
1300000	1349999	0.52428606244	0.56378370768	-0.03949764523999999
1350000	1399999	0.46370079759999994	0.56378370768	-0.10008291008000003
1400000	1449999	0.45872497036	0.56378370768	-0.10505873731999998
1450000	1499999	0.32549079547999993	0.56378370768	-0.23829291220000004
1500000	1549999	0.29218293143999996	0.56378370768	-0.27160077624
1550000	1599999	0.25022749555999996	0.56378370768	-0.31355621212
1600000	1649999	0.24724841688	0.56378370768	-0.3165352908
1650000	1699999	0.23047505805999996	0.56378370768	-0.33330864962
1700000	1749999	0.32968496808	0.56378370768	-0.2340987396
1750000	1799999	0.3150369767799999	0.56378370768	-0.24874673090000005
1800000	1849999	0.28347514449999994	0.56378370768	-0.28030856318
1850000	1899999	0.27147758394	0.56378370768	-0.29230612374
1900000	1949999	0.26907870243999993	0.56378370768	-0.29470500524000004
1950000	1999999	0.29694760154	0.56378370768	-0.26683610614
2000000	2049999	0.32763994358	0.56378370768	-0.2361437641
2050000	2099999	0.32546117686	0.56378370768	-0.23832253082
2100000	2149999	0.31764937342	0.56378370768	-0.24613433425999998
2150000	2199999	0.33359474418	0.56378370768	-0.23018896349999995
2200000	2249999	0.32392156246000003	0.56378370768	-0.23986214521999993
2250000	2299999	0.30210974018	0.56378370768	-0.2616739675
2300000	2349999	0.35122526987999997	0.56378370768	-0.2125584378
2350000	2399999	0.37255904611999996	0.56378370768	-0.19122466156
2400000	2449999	0.36724852719999995	0.56378370768	-0.19653518048000002
2450000	2499999	0.38355750271999994	0.56378370768	-0.18022620496000002
2500000	2549999	0.40775957767999993	0.56378370768	-0.15602413000000004
2550000	2599999	0.35957096215999995	0.56378370768	-0.20421274552000002
2600000	2649999	0.31841210478	0.56378370768	-0.24537160289999999
2650000	2699999	0.32315442525999993	0.56378370768	-0.24062928242000003
2700000	2749999	0.27092962142	0.56378370768	-0.29285408626
2750000	2799999	0.32494595564	0.56378370768	-0.23883775203999996
2800000	2849999	0.39462141726	0.56378370768	-0.16916229041999997
2850000	2899999	0.44364727053999997	0.56378370768	-0.12013643714
2900000	2949999	0.43877635585999997	0.56378370768	-0.12500735182
2950000	2999999	0.45946364745999996	0.56378370768	-0.10432006022000001
3000000	3049999	0.40277591685999997	0.56378370768	-0.16100779082
3050000	3099999	0.36883265132	0.56378370768	-0.19495105635999999
3100000	3149999	0.33559021954	0.56378370768	-0.22819348813999996
3150000	3199999	0.34064128153999995	0.56378370768	-0.22314242614000002
3200000	3249999	0.37742705134	0.56378370768	-0.18635665633999998
3250000	3299999	0.42316667758	0.56378370768	-0.14061703009999998
3300000	3349999	0.43248724196	0.56378370768	-0.13129646571999998
3350000	3399999	0.47401746211999995	0.56378370768	-0.08976624556000001
3400000	3449999	0.50362010738	0.56378370768	-0.06016360030000001
3450000	3499999	0.5148813154199999	0.56378370768	-0.04890239226000004
3500000	3549999	0.46819021957999996	0.56378370768	-0.09559348810000001
3550000	3599999	0.44983277241999997	0.56378370768	-0.11395093526
3600000	3649999	0.40544972303999993	0.56378370768	-0.15833398464000004
3650000	3699999	0.36236609573999995	0.56378370768	-0.20141761194000002
3700000	3749999	0.32690471507999996	0.56378370768	-0.2368789926
3750000	3799999	0.34744732863999994	0.56378370768	-0.21633637904000003
3800000	3849999	0.38685233028	0.56378370768	-0.17693137739999998
3850000	3899999	0.44194908023999996	0.56378370768	-0.12183462744000001
3900000	3949999	0.4623679233	0.56378370768	-0.10141578437999998
3950000	3999999	0.49121979594	0.56378370768	-0.07256391173999999
4000000	4049999	0.4695802902799999	0.56378370768	-0.09420341740000004
4050000	4099999	0.44782457911999995	0.56378370768	-0.11595912856000001
4100000	4149999	0.40346821945999994	0.56378370768	-0.16031548822000002
4150000	4199999	0.39000638279999994	0.56378370768	-0.17377732488000003
4200000	4249999	0.36029039315999994	0.56378370768	-0.20349331452000002
4250000	4299999	0.36540294941999996	0.56378370768	-0.19838075826
4300000	4349999	0.33895234288	0.56378370768	-0.2248313648
4350000	4399999	0.31948356992	0.56378370768	-0.24430013775999998
4400000	4449999	0.38944657726	0.56378370768	-0.17433713041999999
4450000	4499999	0.39951405601999995	0.56378370768	-0.16426965166000002
4500000	4549999	0.42526746415999994	0.56378370768	-0.13851624352000003
4550000	4599999	0.45356137727999996	0.56378370768	-0.11022233040000001
4600000	4649999	0.46106308753999997	0.56378370768	-0.10272062014
4650000	4699999	0.38073239463999997	0.56378370768	-0.18305131304
4700000	4749999	0.34834574506	0.56378370768	-0.21543796261999998
4750000	4799999	0.32365934026	0.56378370768	-0.24012436741999998
4800000	4849999	0.31592338694	0.56378370768	-0.24786032073999997
4850000	4899999	0.33295695721999996	0.56378370768	-0.23082675046
4900000	4949999	0.3624329892	0.56378370768	-0.20135071847999997
4950000	4999999	0.4150014633	0.56378370768	-0.14878224437999998
5000000	5049999	0.42192184229999996	0.56378370768	-0.14186186538
5050000	5099999	0.4092094828999999	0.56378370768	-0.15457422478000005
5100000	5149999	0.41033788487999995	0.56378370768	-0.15344582280000002
5150000	5199999	0.35398654535999996	0.56378370768	-0.20979716232
5200000	5249999	0.31342863835999996	0.56378370768	-0.25035506932
5250000	5299999	0.28059303154	0.56378370768	-0.28319067614
5300000	5349999	0.27345206172	0.56378370768	-0.29033164596
5350000	5399999	0.23340530721999997	0.56378370768	-0.33037840046
5400000	5449999	0.31451960475999996	0.56378370768	-0.24926410292
5450000	5499999	0.36464825043999993	0.56378370768	-0.19913545724000004
5500000	5549999	0.4073200458199999	0.56378370768	-0.15646366186000005
5550000	5599999	0.4446729126399999	0.56378370768	-0.11911079504000005
5600000	5649999	0.52152994272	0.56378370768	-0.042253764959999995
5650000	5699999	0.5190145934399999	0.56378370768	-0.044769114240000074
5700000	5749999	0.5152740173999999	0.56378370768	-0.04850969028000007
5750000	5799999	0.49210686391999997	0.56378370768	-0.07167684376
5800000	5849999	0.49877138081999994	0.56378370768	-0.06501232686000002
5850000	5899999	0.49354090374	0.56378370768	-0.07024280393999999
5900000	5949999	0.45132594419999994	0.56378370768	-0.11245776348000003
5950000	5999999	0.40862327759999995	0.56378370768	-0.15516043008000002
6000000	6049999	0.38251357585999995	0.56378370768	-0.18127013182
6050000	6099999	0.3113027166	0.56378370768	-0.25248099108
6100000	6149999	0.23754709875999996	0.56378370768	-0.32623660892
6150000	6199999	0.20662316077999998	0.56378370768	-0.3571605469
6200000	6249999	0.18911344442	0.56378370768	-0.37467026325999997
6250000	6299999	0.1969514592	0.56378370768	-0.36683224847999996
6300000	6349999	0.20998761080000006	0.56378370768	-0.3537960968799999
6350000	6399999	0.20388219476000002	0.56378370768	-0.35990151291999994
6400000	6449999	0.24725614075999996	0.56378370768	-0.31652756692
6450000	6499999	0.22956536143999995	0.56378370768	-0.33421834624
6500000	6549999	0.20487874397999994	0.56378370768	-0.3589049637
6550000	6599999	0.17631775732	0.56378370768	-0.38746595036
6600000	6649999	0.16534453513999997	0.56378370768	-0.39843917254
6650000	6699999	0.10838174331999995	0.56378370768	-0.45540196436
6700000	6749999	0.11760489291999998	0.56378370768	-0.44617881476
6750000	6799999	0.11090442431999997	0.56378370768	-0.45287928336
6800000	6849999	0.13233159041999998	0.56378370768	-0.43145211726
6850000	6899999	0.16029939649999997	0.56378370768	-0.40348431118
6900000	6949999	0.1940419713	0.56378370768	-0.36974173637999996
6950000	6999999	0.19940378273999998	0.56378370768	-0.36437992494
7000000	7049999	0.1931220615	0.56378370768	-0.37066164617999997
7050000	7099999	0.18613870123999998	0.56378370768	-0.37764500644
7100000	7149999	0.18141996645999997	0.56378370768	-0.38236374122
7150000	7199999	0.15832192019999997	0.56378370768	-0.40546178748
7200000	7249999	0.14889231267999997	0.56378370768	-0.414891395
7250000	7299999	0.17538639705999998	0.56378370768	-0.38839731062
7300000	7349999	0.21870901937999998	0.56378370768	-0.3450746883
7350000	7399999	0.22136623995999993	0.56378370768	-0.34241746772000003
7400000	7449999	0.24180900383999998	0.56378370768	-0.32197470384
7450000	7499999	0.2651927161599999	0.56378370768	-0.29859099152000007
7500000	7549999	0.25810654193999993	0.56378370768	-0.30567716574000003
7550000	7599999	0.21784941377999995	0.56378370768	-0.3459342939
7600000	7649999	0.23663084637999993	0.56378370768	-0.32715286130000004
7650000	7699999	0.21466415799999994	0.56378370768	-0.34911954968000003
7700000	7749999	0.18314386149999995	0.56378370768	-0.38063984618
7750000	7799999	0.20570140561999994	0.56378370768	-0.35808230206
7800000	7849999	0.20815012616	0.56378370768	-0.35563358151999996
7850000	7899999	0.24866670526	0.56378370768	-0.31511700241999996
7900000	7949999	0.31329951906000003	0.56378370768	-0.25048418861999994
7950000	7999999	0.36655985262	0.56378370768	-0.19722385505999995
8000000	8049999	0.35151397482	0.56378370768	-0.21226973285999995
8050000	8099999	0.37276395392	0.56378370768	-0.19101975375999997
8100000	8149999	0.31287580709999996	0.56378370768	-0.25090790058
8150000	8199999	0.26650843467999996	0.56378370768	-0.297275273
8200000	8249999	0.22738780846	0.56378370768	-0.33639589921999996
8250000	8299999	0.24106977553999998	0.56378370768	-0.32271393214
8300000	8349999	0.18280852156	0.56378370768	-0.38097518612
8350000	8399999	0.17650347664	0.56378370768	-0.38728023104
8400000	8449999	0.1470180285	0.56378370768	-0.41676567917999996
8450000	8499999	0.11150739496000006	0.56378370768	-0.4522763127199999
8500000	8549999	0.09674041633999997	0.56378370768	-0.46704329134
8550000	8599999	0.11533081280000002	0.56378370768	-0.44845289487999995
8600000	8649999	0.15199986407999994	0.56378370768	-0.41178384360000003
8650000	8699999	0.16687923327999993	0.56378370768	-0.39690447440000004
8700000	8749999	0.20745351151999997	0.56378370768	-0.35633019616
8750000	8799999	0.24207111799999997	0.56378370768	-0.32171258968
8800000	8849999	0.2670266201	0.56378370768	-0.29675708757999997
8850000	8899999	0.24431157496	0.56378370768	-0.31947213271999997
8900000	8949999	0.24053408735999998	0.56378370768	-0.32324962032
8950000	8999999	0.27816201193999995	0.56378370768	-0.28562169574
9000000	9049999	0.2809025533	0.56378370768	-0.28288115437999994
9050000	9099999	0.29758878817999995	0.56378370768	-0.2661949195
9100000	9149999	0.3170087624	0.56378370768	-0.24677494528
9150000	9199999	0.34704848874	0.56378370768	-0.21673521893999997
9200000	9249999	0.32194647827999995	0.56378370768	-0.24183722940000002
9250000	9299999	0.29029789357999997	0.56378370768	-0.2734858141
9300000	9349999	0.26187610347999996	0.56378370768	-0.3019076042
9350000	9399999	0.21640160359999994	0.56378370768	-0.34738210408000003
9400000	9449999	0.19206558445999994	0.56378370768	-0.37171812322000003
9450000	9499999	0.16599369103999995	0.56378370768	-0.39779001664
9500000	9549999	0.14737780913999993	0.56378370768	-0.41640589854000004
9550000	9599999	0.12910602478	0.56378370768	-0.4346776829
9600000	9649999	0.13403842591999998	0.56378370768	-0.42974528176
9650000	9699999	0.11911355984	0.56378370768	-0.44467014784
9700000	9749999	0.0947321720199999	0.56378370768	-0.4690515356600001
9750000	9799999	0.12121483935999988	0.56378370768	-0.4425688683200001
9800000	9849999	0.24047575145999994	0.56378370768	-0.32330795622
9850000	9899999	0.2798378443599999	0.56378370768	-0.28394586332000005
9900000	9949999	0.30910882423999997	0.56378370768	-0.25467488344
9950000	9999999	0.3313772722799999	0.56378370768	-0.23240643540000006
10000000	10049999	0.2853380164999999	0.56378370768	-0.27844569118000007
10050000	10099999	0.17076895113999996	0.56378370768	-0.39301475654
10100000	10149999	0.15153487305999996	0.56378370768	-0.41224883462
10150000	10199999	0.13212745977999996	0.56378370768	-0.4316562479
10200000	10249999	0.16519073229999992	0.56378370768	-0.39859297538000005
10250000	10299999	0.23563914088	0.56378370768	-0.3281445668
10300000	10349999	0.3256296269599999	0.56378370768	-0.23815408072000005
10350000	10399999	0.37143414251999995	0.56378370768	-0.19234956516
10400000	10449999	0.40944603549999997	0.56378370768	-0.15433767218
10450000	10499999	0.44021429343999996	0.56378370768	-0.12356941424000001
10500000	10549999	0.42106839201999996	0.56378370768	-0.14271531566
10550000	10599999	0.3343577335399999	0.56378370768	-0.22942597414000004
10600000	10649999	0.27682408695999994	0.56378370768	-0.28695962072000003
10650000	10699999	0.23769326325999995	0.56378370768	-0.32609044442
10700000	10749999	0.16686070716	0.56378370768	-0.39692300051999996
10750000	10799999	0.14809636504	0.56378370768	-0.41568734263999996
10800000	10849999	0.13870205814000003	0.56378370768	-0.42508164953999994
10850000	10899999	0.11852407725999997	0.56378370768	-0.44525963042
10900000	10949999	0.13535358392000002	0.56378370768	-0.42843012375999995
10950000	10999999	0.15641419167999998	0.56378370768	-0.407369516
11000000	11049999	0.13048188415999995	0.56378370768	-0.43330182352
11050000	11099999	0.16423001306	0.56378370768	-0.39955369461999996
11100000	11149999	0.15883211580000006	0.56378370768	-0.4049515918799999
11150000	11199999	0.14972171756000008	0.56378370768	-0.4140619901199999
11200000	11249999	0.13180789903999995	0.56378370768	-0.43197580864
11250000	11299999	0.16580192651999992	0.56378370768	-0.39798178116000005
11300000	11349999	0.14075020027999996	0.56378370768	-0.4230335074
11350000	11399999	0.14271336849999994	0.56378370768	-0.42107033918000003
11400000	11449999	0.12791557749999988	0.56378370768	-0.4358681301800001
11450000	11499999	0.11555006555999991	0.56378370768	-0.44823364212000005
11500000	11549999	0.08727179149999992	0.56378370768	-0.47651191618000005
11550000	11599999	0.09330956992	0.56378370768	-0.47047413775999997
11600000	11649999	0.1070755068999999	0.56378370768	-0.4567082007800001
11650000	11699999	0.09773546697999996	0.56378370768	-0.4660482407
11700000	11749999	0.10909077435999992	0.56378370768	-0.45469293332000005
11750000	11799999	0.1389471594199999	0.56378370768	-0.42483654826000006
11800000	11849999	0.13223054596	0.56378370768	-0.43155316171999997
11850000	11899999	0.11178875320000004	0.56378370768	-0.45199495447999993
11900000	11949999	0.09600220024	0.56378370768	-0.46778150743999997
11950000	11999999	0.09735217070000002	0.56378370768	-0.46643153697999995
12000000	12049999	0.06723820775999995	0.56378370768	-0.49654549992
12050000	12099999	0.06121699757999999	0.56378370768	-0.5025667101
12100000	12149999	0.07265412090000001	0.56378370768	-0.49112958677999996
12150000	12199999	0.10241293133999996	0.56378370768	-0.46137077634
12200000	12249999	0.08515922874000004	0.56378370768	-0.47862447893999993
12250000	12299999	0.07736181817999999	0.56378370768	-0.4864218895
12300000	12349999	0.06700984456000003	0.56378370768	-0.49677386311999994
12350000	12399999	0.07991224255999996	0.56378370768	-0.48387146512
12400000	12449999	0.08335065996000002	0.56378370768	-0.48043304771999995
12450000	12499999	0.07194402757999996	0.56378370768	-0.4918396801
12500000	12549999	0.06234523979999995	0.56378370768	-0.50143846788
12550000	12599999	0.08127928431999998	0.56378370768	-0.48250442336
12600000	12649999	0.04031772936	0.56378370768	-0.52346597832
12650000	12699999	0.003913264579999964	0.56378370768	-0.5598704431
12700000	12749999	0.030304383820000003	0.56378370768	-0.53347932386
12750000	12799999	0.05109170901999993	0.56378370768	-0.51269199866
12800000	12849999	0.04296110564	0.56378370768	-0.52082260204
12850000	12899999	0.08121528597999994	0.56378370768	-0.4825684217
12900000	12949999	0.12242317621999999	0.56378370768	-0.44136053146
12950000	12999999	0.13472045518000003	0.56378370768	-0.42906325249999994
13000000	13049999	0.14300205921999992	0.56378370768	-0.42078164846000005
13050000	13099999	0.16852535636	0.56378370768	-0.39525835132
13100000	13149999	0.13877459622	0.56378370768	-0.42500911146
13150000	13199999	0.15636699771999996	0.56378370768	-0.40741670996
13200000	13249999	0.16412442633999996	0.56378370768	-0.39965928134
13250000	13299999	0.19895436637999997	0.56378370768	-0.3648293413
13300000	13349999	0.26783742761999996	0.56378370768	-0.29594628006
13350000	13399999	0.38930304211999994	0.56378370768	-0.17448066556000003
13400000	13449999	0.45203902593999995	0.56378370768	-0.11174468174000002
13450000	13499999	0.54498252368	0.56378370768	-0.01880118399999997
13500000	13549999	0.567967004	0.56378370768	0.0041832963200000295
13550000	13599999	0.52222326466	0.56378370768	-0.04156044301999995
13600000	13649999	0.50141098308	0.56378370768	-0.062372724599999985
13650000	13699999	0.49714429639999996	0.56378370768	-0.06663941128
13700000	13749999	0.39517939913999994	0.56378370768	-0.16860430854000003
13750000	13799999	0.36415154456	0.56378370768	-0.19963216311999998
13800000	13849999	0.31887971556	0.56378370768	-0.24490399211999997
13850000	13899999	0.24747622858	0.56378370768	-0.31630747909999996
13900000	13949999	0.17987336334000004	0.56378370768	-0.38391034433999993
13950000	13999999	0.20619168974000002	0.56378370768	-0.35759201793999995
14000000	14049999	0.19584339371999998	0.56378370768	-0.36794031396
14050000	14099999	0.20485484665999998	0.56378370768	-0.35892886102
14100000	14149999	0.20095816476	0.56378370768	-0.36282554291999997
14150000	14199999	0.16869625966000001	0.56378370768	-0.39508744801999995
14200000	14249999	0.16136203406	0.56378370768	-0.40242167362
14250000	14299999	0.16885925636	0.56378370768	-0.39492445132
14300000	14349999	0.1699022712	0.56378370768	-0.39388143647999996
14350000	14399999	0.16743335491999994	0.56378370768	-0.39635035276
14400000	14449999	0.19156135654	0.56378370768	-0.37222235113999996
14450000	14499999	0.18334905765999993	0.56378370768	-0.38043465002000004
14500000	14549999	0.16962124355999997	0.56378370768	-0.39416246412
14550000	14599999	0.17457265809999994	0.56378370768	-0.38921104958
14600000	14649999	0.18817522005999998	0.56378370768	-0.37560848762
14650000	14699999	0.15510833734	0.56378370768	-0.40867537033999995
14700000	14749999	0.11969152573999997	0.56378370768	-0.44409218194
14750000	14799999	0.09842360373999998	0.56378370768	-0.46536010394
14800000	14849999	0.07459869139999997	0.56378370768	-0.48918501628
14850000	14899999	0.03266474302	0.56378370768	-0.53111896466
14900000	14949999	0.02517843103999995	0.56378370768	-0.53860527664
14950000	14999999	0.037356206160000016	0.56378370768	-0.52642750152
15000000	15049999	0.016571031619999954	0.56378370768	-0.54721267606
15050000	15099999	0.0	0.56378370768	-0.56378370768
15100000	15149999	0.037626863979999925	0.56378370768	-0.5261568437
15150000	15199999	0.065069394	0.56378370768	-0.49871431367999997
15200000	15249999	0.05645004732000003	0.56378370768	-0.5073336603599999
15250000	15299999	0.07827779129999995	0.56378370768	-0.48550591638
15300000	15349999	0.08964259354000004	0.56378370768	-0.47414111413999993
15350000	15399999	0.060679303580000066	0.56378370768	-0.5031044040999999
15400000	15449999	0.045636699500000044	0.56378370768	-0.5181470081799999
15450000	15499999	0.027116559979999955	0.56378370768	-0.5366671477
15500000	15549999	0.011894523359999964	0.56378370768	-0.55188918432
15550000	15599999	0.012433280660000046	0.56378370768	-0.5513504270199999
15600000	15649999	0.022060233519999972	0.56378370768	-0.54172347416
15650000	15699999	0.033173785300000036	0.56378370768	-0.5306099223799999
15700000	15749999	0.06415880031999999	0.56378370768	-0.49962490736
15750000	15799999	0.07408940109999995	0.56378370768	-0.48969430658
15800000	15849999	0.08416204249999998	0.56378370768	-0.47962166518
15850000	15899999	0.07306176228	0.56378370768	-0.49072194539999997
15900000	15949999	0.060522326900000034	0.56378370768	-0.5032613807799999
15950000	15999999	0.05893280674000001	0.56378370768	-0.50485090094
16000000	16049999	0.08113600577999991	0.56378370768	-0.48264770190000006
16050000	16099999	0.09307156589999999	0.56378370768	-0.47071214178
16100000	16149999	0.09982088897999991	0.56378370768	-0.46396281870000006
16150000	16199999	0.12515287897999994	0.56378370768	-0.43863082870000003
16200000	16249999	0.14953720883999994	0.56378370768	-0.41424649884000003
16250000	16299999	0.16990260421999992	0.56378370768	-0.39388110346000005
16300000	16349999	0.2243289981999999	0.56378370768	-0.33945470948000006
16350000	16399999	0.29040494236	0.56378370768	-0.27337876532
16400000	16449999	0.29415396858	0.56378370768	-0.2696297391
16450000	16499999	0.27815735138	0.56378370768	-0.2856263563
16500000	16549999	0.2515064836199999	0.56378370768	-0.3122772240600001
16550000	16599999	0.20024708077999992	0.56378370768	-0.36353662690000005
16600000	16649999	0.20364230601999989	0.56378370768	-0.3601414016600001
16650000	16699999	0.20747671631999992	0.56378370768	-0.35630699136000005
16700000	16749999	0.21231114895999997	0.56378370768	-0.35147255872
16750000	16799999	0.19573271425999994	0.56378370768	-0.36805099342
16800000	16849999	0.17243864219999994	0.56378370768	-0.39134506548000003
16850000	16899999	0.09622808097999996	0.56378370768	-0.4675556267
16900000	16949999	0.05609311957999996	0.56378370768	-0.5076905881
16950000	16999999	0.04262307556	0.56378370768	-0.52116063212
17000000	17049999	0.034863583919999996	0.56378370768	-0.52892012376
17050000	17099999	0.05108827752	0.56378370768	-0.51269543016
17100000	17149999	0.0662466088	0.56378370768	-0.49753709888
17150000	17199999	0.08997994099999995	0.56378370768	-0.47380376668
17200000	17249999	0.08932323261999991	0.56378370768	-0.47446047506000005
17250000	17299999	0.11766616841999994	0.56378370768	-0.44611753926000003
17300000	17349999	0.12793751097999995	0.56378370768	-0.4358461967
17350000	17399999	0.14523873074	0.56378370768	-0.41854497694
17400000	17449999	0.1782790365	0.56378370768	-0.38550467118
17450000	17499999	0.20395371848	0.56378370768	-0.3598299892
17500000	17549999	0.21916256879999996	0.56378370768	-0.34462113888
17550000	17599999	0.22633383052	0.56378370768	-0.33744987715999997
17600000	17649999	0.22937708033999993	0.56378370768	-0.33440662734000004
17650000	17699999	0.19704975541999997	0.56378370768	-0.36673395226
17700000	17749999	0.1971802589399999	0.56378370768	-0.36660344874000006
17750000	17799999	0.21258126569999997	0.56378370768	-0.35120244198
17800000	17849999	0.25630476146	0.56378370768	-0.30747894622
17850000	17899999	0.27371467358	0.56378370768	-0.29006903409999996
17900000	17949999	0.2948300769	0.56378370768	-0.26895363077999995
17950000	17999999	0.29508585902	0.56378370768	-0.26869784865999996
18000000	18049999	0.30991258835999996	0.56378370768	-0.25387111932
18050000	18099999	0.2627665577	0.56378370768	-0.30101714997999995
18100000	18149999	0.26026027111999994	0.56378370768	-0.30352343656
18150000	18199999	0.28984297187999997	0.56378370768	-0.2739407358
18200000	18249999	0.3173689126	0.56378370768	-0.24641479507999997
18250000	18299999	0.28609985476	0.56378370768	-0.27768385292
18300000	18349999	0.3157267169	0.56378370768	-0.24805699078
18350000	18399999	0.32884039684	0.56378370768	-0.23494331083999997
18400000	18449999	0.30476359311999995	0.56378370768	-0.25902011456
18450000	18499999	0.29495881898000004	0.56378370768	-0.26882488869999993
18500000	18549999	0.30254104392000003	0.56378370768	-0.26124266375999994
18550000	18599999	0.29156895881999995	0.56378370768	-0.27221474886
18600000	18649999	0.2517589553399999	0.56378370768	-0.31202475234000004
18650000	18699999	0.2423086860999999	0.56378370768	-0.3214750215800001
18700000	18749999	0.20794503919999996	0.56378370768	-0.35583866848
18750000	18799999	0.19541532594	0.56378370768	-0.36836838174
18800000	18849999	0.16173280429999998	0.56378370768	-0.40205090338
18850000	18899999	0.13535473858000002	0.56378370768	-0.42842896909999995
18900000	18949999	0.08910128751999996	0.56378370768	-0.47468242016
18950000	18999999	0.050546722559999924	0.56378370768	-0.51323698512
19000000	19049999	0.033612411919999974	0.56378370768	-0.53017129576
19050000	19099999	0.04182259203999994	0.56378370768	-0.52196111564
19100000	19149999	0.07172443627999991	0.56378370768	-0.49205927140000005
19150000	19199999	0.08931526189999994	0.56378370768	-0.47446844578
19200000	19249999	0.10829680211999992	0.56378370768	-0.45548690556000004
19250000	19299999	0.13876247698	0.56378370768	-0.4250212307
19300000	19349999	0.11869729075999996	0.56378370768	-0.44508641692
19350000	19399999	0.13213284869999997	0.56378370768	-0.43165085898
19400000	19449999	0.13635949664000002	0.56378370768	-0.42742421103999995
19450000	19499999	0.16380958308	0.56378370768	-0.3999741246
19500000	19549999	0.14393000880000006	0.56378370768	-0.4198536988799999
19550000	19599999	0.14024814895999999	0.56378370768	-0.42353555872
19600000	19649999	0.09657488298	0.56378370768	-0.46720882469999997
19650000	19699999	0.10521253922000001	0.56378370768	-0.45857116845999996
19700000	19749999	0.09722022427999999	0.56378370768	-0.4665634834
19750000	19799999	0.07796737746000004	0.56378370768	-0.4858163302199999
19800000	19849999	0.09252028596	0.56378370768	-0.47126342171999996
19850000	19899999	0.12488230234000003	0.56378370768	-0.43890140533999994
19900000	19949999	0.15906634932000002	0.56378370768	-0.40471735835999995
19950000	19999999	0.1736176002	0.56378370768	-0.39016610747999997
20000000	20049999	0.18937279586	0.56378370768	-0.37441091181999997
20050000	20099999	0.19154369313999997	0.56378370768	-0.37224001454
20100000	20149999	0.18124062044	0.56378370768	-0.38254308723999997
20150000	20199999	0.12987474485999995	0.56378370768	-0.43390896282
20200000	20249999	0.08060713145999998	0.56378370768	-0.48317657622
20250000	20299999	0.08196486460000002	0.56378370768	-0.48181884307999995
20300000	20349999	0.09173576589999999	0.56378370768	-0.47204794178
20350000	20399999	0.13980105857999992	0.56378370768	-0.42398264910000005
20400000	20449999	0.18155886695999995	0.56378370768	-0.38222484072
20450000	20499999	0.27278439575999996	0.56378370768	-0.29099931192
20500000	20549999	0.29672499588	0.56378370768	-0.26705871179999996
20550000	20599999	0.31527410483999996	0.56378370768	-0.24850960284
20600000	20649999	0.29304334947999994	0.56378370768	-0.27074035820000003
20650000	20699999	0.2524620048599999	0.56378370768	-0.31132170282000005
20700000	20749999	0.20038831211999997	0.56378370768	-0.36339539556
20750000	20799999	0.17354148575999995	0.56378370768	-0.39024222192
20800000	20849999	0.17191916343999997	0.56378370768	-0.39186454424
20850000	20899999	0.17942558364	0.56378370768	-0.38435812403999997
20900000	20949999	0.19938981397999994	0.56378370768	-0.3643938937
20950000	20999999	0.20539225188	0.56378370768	-0.3583914558
21000000	21049999	0.23966412261999998	0.56378370768	-0.32411958506
21050000	21099999	0.25320782309999995	0.56378370768	-0.31057588458
21100000	21149999	0.21569446035999995	0.56378370768	-0.34808924732
21150000	21199999	0.22860886105999995	0.56378370768	-0.33517484662
21200000	21249999	0.35488569643999995	0.56378370768	-0.20889801124000001
21250000	21299999	0.34781786163999995	0.56378370768	-0.21596584604000002
21300000	21349999	0.32684157049999996	0.56378370768	-0.23694213718
21350000	21399999	0.31883137277999996	0.56378370768	-0.2449523349
21400000	21449999	0.29550351019999993	0.56378370768	-0.26828019748000004
21450000	21499999	0.16798511583999992	0.56378370768	-0.39579859184000005
21500000	21549999	0.14551945651999998	0.56378370768	-0.41826425116
21550000	21599999	0.11550757013999996	0.56378370768	-0.44827613754
21600000	21649999	0.13822878111999987	0.56378370768	-0.4255549265600001
21650000	21699999	0.11720823578	0.56378370768	-0.44657547189999997
21700000	21749999	0.08478834427999998	0.56378370768	-0.4789953634
21750000	21799999	0.04132325863999997	0.56378370768	-0.52246044904
21800000	21849999	0.052201558479999965	0.56378370768	-0.5115821492
21850000	21899999	0.03255792671999991	0.56378370768	-0.5312257809600001
21900000	21949999	0.035273765659999956	0.56378370768	-0.52850994202
21950000	21999999	0.04585778489999992	0.56378370768	-0.51792592278
22000000	22049999	0.08780744995999995	0.56378370768	-0.47597625772
22050000	22099999	0.12676931295999988	0.56378370768	-0.4370143947200001
22100000	22149999	0.1525676199599999	0.56378370768	-0.41121608772000007
22150000	22199999	0.19166930597999998	0.56378370768	-0.3721144017
22200000	22249999	0.27748975719999996	0.56378370768	-0.28629395048
22250000	22299999	0.38120851016	0.56378370768	-0.18257519751999995
22300000	22349999	0.42872262332	0.56378370768	-0.13506108435999997
22350000	22399999	0.43365614916	0.56378370768	-0.13012755851999996
22400000	22449999	0.43212465322	0.56378370768	-0.13165905445999998
22450000	22499999	0.367154055	0.56378370768	-0.19662965268
22500000	22549999	0.28567252212000005	0.56378370768	-0.2781111855599999
22550000	22599999	0.23137596206	0.56378370768	-0.33240774562
22600000	22649999	0.22541901628	0.56378370768	-0.3383646914
22650000	22699999	0.25025823498	0.56378370768	-0.3135254727
22700000	22749999	0.27235306315999996	0.56378370768	-0.29143064452
22750000	22799999	0.29303665179999994	0.56378370768	-0.27074705588000003
22800000	22849999	0.33382316959999997	0.56378370768	-0.22996053808
22850000	22899999	0.35262473791999993	0.56378370768	-0.21115896976000004
22900000	22949999	0.36653833423999993	0.56378370768	-0.19724537344000004
22950000	22999999	0.36281093955999993	0.56378370768	-0.20097276812000003
23000000	23049999	0.3606474924	0.56378370768	-0.20313621527999998
23050000	23099999	0.36709963519999994	0.56378370768	-0.19668407248000003
23100000	23149999	0.36130480773999996	0.56378370768	-0.20247889994
23150000	23199999	0.33463641922	0.56378370768	-0.22914728846
23200000	23249999	0.36026086162	0.56378370768	-0.20352284605999998
23250000	23299999	0.3765346876	0.56378370768	-0.18724902008
23300000	23349999	0.28804701934	0.56378370768	-0.27573668834
23350000	23399999	0.25278846947999994	0.56378370768	-0.3109952382
23400000	23449999	0.2270956058	0.56378370768	-0.33668810188
23450000	23499999	0.17558065565999997	0.56378370768	-0.38820305202
23500000	23549999	0.12286213155999992	0.56378370768	-0.44092157612000005
23550000	23599999	0.15066881163999996	0.56378370768	-0.41311489604
23600000	23649999	0.18349959247999997	0.56378370768	-0.3802841152
23650000	23699999	0.20520167198	0.56378370768	-0.35858203569999997
23700000	23749999	0.19011130348	0.56378370768	-0.3736724042
23750000	23799999	0.17504293539999993	0.56378370768	-0.38874077228000004
23800000	23849999	0.16269783468	0.56378370768	-0.401085873
23850000	23899999	0.12829675609999996	0.56378370768	-0.43548695158
23900000	23949999	0.09981626189999998	0.56378370768	-0.46396744578
23950000	23999999	0.10310752595999989	0.56378370768	-0.4606761817200001
24000000	24049999	0.1118236407799999	0.56378370768	-0.45196006690000007
24050000	24099999	0.10958598821999993	0.56378370768	-0.45419771946000004
24100000	24149999	0.12298454415999993	0.56378370768	-0.44079916352000004
24150000	24199999	0.13474058473999995	0.56378370768	-0.42904312294
24200000	24249999	0.13619230919999992	0.56378370768	-0.42759139848000005
24250000	24299999	0.11481758134000003	0.56378370768	-0.44896612633999994
24300000	24349999	0.09517622109999996	0.56378370768	-0.46860748658
24350000	24399999	0.07201566885999999	0.56378370768	-0.49176803882
24400000	24449999	0.04302887605999994	0.56378370768	-0.52075483162
24450000	24499999	0.02164354687999992	0.56378370768	-0.5421401608
24500000	24549999	0.01957242981999996	0.56378370768	-0.54421127786
24550000	24599999	0.010711436319999823	0.56378370768	-0.5530722713600001
24600000	24649999	0.01493897261999988	0.56378370768	-0.5488447350600001
24650000	24699999	0.018843286819999916	0.56378370768	-0.54494042086
24700000	24749999	0.025236983559999926	0.56378370768	-0.53854672412
24750000	24799999	0.026371054079999956	0.56378370768	-0.5374126536
24800000	24849999	0.04786841884000004	0.56378370768	-0.5159152888399999
24850000	24899999	0.09005893547999994	0.56378370768	-0.47372477220000003
24900000	24949999	0.12306993751999995	0.56378370768	-0.44071377016
24950000	24999999	0.1405380726	0.56378370768	-0.42324563507999996
25000000	25049999	0.16653132966	0.56378370768	-0.39725237801999996
25050000	25099999	0.19185317786	0.56378370768	-0.37193052981999997
25100000	25149999	0.17702238114000002	0.56378370768	-0.38676132653999995
25150000	25199999	0.17854631851999997	0.56378370768	-0.38523738916
25200000	25249999	0.19778503246	0.56378370768	-0.36599867521999996
25250000	25299999	0.21477981414000002	0.56378370768	-0.34900389353999994
25300000	25349999	0.20166069775999995	0.56378370768	-0.36212300992
25350000	25399999	0.18312370666	0.56378370768	-0.38066000101999997
25400000	25449999	0.15881698955999995	0.56378370768	-0.40496671812
25450000	25499999	0.13777954202000003	0.56378370768	-0.42600416565999993
25500000	25549999	0.13917950563999998	0.56378370768	-0.42460420204
25550000	25599999	0.17176147081999993	0.56378370768	-0.39202223686000004
25600000	25649999	0.17687430927999997	0.56378370768	-0.3869093984
25650000	25699999	0.11325421586000001	0.56378370768	-0.45052949181999996
25700000	25749999	0.17237448605999994	0.56378370768	-0.39140922162
25750000	25799999	0.3317658755199999	0.56378370768	-0.23201783216000005
25800000	25849999	0.53369258852	0.56378370768	-0.030091119159999957
25850000	25899999	0.55345006312	0.56378370768	-0.010333644559999966
25900000	25949999	0.52395859646	0.56378370768	-0.03982511121999999
25950000	25999999	0.47316185808	0.56378370768	-0.09062184959999997
26000000	26049999	0.44280896354	0.56378370768	-0.12097474413999998
26050000	26099999	0.25534468105999997	0.56378370768	-0.30843902662
26100000	26149999	0.48707332279999993	0.56378370768	-0.07671038488000004
26150000	26199999	0.68950492656	0.56378370768	0.12572121887999999
26200000	26249999	0.8616546387399999	0.56378370768	0.29787093105999995
26250000	26299999	0.7939355930799998	0.56378370768	0.23015188539999987
26300000	26349999	0.82624445106	0.56378370768	0.26246074338000003
26350000	26399999	0.6672418867	0.56378370768	0.10345817901999999
26400000	26449999	0.6537377181599999	0.56378370768	0.08995401047999996
26450000	26499999	0.56378370768	0.56378370768	0.0
26500000	26549999	0.56378370768	0.56378370768	0.0
26550000	26599999	0.56378370768	0.56378370768	0.0
26600000	26649999	0.56378370768	0.56378370768	0.0
26650000	26699999	0.56378370768	0.56378370768	0.0
26700000	26749999	0.56378370768	0.56378370768	0.0
26750000	26799999	0.56378370768	0.56378370768	0.0
26800000	26849999	0.56378370768	0.56378370768	0.0
26850000	26899999	0.56378370768	0.56378370768	0.0
26900000	26949999	0.56378370768	0.56378370768	0.0
26950000	26999999	0.56378370768	0.56378370768	0.0
27000000	27049999	0.56378370768	0.56378370768	0.0
27050000	27099999	0.56378370768	0.56378370768	0.0
27100000	27149999	0.56378370768	0.56378370768	0.0
27150000	27199999	0.56378370768	0.56378370768	0.0
27200000	27249999	0.56378370768	0.56378370768	0.0
27250000	27299999	0.56378370768	0.56378370768	0.0
27300000	27349999	0.56378370768	0.56378370768	0.0
27350000	27399999	0.56378370768	0.56378370768	0.0
27400000	27449999	0.56378370768	0.56378370768	0.0
27450000	27499999	0.56378370768	0.56378370768	0.0
27500000	27549999	0.56378370768	0.56378370768	0.0
27550000	27599999	0.56378370768	0.56378370768	0.0
27600000	27649999	0.56378370768	0.56378370768	0.0
27650000	27699999	0.56378370768	0.56378370768	0.0
27700000	27749999	0.56378370768	0.56378370768	0.0
27750000	27799999	0.56378370768	0.56378370768	0.0
27800000	27849999	0.56378370768	0.56378370768	0.0
27850000	27899999	0.56378370768	0.56378370768	0.0
27900000	27949999	0.56378370768	0.56378370768	0.0
27950000	27999999	0.56378370768	0.56378370768	0.0
28000000	28049999	0.56378370768	0.56378370768	0.0
28050000	28099999	0.56378370768	0.56378370768	0.0
28100000	28149999	0.56378370768	0.56378370768	0.0
28150000	28199999	0.56378370768	0.56378370768	0.0
28200000	28249999	0.56378370768	0.56378370768	0.0
28250000	28299999	0.56378370768	0.56378370768	0.0
28300000	28349999	0.56378370768	0.56378370768	0.0
28350000	28399999	0.56378370768	0.56378370768	0.0
28400000	28449999	0.56378370768	0.56378370768	0.0
28450000	28499999	0.56378370768	0.56378370768	0.0
28500000	28549999	0.56378370768	0.56378370768	0.0
28550000	28599999	0.56378370768	0.56378370768	0.0
28600000	28649999	0.56378370768	0.56378370768	0.0
28650000	28699999	0.56378370768	0.56378370768	0.0
28700000	28749999	0.56378370768	0.56378370768	0.0
28750000	28799999	0.56378370768	0.56378370768	0.0
28800000	28849999	0.56378370768	0.56378370768	0.0
28850000	28899999	0.56378370768	0.56378370768	0.0
28900000	28949999	0.56378370768	0.56378370768	0.0
28950000	28999999	0.56378370768	0.56378370768	0.0
29000000	29049999	0.56378370768	0.56378370768	0.0
29050000	29099999	0.56378370768	0.56378370768	0.0
29100000	29149999	0.56378370768	0.56378370768	0.0
29150000	29199999	0.56378370768	0.56378370768	0.0
29200000	29249999	0.56378370768	0.56378370768	0.0
29250000	29299999	0.56378370768	0.56378370768	0.0
29300000	29349999	0.5548105625799999	0.56378370768	-0.008973145100000024
29350000	29399999	0.6238309146	0.56378370768	0.060047206919999985
29400000	29449999	0.66856583054	0.56378370768	0.10478212286
29450000	29499999	0.86989971896	0.56378370768	0.30611601128
29500000	29549999	1.1665823671	0.56378370768	0.60279865942
29550000	29599999	1.49079119112	0.56378370768	0.9270074834400001
29600000	29649999	1.4217708391000001	0.56378370768	0.8579871314200002
29650000	29699999	1.37703592316	0.56378370768	0.81325221548
29700000	29749999	1.14590078074	0.56378370768	0.5821170730599999
29750000	29799999	0.7892239077000001	0.56378370768	0.2254402000200001
29800000	29849999	0.44494049851999995	0.56378370768	-0.11884320916000002
29850000	29899999	0.41582457727999994	0.56378370768	-0.14795913040000003
29900000	29949999	0.39396505351999994	0.56378370768	-0.16981865416000003
29950000	29999999	0.40278653406	0.56378370768	-0.16099717362
30000000	30049999	0.48216285266	0.56378370768	-0.08162085502
30050000	30099999	0.52527286802	0.56378370768	-0.03851083966000002
30100000	30149999	0.60150330942	0.56378370768	0.03771960174
30150000	30199999	0.69036480122	0.56378370768	0.12658109354000002
30200000	30249999	0.7729112941	0.56378370768	0.20912758642000007
30250000	30299999	0.80157447218	0.56378370768	0.23779076450000003
30300000	30349999	0.81611595692	0.56378370768	0.2523322492400001
30350000	30399999	0.77938886348	0.56378370768	0.21560515580000006
30400000	30449999	0.70188652014	0.56378370768	0.13810281246
30450000	30499999	0.67207420042	0.56378370768	0.10829049274000002
30500000	30549999	0.63614005934	0.56378370768	0.07235635165999998
30550000	30599999	0.6264006703	0.56378370768	0.06261696262000005
30600000	30649999	0.63174860956	0.56378370768	0.06796490188000004
30650000	30699999	0.65505768054	0.56378370768	0.09127397286000005
30700000	30749999	0.66896479456	0.56378370768	0.10518108688000005
30750000	30799999	0.7090953311799999	0.56378370768	0.14531162349999993
30800000	30849999	0.72709066306	0.56378370768	0.16330695538000006
30850000	30899999	0.7793180904999999	0.56378370768	0.21553438281999993
30900000	30949999	0.7739408743	0.56378370768	0.21015716662000006
30950000	30999999	0.73234240732	0.56378370768	0.16855869964000003
31000000	31049999	0.73120931708	0.56378370768	0.16742560940000006
31050000	31099999	0.74263707516	0.56378370768	0.17885336748000003
31100000	31149999	0.74501036518	0.56378370768	0.1812266575
31150000	31199999	0.78528407462	0.56378370768	0.22150036694000008
31200000	31249999	0.8320451820799999	0.56378370768	0.2682614743999999
31250000	31299999	0.8125826519599999	0.56378370768	0.24879894427999993
31300000	31349999	0.8174482431799999	0.56378370768	0.2536645354999999
31350000	31399999	0.7655400004999999	0.56378370768	0.20175629281999996
31400000	31449999	0.7430892661199999	0.56378370768	0.17930555843999996
31450000	31499999	0.6958716248999999	0.56378370768	0.1320879172199999
31500000	31549999	0.6502932644199999	0.56378370768	0.08650955673999994
31550000	31599999	0.5766410178	0.56378370768	0.01285731012000002
31600000	31649999	0.55357104766	0.56378370768	-0.010212660019999986
31650000	31699999	0.52044213568	0.56378370768	-0.043341571999999995
31700000	31749999	0.55425755238	0.56378370768	-0.009526155300000005
31750000	31799999	0.58942450224	0.56378370768	0.025640794560000013
31800000	31849999	0.67092427112	0.56378370768	0.10714056344
31850000	31899999	0.69370540278	0.56378370768	0.12992169510000007
31900000	31949999	0.75258210626	0.56378370768	0.18879839858000003
31950000	31999999	0.7466027077799999	0.56378370768	0.18281900009999996
32000000	32049999	0.7850114699399999	0.56378370768	0.22122776225999996
32050000	32099999	0.7873126618199999	0.56378370768	0.22352895413999996
32100000	32149999	0.7619104686	0.56378370768	0.19812676092000003
32150000	32199999	0.71468412988	0.56378370768	0.1509004222
32200000	32249999	0.7155572262800001	0.56378370768	0.1517735186000001
32250000	32299999	0.70230788538	0.56378370768	0.13852417770000003
32300000	32349999	0.6993947013999999	0.56378370768	0.13561099371999996
32350000	32399999	0.74060957362	0.56378370768	0.17682586594000005
32400000	32449999	0.75554761	0.56378370768	0.19176390232000007
32450000	32499999	0.75302108624	0.56378370768	0.18923737856
32500000	32549999	0.783588194	0.56378370768	0.21980448632000005
32550000	32599999	0.7864521338599999	0.56378370768	0.22266842617999993
32600000	32649999	0.81920973406	0.56378370768	0.25542602638
32650000	32699999	0.84861976518	0.56378370768	0.2848360575000001
32700000	32749999	0.83026320454	0.56378370768	0.26647949686000005
32750000	32799999	0.76350663314	0.56378370768	0.19972292546000003
32800000	32849999	0.7544850681399999	0.56378370768	0.19070136045999997
32850000	32899999	0.7398393452400001	0.56378370768	0.1760556375600001
32900000	32949999	0.7789636907399999	0.56378370768	0.21517998305999997
32950000	32999999	0.8540261576399999	0.56378370768	0.2902424499599999
33000000	33049999	0.8720695789599999	0.56378370768	0.30828587127999996
33050000	33099999	0.8335514385199999	0.56378370768	0.26976773083999994
33100000	33149999	0.8087845544399999	0.56378370768	0.2450008467599999
33150000	33199999	0.7357022871399999	0.56378370768	0.1719185794599999
33200000	33249999	0.71924269022	0.56378370768	0.15545898254
33250000	33299999	0.78238667592	0.56378370768	0.21860296824000003
33300000	33349999	0.80639745262	0.56378370768	0.24261374494
33350000	33399999	0.8248062786599999	0.56378370768	0.2610225709799999
33400000	33449999	0.86299608822	0.56378370768	0.29921238054
33450000	33499999	0.8049992967799999	0.56378370768	0.24121558909999996
33500000	33549999	0.75654612756	0.56378370768	0.19276241987999998
33550000	33599999	0.7958952563999999	0.56378370768	0.23211154871999995
33600000	33649999	0.7877904280599999	0.56378370768	0.2240067203799999
33650000	33699999	0.7925193611599999	0.56378370768	0.2287356534799999
33700000	33749999	0.80450707398	0.56378370768	0.24072336630000002
33750000	33799999	0.77673011858	0.56378370768	0.2129464109
33800000	33849999	0.7845030265199999	0.56378370768	0.22071931883999996
33850000	33899999	0.7626279349599999	0.56378370768	0.19884422727999995
33900000	33949999	0.7165158409999999	0.56378370768	0.1527321333199999
33950000	33999999	0.6960269082399999	0.56378370768	0.13224320055999994
34000000	34049999	0.67242502752	0.56378370768	0.10864131984000003
34050000	34099999	0.6131948401399999	0.56378370768	0.04941113245999995
34100000	34149999	0.64131270906	0.56378370768	0.07752900138000007
34150000	34199999	0.6619649573	0.56378370768	0.09818124962000008
34200000	34249999	0.7277920503199999	0.56378370768	0.16400834263999997
34250000	34299999	0.7761324864800001	0.56378370768	0.21234877880000014
34300000	34349999	0.79946103272	0.56378370768	0.23567732504000005
34350000	34399999	0.82787337212	0.56378370768	0.26408966444000004
34400000	34449999	0.8443474309800001	0.56378370768	0.2805637233000001
34450000	34499999	0.8277589425	0.56378370768	0.26397523482000007
34500000	34549999	0.82702025084	0.56378370768	0.26323654316
34550000	34599999	0.8024770741	0.56378370768	0.23869336642000005
34600000	34649999	0.76242310912	0.56378370768	0.19863940144000003
34650000	34699999	0.76607031886	0.56378370768	0.20228661118000002
34700000	34749999	0.7332774106	0.56378370768	0.16949370292
34750000	34799999	0.68005205202	0.56378370768	0.11626834434
34800000	34849999	0.54625332192	0.56378370768	-0.01753038575999999
34850000	34899999	0.49693337385999997	0.56378370768	-0.06685033382
34900000	34949999	0.44776215383999995	0.56378370768	-0.11602155384000001
34950000	34999999	0.45511874752	0.56378370768	-0.10866496015999999
35000000	35049999	0.47063264908	0.56378370768	-0.09315105859999995
35050000	35099999	0.58596645578	0.56378370768	0.022182748099999983
35100000	35149999	0.63730846548	0.56378370768	0.0735247578
35150000	35199999	0.6669271233199999	0.56378370768	0.10314341563999996
35200000	35249999	0.70115741566	0.56378370768	0.13737370798000004
35250000	35299999	0.72782338496	0.56378370768	0.16403967728000002
35300000	35349999	0.7275703576799999	0.56378370768	0.16378664999999992
35350000	35399999	0.70148132232	0.56378370768	0.13769761464000008
35400000	35449999	0.70900054684	0.56378370768	0.14521683916000006
35450000	35499999	0.67897635906	0.56378370768	0.11519265138000001
35500000	35549999	0.6672597702199999	0.56378370768	0.10347606253999997
35550000	35599999	0.71129381154	0.56378370768	0.14751010386000007
35600000	35649999	0.76282883644	0.56378370768	0.19904512876000002
35650000	35699999	0.76748973968	0.56378370768	0.20370603200000004
35700000	35749999	0.79692411882	0.56378370768	0.23314041114000006
35750000	35799999	0.85320763772	0.56378370768	0.28942393004
35800000	35849999	0.8683276500599999	0.56378370768	0.30454394237999993
35850000	35899999	0.85716024058	0.56378370768	0.2933765329
35900000	35949999	0.8114738674799999	0.56378370768	0.24769015979999998
35950000	35999999	0.71095805328	0.56378370768	0.14717434559999998
36000000	36049999	0.6780160074	0.56378370768	0.11423229972000004
36050000	36099999	0.65354552512	0.56378370768	0.08976181744
36100000	36149999	0.60619793006	0.56378370768	0.04241422238000003
36150000	36199999	0.63194387158	0.56378370768	0.06816016390000001
36200000	36249999	0.68251348432	0.56378370768	0.11872977664000006
36250000	36299999	0.7318740098000001	0.56378370768	0.1680903021200001
36300000	36349999	0.8053022784799999	0.56378370768	0.24151857079999994
36350000	36399999	0.84876878606	0.56378370768	0.28498507838
36400000	36449999	0.8308401220399999	0.56378370768	0.26705641435999994
36450000	36499999	0.80267367224	0.56378370768	0.23888996456
36500000	36549999	0.7695215987399999	0.56378370768	0.20573789105999996
36550000	36599999	0.73998988794	0.56378370768	0.17620618026
36600000	36649999	0.7707574025799999	0.56378370768	0.20697369489999995
36650000	36699999	0.84305694686	0.56378370768	0.27927323918
36700000	36749999	0.89125465164	0.56378370768	0.32747094396
36750000	36799999	0.8415655528799999	0.56378370768	0.27778184519999993
36800000	36849999	0.77394007276	0.56378370768	0.21015636508000002
36850000	36899999	0.735161242	0.56378370768	0.17137753432000002
36900000	36949999	0.70038756246	0.56378370768	0.13660385478000003
36950000	36999999	0.7048847874799999	0.56378370768	0.14110107979999997
37000000	37049999	0.785358153	0.56378370768	0.22157444532000004
37050000	37099999	0.91855120784	0.56378370768	0.35476750016
37100000	37149999	0.8813850964	0.56378370768	0.31760138872
37150000	37199999	0.8747337629999999	0.56378370768	0.31095005532
37200000	37249999	0.8852350582199999	0.56378370768	0.32145135053999996
37250000	37299999	0.84589216508	0.56378370768	0.2821084574
37300000	37349999	0.69901935604	0.56378370768	0.13523564836000002
37350000	37399999	0.76029648198	0.56378370768	0.19651277430000003
37400000	37449999	0.73977224668	0.56378370768	0.175988539
37450000	37499999	0.7483756623	0.56378370768	0.18459195462
37500000	37549999	0.82890902322	0.56378370768	0.2651253155400001
37550000	37599999	0.8423687421799999	0.56378370768	0.27858503449999994
37600000	37649999	0.77996856124	0.56378370768	0.21618485356000006
37650000	37699999	0.75160419732	0.56378370768	0.18782048963999998
37700000	37749999	0.70815713994	0.56378370768	0.14437343226
37750000	37799999	0.53277824084	0.56378370768	-0.03100546683999994
37800000	37849999	0.46191476699999995	0.56378370768	-0.10186894068000002
37850000	37899999	0.44892260028	0.56378370768	-0.1148611074
37900000	37949999	0.41274961052	0.56378370768	-0.15103409716
37950000	37999999	0.37958334841999997	0.56378370768	-0.18420035926
38000000	38049999	0.34812002696	0.56378370768	-0.21566368071999997
38050000	38099999	0.35254120988	0.56378370768	-0.21124249779999998
38100000	38149999	0.30789784896	0.56378370768	-0.25588585871999997
38150000	38199999	0.28323631396000004	0.56378370768	-0.2805473937199999
38200000	38249999	0.2605560142	0.56378370768	-0.30322769347999995
38250000	38299999	0.27793524933999997	0.56378370768	-0.28584845834
38300000	38349999	0.23883938439999997	0.56378370768	-0.32494432328
38350000	38399999	0.21856363235999998	0.56378370768	-0.34522007532
38400000	38449999	0.2431687816	0.56378370768	-0.32061492608
38450000	38499999	0.22378455120000001	0.56378370768	-0.33999915647999995
38500000	38549999	0.25153120434	0.56378370768	-0.31225250334
38550000	38599999	0.34099879588000004	0.56378370768	-0.22278491179999993
38600000	38649999	0.342926628	0.56378370768	-0.22085707967999996
38650000	38699999	0.36653023712	0.56378370768	-0.19725347055999998
38700000	38749999	0.39753635878	0.56378370768	-0.16624734889999998
38750000	38799999	0.36113523536	0.56378370768	-0.20264847232
38800000	38849999	0.29082905243999996	0.56378370768	-0.27295465524
38850000	38899999	0.33628167082	0.56378370768	-0.22750203685999998
38900000	38949999	0.3639975175	0.56378370768	-0.19978619018
38950000	38999999	0.35899186899999996	0.56378370768	-0.20479183868
39000000	39049999	0.37649069102	0.56378370768	-0.18729301665999998
39050000	39099999	0.3918294901	0.56378370768	-0.17195421757999996
39100000	39149999	0.40517899331999996	0.56378370768	-0.15860471436
39150000	39199999	0.33156062313999995	0.56378370768	-0.23222308454
39200000	39249999	0.36948983442	0.56378370768	-0.19429387325999997
39250000	39299999	0.41236134475999997	0.56378370768	-0.15142236292
39300000	39349999	0.4898263496	0.56378370768	-0.07395735807999998
39350000	39399999	0.51560977552	0.56378370768	-0.04817393215999999
39400000	39449999	0.56656569	0.56378370768	0.0027819823200000426
39450000	39499999	0.569268781	0.56378370768	0.0054850733200000334
39500000	39549999	0.63759109244	0.56378370768	0.07380738476000004
39550000	39599999	0.72543975524	0.56378370768	0.16165604756000007
39600000	39649999	0.86838881518	0.56378370768	0.3046051075
39650000	39699999	0.9106155096399999	0.56378370768	0.34683180195999996
39700000	39749999	0.9416949841	0.56378370768	0.37791127642
39750000	39799999	0.9179098637800001	0.56378370768	0.3541261561000001
39800000	39849999	0.84816874354	0.56378370768	0.2843850358600001
39850000	39899999	0.71136592078	0.56378370768	0.14758221310000008
39900000	39949999	0.68433411672	0.56378370768	0.12055040904000003
39950000	39999999	0.71894455212	0.56378370768	0.15516084444
40000000	40049999	0.8296965319599999	0.56378370768	0.26591282427999996
40050000	40099999	0.83124509852	0.56378370768	0.26746139084
40100000	40149999	0.86514921546	0.56378370768	0.30136550778000004
40150000	40199999	0.9293788307999999	0.56378370768	0.36559512312
40200000	40249999	0.92179748954	0.56378370768	0.35801378186
40250000	40299999	0.75916664652	0.56378370768	0.19538293884000002
40300000	40349999	0.6918926787999999	0.56378370768	0.12810897111999997
40350000	40399999	0.64688250764	0.56378370768	0.08309879996000002
40400000	40449999	0.59384326588	0.56378370768	0.03005955820000006
40450000	40499999	0.52198915156	0.56378370768	-0.04179455611999994
40500000	40549999	0.51227186358	0.56378370768	-0.05151184409999998
40550000	40599999	0.5254380834	0.56378370768	-0.03834562427999999
40600000	40649999	0.48844556522	0.56378370768	-0.07533814245999998
40650000	40699999	0.4464374955	0.56378370768	-0.11734621217999996
40700000	40749999	0.43133451978	0.56378370768	-0.1324491879
40750000	40799999	0.42201736087999997	0.56378370768	-0.1417663468
40800000	40849999	0.4204854804	0.56378370768	-0.14329822727999997
40850000	40899999	0.39723942949999996	0.56378370768	-0.16654427818
40900000	40949999	0.39445738581999995	0.56378370768	-0.16932632186000002
40950000	40999999	0.38585421901999994	0.56378370768	-0.17792948866000002
41000000	41049999	0.43308437318	0.56378370768	-0.1306993345
41050000	41099999	0.41226172557999996	0.56378370768	-0.1515219821
41100000	41149999	0.3724656516	0.56378370768	-0.19131805607999997
41150000	41199999	0.35446686018	0.56378370768	-0.20931684749999996
41200000	41249999	0.34183755273999994	0.56378370768	-0.22194615494000003
41250000	41299999	0.32857064523999996	0.56378370768	-0.23521306244
41300000	41349999	0.31885405079999996	0.56378370768	-0.24492965688
41350000	41399999	0.3822415459199999	0.56378370768	-0.18154216176000004
41400000	41449999	0.38924162015999997	0.56378370768	-0.17454208752
41450000	41499999	0.39696609033999997	0.56378370768	-0.16681761734
41500000	41549999	0.36827784111999995	0.56378370768	-0.19550586656000002
41550000	41599999	0.36730332775999996	0.56378370768	-0.19648037992
41600000	41649999	0.37826541135999997	0.56378370768	-0.18551829632
41650000	41699999	0.40715296883999996	0.56378370768	-0.15663073884
41700000	41749999	0.42038449007999995	0.56378370768	-0.14339921760000002
41750000	41799999	0.43662406045999996	0.56378370768	-0.12715964722
41800000	41849999	0.45074151673999996	0.56378370768	-0.11304219094000001
41850000	41899999	0.44613307018	0.56378370768	-0.11765063749999999
41900000	41949999	0.44412436631999996	0.56378370768	-0.11965934136
41950000	41999999	0.49165667714	0.56378370768	-0.07212703053999997
42000000	42049999	0.51712870148	0.56378370768	-0.04665500619999996
42050000	42099999	0.56552799998	0.56378370768	0.001744292300000061
42100000	42149999	0.62439486556	0.56378370768	0.060611157880000044
42150000	42199999	0.6779774946	0.56378370768	0.11419378692000004
42200000	42249999	0.6509192405199999	0.56378370768	0.08713553283999997
42250000	42299999	0.6318270066199999	0.56378370768	0.06804329893999994
42300000	42349999	0.6281004582399999	0.56378370768	0.06431675055999997
42350000	42399999	0.60032236588	0.56378370768	0.03653865820000002
42400000	42449999	0.54246672124	0.56378370768	-0.02131698644000002
42450000	42499999	0.55783554452	0.56378370768	-0.0059481631600000195
42500000	42549999	0.58710401202	0.56378370768	0.023320304339999987
42550000	42599999	0.55254535422	0.56378370768	-0.011238353460000017
42600000	42649999	0.5396145392599999	0.56378370768	-0.024169168420000053
42650000	42699999	0.55121950908	0.56378370768	-0.01256419860000002
42700000	42749999	0.57159564312	0.56378370768	0.0078119354400000285
42750000	42799999	0.52468079088	0.56378370768	-0.0391029168
42800000	42849999	0.53612281132	0.56378370768	-0.02766089636000002
42850000	42899999	0.5085462573999999	0.56378370768	-0.055237450280000044
42900000	42949999	0.54141201682	0.56378370768	-0.022371690860000015
42950000	42999999	0.53336075196	0.56378370768	-0.030422955719999978
43000000	43049999	0.5811820876399999	0.56378370768	0.017398379959999932
43050000	43099999	0.6492636652999999	0.56378370768	0.08547995761999994
43100000	43149999	0.6876125353599999	0.56378370768	0.12382882767999992
43150000	43199999	0.6927713396199999	0.56378370768	0.12898763193999996
43200000	43249999	0.6625114395799999	0.56378370768	0.09872773189999995
43250000	43299999	0.61875224662	0.56378370768	0.05496853893999998
43300000	43349999	0.5416337743199999	0.56378370768	-0.02214993336000004
43350000	43399999	0.5955173271599999	0.56378370768	0.031733619479999975
43400000	43449999	0.6033379113	0.56378370768	0.03955420362000006
43450000	43499999	0.66163065686	0.56378370768	0.09784694918000003
43500000	43549999	0.84219930214	0.56378370768	0.2784155944600001
43550000	43599999	1.02327204128	0.56378370768	0.4594883336000001
43600000	43649999	1.01739409928	0.56378370768	0.45361039159999994
43650000	43699999	1.0503098012999998	0.56378370768	0.4865260936199999
43700000	43749999	1.02472055618	0.56378370768	0.46093684849999994
43750000	43799999	0.94530819622	0.56378370768	0.38152448854
43800000	43849999	0.7831234686199999	0.56378370768	0.21933976093999996
43850000	43899999	0.7616412102999999	0.56378370768	0.1978575026199999
43900000	43949999	0.7166499878599999	0.56378370768	0.15286628017999992
43950000	43999999	0.7136249105	0.56378370768	0.14984120282000002
44000000	44049999	0.6798704396599999	0.56378370768	0.11608673197999997
44050000	44099999	0.73260738942	0.56378370768	0.16882368174000006
44100000	44149999	0.7414771444799999	0.56378370768	0.17769343679999994
44150000	44199999	0.78455942202	0.56378370768	0.22077571433999998
44200000	44249999	0.7915506667199999	0.56378370768	0.22776695903999988
44250000	44299999	0.7800011684199999	0.56378370768	0.21621746073999992
44300000	44349999	0.7699767157799999	0.56378370768	0.20619300809999996
44350000	44399999	0.7582170614599999	0.56378370768	0.19443335377999993
44400000	44449999	0.7497328886999999	0.56378370768	0.1859491810199999
44450000	44499999	0.7458500002399999	0.56378370768	0.18206629255999995
44500000	44549999	0.72476915816	0.56378370768	0.16098545048000001
44550000	44599999	0.72232461772	0.56378370768	0.15854091004000004
44600000	44649999	0.7491045601799999	0.56378370768	0.18532085249999997
44650000	44699999	0.7238953714199999	0.56378370768	0.16011166373999997
44700000	44749999	0.7027522678	0.56378370768	0.13896856012000003
44750000	44799999	0.7249959459399999	0.56378370768	0.16121223825999997
44800000	44849999	0.6819901925399999	0.56378370768	0.11820648485999996
44850000	44899999	0.6563589344799999	0.56378370768	0.09257522679999997
44900000	44949999	0.6560860766	0.56378370768	0.09230236891999999
44950000	44999999	0.69766731332	0.56378370768	0.13388360564000001
45000000	45049999	0.7429843833600001	0.56378370768	0.1792006756800001
45050000	45099999	0.7770669118	0.56378370768	0.21328320412000001
45100000	45149999	0.782003405	0.56378370768	0.21821969732000002
45150000	45199999	0.79184269858	0.56378370768	0.22805899090000004
45200000	45249999	0.8104769437399999	0.56378370768	0.24669323605999993
45250000	45299999	0.7565239391799999	0.56378370768	0.19274023149999997
45300000	45349999	0.7110773362599999	0.56378370768	0.14729362857999995
45350000	45399999	0.7026364971	0.56378370768	0.13885278942
45400000	45449999	0.6508308289	0.56378370768	0.08704712122000002
45450000	45499999	0.60933648716	0.56378370768	0.04555277948000003
45500000	45549999	0.6035391771199999	0.56378370768	0.03975546943999997
45550000	45599999	0.64014891912	0.56378370768	0.07636521144000008
45600000	45649999	0.6339080645399999	0.56378370768	0.07012435685999996
45650000	45699999	0.6925424141200001	0.56378370768	0.1287587064400001
45700000	45749999	0.70178365262	0.56378370768	0.13799994494
45750000	45799999	0.6918902112800001	0.56378370768	0.1281065036000001
45800000	45849999	0.7147962193799999	0.56378370768	0.15101251169999996
45850000	45899999	0.77884346764	0.56378370768	0.21505975996000004
45900000	45949999	0.79522626392	0.56378370768	0.23144255623999999
45950000	45999999	0.8127410803399999	0.56378370768	0.24895737265999995
46000000	46049999	0.85997777006	0.56378370768	0.29619406238
46050000	46099999	0.88330261674	0.56378370768	0.31951890906
46100000	46149999	0.9242156641599999	0.56378370768	0.3604319564799999
46150000	46199999	0.88567618308	0.56378370768	0.3218924754
46200000	46249999	0.8510588604599999	0.56378370768	0.28727515277999993
46250000	46299999	0.79448424738	0.56378370768	0.23070053970000004
46300000	46349999	0.6904580285599999	0.56378370768	0.12667432087999997
46350000	46399999	0.51748089064	0.56378370768	-0.046302817039999944
46400000	46449999	0.48851149145999995	0.56378370768	-0.07527221622000002
46450000	46499999	0.43867740487999995	0.56378370768	-0.1251063028
46500000	46549999	0.40632525655999996	0.56378370768	-0.15745845112
46550000	46599999	0.43140217841999995	0.56378370768	-0.13238152926000002
46600000	46649999	0.48898489116	0.56378370768	-0.07479881651999998
46650000	46699999	0.5055790851599999	0.56378370768	-0.05820462252000003
46700000	46749999	0.52425837646	0.56378370768	-0.039525331220000015
46750000	46799999	0.53112564544	0.56378370768	-0.03265806224000001
46800000	46849999	0.54874561116	0.56378370768	-0.015038096519999988
46850000	46899999	0.49628872198	0.56378370768	-0.06749498569999995
46900000	46949999	0.44932044098	0.56378370768	-0.11446326669999995
46950000	46999999	0.4355989879	0.56378370768	-0.12818471977999996
47000000	47049999	0.47014586263999997	0.56378370768	-0.09363784504
47050000	47099999	0.42877692423999997	0.56378370768	-0.13500678344
47100000	47149999	0.45741733043999994	0.56378370768	-0.10636637724000003
47150000	47199999	0.49506507455999993	0.56378370768	-0.06871863312000004
47200000	47249999	0.56408764204	0.56378370768	0.00030393435999998
47250000	47299999	0.53807098638	0.56378370768	-0.02571272130000002
47300000	47349999	0.58326743446	0.56378370768	0.019483726779999988
47350000	47399999	0.6677758834399999	0.56378370768	0.10399217575999997
47400000	47449999	0.71441309978	0.56378370768	0.15062939210000004
47450000	47499999	0.69087109914	0.56378370768	0.12708739146000003
47500000	47549999	0.7227620141	0.56378370768	0.15897830642
47550000	47599999	0.76688220204	0.56378370768	0.20309849436000005
47600000	47649999	0.7564882019200001	0.56378370768	0.19270449424000013
47650000	47699999	0.76557364768	0.56378370768	0.20178994000000006
47700000	47749999	0.77371373692	0.56378370768	0.20993002924000004
47750000	47799999	0.7756743881	0.56378370768	0.21189068042000003
47800000	47849999	0.7648034375399999	0.56378370768	0.20101972985999994
47850000	47899999	0.7308680138199999	0.56378370768	0.16708430613999992
47900000	47949999	0.7366196901	0.56378370768	0.17283598241999998
47950000	47999999	0.7339566748199999	0.56378370768	0.17017296713999996
48000000	48049999	0.70548067614	0.56378370768	0.14169696846000002
48050000	48099999	0.6596287091799999	0.56378370768	0.09584500149999997
48100000	48149999	0.6528731383399999	0.56378370768	0.08908943065999997
48150000	48199999	0.6526008141599999	0.56378370768	0.08881710647999996
48200000	48249999	0.68317318594	0.56378370768	0.11938947826000001
48250000	48299999	0.72712661864	0.56378370768	0.1633429109600001
48300000	48349999	0.7706636229399999	0.56378370768	0.20687991525999994
48350000	48399999	0.80925736464	0.56378370768	0.24547365696
48400000	48449999	0.7396938119	0.56378370768	0.17591010422000009
48450000	48499999	0.7065611333399999	0.56378370768	0.14277742565999996
48500000	48549999	0.69702878114	0.56378370768	0.13324507346000003
48550000	48599999	0.67656305192	0.56378370768	0.11277934424000002
48600000	48649999	0.67027279126	0.56378370768	0.10648908357999998
48650000	48699999	0.7235381321	0.56378370768	0.15975442441999999
48700000	48749999	0.70716788438	0.56378370768	0.14338417670000003
48750000	48799999	0.73241389756	0.56378370768	0.16863018988
48800000	48849999	0.75574590582	0.56378370768	0.19196219814000004
48850000	48899999	0.7609129515599999	0.56378370768	0.19712924387999997
48900000	48949999	0.74508329446	0.56378370768	0.18129958678000002
48950000	48999999	0.8075379939	0.56378370768	0.24375428622000006
49000000	49049999	0.8487889736199999	0.56378370768	0.28500526594
49050000	49099999	0.8545232803799999	0.56378370768	0.29073957269999995
49100000	49149999	0.79897885098	0.56378370768	0.23519514330000002
49150000	49199999	0.79729013878	0.56378370768	0.23350643110000002
49200000	49249999	0.7867686317	0.56378370768	0.22298492402000003
49250000	49299999	0.75048842564	0.56378370768	0.18670471796
49300000	49349999	0.7551350084599999	0.56378370768	0.19135130077999996
49350000	49399999	0.76767874304	0.56378370768	0.20389503535999998
49400000	49449999	0.7847520404399999	0.56378370768	0.22096833275999994
49450000	49499999	0.7570374853799999	0.56378370768	0.19325377769999996
49500000	49549999	0.7238000854	0.56378370768	0.16001637772
49550000	49599999	0.70711530356	0.56378370768	0.14333159588
49600000	49649999	0.7081024922400001	0.56378370768	0.14431878456000014
49650000	49699999	0.68563866614	0.56378370768	0.12185495846000005
49700000	49749999	0.65495742392	0.56378370768	0.09117371624000004
49750000	49799999	0.6194545473	0.56378370768	0.05567083962000008
49800000	49849999	0.58600431902	0.56378370768	0.022220611340000085
49850000	49899999	0.59892173368	0.56378370768	0.035138026000000044
49900000	49949999	0.5928594810200001	0.56378370768	0.02907577334000011
49950000	49999999	0.6277363854	0.56378370768	0.06395267772000002
50000000	50049999	0.66001022754	0.56378370768	0.09622651986000008
50050000	50099999	0.65089404778	0.56378370768	0.08711034010000007
50100000	50149999	0.6408860971	0.56378370768	0.07710238942000003
50150000	50199999	0.62598466556	0.56378370768	0.06220095788000002
50200000	50249999	0.5950739719	0.56378370768	0.03129026422000003
50250000	50299999	0.531878528	0.56378370768	-0.03190517967999995
50300000	50349999	0.5163930649799999	0.56378370768	-0.04739064270000004
50350000	50399999	0.50250808278	0.56378370768	-0.061275624899999936
50400000	50449999	0.49588442006	0.56378370768	-0.06789928761999997
50450000	50499999	0.5610766121999999	0.56378370768	-0.0027070954800000324
50500000	50549999	0.60063398202	0.56378370768	0.03685027433999999
50550000	50599999	0.61251439064	0.56378370768	0.04873068296000005
50600000	50649999	0.60972744366	0.56378370768	0.04594373598000001
50650000	50699999	0.6099786982	0.56378370768	0.04619499051999998
50700000	50749999	0.53490222906	0.56378370768	-0.028881478620000012
50750000	50799999	0.53974287972	0.56378370768	-0.024040827959999955
50800000	50849999	0.53695069582	0.56378370768	-0.026833011859999978
50850000	50899999	0.5746617833	0.56378370768	0.010878075619999983
50900000	50949999	0.56472590794	0.56378370768	0.0009422002600000257
50950000	50999999	0.54212684268	0.56378370768	-0.02165686499999997
51000000	51049999	0.5227337785	0.56378370768	-0.041049929179999944
51050000	51099999	0.49869761004	0.56378370768	-0.06508609763999995
51100000	51149999	0.43833844416	0.56378370768	-0.12544526351999996
51150000	51199999	0.44622843634	0.56378370768	-0.11755527133999999
51200000	51249999	0.45476568535999995	0.56378370768	-0.10901802232000002
51250000	51299999	0.4875740261	0.56378370768	-0.07620968157999997
51300000	51349999	0.52261709232	0.56378370768	-0.04116661535999999
51350000	51399999	0.51150332054	0.56378370768	-0.05228038713999994
51400000	51449999	0.50933986806	0.56378370768	-0.05444383961999999
51450000	51499999	0.53414693488	0.56378370768	-0.02963677279999999
51500000	51549999	0.5310515742399999	0.56378370768	-0.03273213344000003
51550000	51599999	0.5642063544599999	0.56378370768	0.0004226467799999245
51600000	51649999	0.6160865408599999	0.56378370768	0.05230283317999995
51650000	51699999	0.73590257848	0.56378370768	0.1721188708
51700000	51749999	0.76870030746	0.56378370768	0.20491659977999999
51750000	51799999	0.78942336792	0.56378370768	0.22563966024000004
51800000	51849999	0.7881418193	0.56378370768	0.22435811162000008
51850000	51899999	0.7957307352999999	0.56378370768	0.23194702761999997
51900000	51949999	0.67298166068	0.56378370768	0.10919795300000001
51950000	51999999	0.6305885866	0.56378370768	0.06680487891999998
52000000	52049999	0.58493459842	0.56378370768	0.021150890739999983
52050000	52099999	0.57670490814	0.56378370768	0.012921200460000004
52100000	52149999	0.6156114901399999	0.56378370768	0.05182778245999997
52150000	52199999	0.6859862622799999	0.56378370768	0.12220255459999996
52200000	52249999	0.7152353561	0.56378370768	0.15145164842000003
52250000	52299999	0.79176127476	0.56378370768	0.22797756708000005
52300000	52349999	0.80151768454	0.56378370768	0.23773397686000008
52350000	52399999	0.75448829318	0.56378370768	0.19070458550000002
52400000	52449999	0.7101003753999999	0.56378370768	0.14631666771999996
52450000	52499999	0.7302208585000001	0.56378370768	0.1664371508200001
52500000	52549999	0.67770553494	0.56378370768	0.11392182726
52550000	52599999	0.67156127986	0.56378370768	0.10777757218000006
52600000	52649999	0.66354350186	0.56378370768	0.09975979418000003
52650000	52699999	0.66322365434	0.56378370768	0.09943994666
52700000	52749999	0.63450903062	0.56378370768	0.07072532294
52750000	52799999	0.60350798208	0.56378370768	0.03972427440000004
52800000	52849999	0.534519007	0.56378370768	-0.029264700679999978
52850000	52899999	0.49030246867999994	0.56378370768	-0.07348123900000003
52900000	52949999	0.47541195882	0.56378370768	-0.08837174885999999
52950000	52999999	0.38229186497999995	0.56378370768	-0.18149184270000002
53000000	53049999	0.33917546889999994	0.56378370768	-0.22460823878000002
53050000	53099999	0.31874753326	0.56378370768	-0.24503617441999997
53100000	53149999	0.30555581647999996	0.56378370768	-0.2582278912
53150000	53199999	0.25837976974	0.56378370768	-0.30540393794
53200000	53249999	0.28997270527999996	0.56378370768	-0.2738110024
53250000	53299999	0.29427693952	0.56378370768	-0.26950676815999997
53300000	53349999	0.29596310058	0.56378370768	-0.26782060709999994
53350000	53399999	0.285895634	0.56378370768	-0.27788807367999996
53400000	53449999	0.2823884735	0.56378370768	-0.28139523417999995
53450000	53499999	0.28030549027999996	0.56378370768	-0.2834782174
53500000	53549999	0.35934391423999995	0.56378370768	-0.20443979344000002
53550000	53599999	0.37875788867999993	0.56378370768	-0.18502581900000004
53600000	53649999	0.47037811591999995	0.56378370768	-0.09340559176000002
53650000	53699999	0.48394289439999993	0.56378370768	-0.07984081328000003
53700000	53749999	0.50324178976	0.56378370768	-0.060541917919999966
53750000	53799999	0.42546148677999995	0.56378370768	-0.13832222090000001
53800000	53849999	0.41721694352	0.56378370768	-0.14656676415999997
53850000	53899999	0.31917315828	0.56378370768	-0.2446105494
53900000	53949999	0.32483312383999996	0.56378370768	-0.23895058384
53950000	53999999	0.33082777362000004	0.56378370768	-0.23295593405999993
54000000	54049999	0.3156336327	0.56378370768	-0.24815007497999997
54050000	54099999	0.3285708099	0.56378370768	-0.23521289777999999
54100000	54149999	0.33637331894	0.56378370768	-0.22741038873999997
54150000	54199999	0.29202561643999997	0.56378370768	-0.27175809124
54200000	54249999	0.27283288353999996	0.56378370768	-0.29095082414
54250000	54299999	0.2615950496399999	0.56378370768	-0.30218865804000006
54300000	54349999	0.22795479431999993	0.56378370768	-0.33582891336000004
54350000	54399999	0.21799881459999998	0.56378370768	-0.34578489308
54400000	54449999	0.2214632086599999	0.56378370768	-0.34232049902000006
54450000	54499999	0.17729204909999996	0.56378370768	-0.38649165858
54500000	54549999	0.22132457012	0.56378370768	-0.34245913755999996
54550000	54599999	0.22261310203999995	0.56378370768	-0.34117060564
54600000	54649999	0.2262980584	0.56378370768	-0.33748564927999997
54650000	54699999	0.23729442922	0.56378370768	-0.32648927846
54700000	54749999	0.25732264514	0.56378370768	-0.30646106254
54750000	54799999	0.25571382194	0.56378370768	-0.30806988574
54800000	54849999	0.33268214488	0.56378370768	-0.2311015628
54850000	54899999	0.47447883771999994	0.56378370768	-0.08930486996000003
54900000	54949999	0.5643428992199999	0.56378370768	0.0005591915399999481
54950000	54999999	0.6466140805199999	0.56378370768	0.08283037283999994
55000000	55049999	0.70357752484	0.56378370768	0.13979381716000006
55050000	55099999	0.67566006676	0.56378370768	0.11187635908000004
55100000	55149999	0.5520876188	0.56378370768	-0.011696088879999955
55150000	55199999	0.48684766479999997	0.56378370768	-0.07693604288
55200000	55249999	0.43252242182	0.56378370768	-0.13126128585999997
55250000	55299999	0.37691371799999995	0.56378370768	-0.18686998968000001
55300000	55349999	0.38523961943999996	0.56378370768	-0.17854408824
55350000	55399999	0.38775915291999996	0.56378370768	-0.17602455476
55400000	55449999	0.40311655939999996	0.56378370768	-0.16066714828
55450000	55499999	0.49310346184	0.56378370768	-0.07068024583999999
55500000	55549999	0.53452126894	0.56378370768	-0.029262438740000007
55550000	55599999	0.55497149804	0.56378370768	-0.008812209639999957
55600000	55649999	0.5891821644399999	0.56378370768	0.025398456759999966
55650000	55699999	0.5812899264	0.56378370768	0.017506218720000022
55700000	55749999	0.5060517064	0.56378370768	-0.05773200128
55750000	55799999	0.49842547435999995	0.56378370768	-0.06535823332000001
55800000	55849999	0.5258973568399999	0.56378370768	-0.03788635084000003
55850000	55899999	0.57860700242	0.56378370768	0.014823294739999993
55900000	55949999	0.65657856764	0.56378370768	0.09279485996000003
55950000	55999999	0.7198434015999999	0.56378370768	0.15605969391999996
56000000	56049999	0.7559872955	0.56378370768	0.19220358782000002
56050000	56099999	0.7688575908199999	0.56378370768	0.20507388313999997
56100000	56149999	0.7030417495399999	0.56378370768	0.1392580418599999
56150000	56199999	0.6227820749999999	0.56378370768	0.05899836731999997
56200000	56249999	0.56139232454	0.56378370768	-0.0023913831399999808
56250000	56299999	0.5152570330199999	0.56378370768	-0.048526674660000046
56300000	56349999	0.3946856019599999	0.56378370768	-0.16909810572000006
56350000	56399999	0.36776278681999997	0.56378370768	-0.19602092086
56400000	56449999	0.37968147253999995	0.56378370768	-0.18410223514000001
56450000	56499999	0.35552513321999996	0.56378370768	-0.20825857446
56500000	56549999	0.3622744071799999	0.56378370768	-0.20150930050000004
56550000	56599999	0.42296067462	0.56378370768	-0.14082303306
56600000	56649999	0.46578076641999994	0.56378370768	-0.09800294126000003
56650000	56699999	0.47776781909999994	0.56378370768	-0.08601588858000003
56700000	56749999	0.5783621313199999	0.56378370768	0.014578423639999949
56750000	56799999	0.63425211976	0.56378370768	0.07046841207999999
56800000	56849999	0.70204711912	0.56378370768	0.13826341143999998
56850000	56899999	0.7525135383999999	0.56378370768	0.18872983071999994
56900000	56949999	0.76353550034	0.56378370768	0.19975179265999998
56950000	56999999	0.7097959087	0.56378370768	0.14601220102
57000000	57049999	0.67036265484	0.56378370768	0.10657894716000005
57050000	57099999	0.5970395468199999	0.56378370768	0.033255839139999965
57100000	57149999	0.5603257563799999	0.56378370768	-0.0034579513000000395
57150000	57199999	0.5162131128599999	0.56378370768	-0.047570594820000034
57200000	57249999	0.5257663147199999	0.56378370768	-0.03801739296000006
57250000	57299999	0.48331050678	0.56378370768	-0.08047320089999999
57300000	57349999	0.47725446777999997	0.56378370768	-0.0865292399
57350000	57399999	0.45571504257999995	0.56378370768	-0.10806866510000002
57400000	57449999	0.5168834753	0.56378370768	-0.04690023237999996
57450000	57499999	0.53443398414	0.56378370768	-0.029349723539999983
57500000	57549999	0.63279859894	0.56378370768	0.06901489126000004
57550000	57599999	0.6570967706399999	0.56378370768	0.09331306295999997
57600000	57649999	0.65877017484	0.56378370768	0.09498646716000003
57650000	57699999	0.60550412664	0.56378370768	0.041720418960000005
57700000	57749999	0.5829141636399999	0.56378370768	0.01913045595999996
57750000	57799999	0.5190255509999999	0.56378370768	-0.04475815668000005
57800000	57849999	0.4812978927799999	0.56378370768	-0.08248581490000007
57850000	57899999	0.4567001330399999	0.56378370768	-0.10708357464000007
57900000	57949999	0.44714847369999994	0.56378370768	-0.11663523398000003
57950000	57999999	0.4292261500799999	0.56378370768	-0.13455755760000004
58000000	58049999	0.3939040241199999	0.56378370768	-0.16987968356000005
58050000	58099999	0.39626792205999994	0.56378370768	-0.16751578562000002
58100000	58149999	0.35830291103999995	0.56378370768	-0.20548079664000002
58150000	58199999	0.37843728823999995	0.56378370768	-0.18534641944000002
58200000	58249999	0.34766487688	0.56378370768	-0.2161188308
58250000	58299999	0.34676808843999996	0.56378370768	-0.21701561924
58300000	58349999	0.3397923736599999	0.56378370768	-0.22399133402000004
58350000	58399999	0.52408527972	0.56378370768	-0.039698427960000005
58400000	58449999	0.53143344296	0.56378370768	-0.03235026472000002
58450000	58499999	0.5436479424799999	0.56378370768	-0.020135765200000044
58500000	58549999	0.5427455012	0.56378370768	-0.021038206479999988
58550000	58599999	0.5262815632	0.56378370768	-0.03750214448
58600000	58649999	0.38006485601999995	0.56378370768	-0.18371885166000002
58650000	58699999	0.34310329444	0.56378370768	-0.22068041323999998
58700000	58749999	0.31506791753999996	0.56378370768	-0.24871579014
58750000	58799999	0.27943064892	0.56378370768	-0.28435305875999994
58800000	58849999	0.27071327408	0.56378370768	-0.29307043359999996
58850000	58899999	0.25992405389999995	0.56378370768	-0.30385965378
58900000	58949999	0.26805768997999996	0.56378370768	-0.2957260177
58950000	58999999	0.27017539108	0.56378370768	-0.2936083166
59000000	59049999	0.28346488297999994	0.56378370768	-0.2803188247
59050000	59099999	0.2740178297	0.56378370768	-0.28976587798
59100000	59149999	0.24271311784	0.56378370768	-0.32107058984
59150000	59199999	0.25400817883999993	0.56378370768	-0.30977552884000004
59200000	59249999	0.24930136341999998	0.56378370768	-0.31448234426
59250000	59299999	0.25713112409999994	0.56378370768	-0.30665258358
59300000	59349999	0.2558659827	0.56378370768	-0.30791772498
59350000	59399999	0.27445783156	0.56378370768	-0.28932587612
59400000	59449999	0.23827791006	0.56378370768	-0.32550579762
59450000	59499999	0.22865112046000002	0.56378370768	-0.33513258721999994
59500000	59549999	0.21239190868000002	0.56378370768	-0.35139179899999995
59550000	59599999	0.22296634354	0.56378370768	-0.34081736413999997
59600000	59649999	0.21107916587999997	0.56378370768	-0.3527045418
59650000	59699999	0.22205614472000001	0.56378370768	-0.34172756295999995
59700000	59749999	0.20236050251999993	0.56378370768	-0.36142320516000004
59750000	59799999	0.19974477673999996	0.56378370768	-0.36403893094
59800000	59849999	0.20336425655999996	0.56378370768	-0.36041945112
59850000	59899999	0.21808642744	0.56378370768	-0.34569728023999996
59900000	59949999	0.23479886359999996	0.56378370768	-0.32898484408
59950000	59999999	0.29365479835999997	0.56378370768	-0.27012890932
60000000	60049999	0.32308313751999995	0.56378370768	-0.24070057016000002
60050000	60099999	0.32084305589999995	0.56378370768	-0.24294065178000002
60100000	60149999	0.33317768579999996	0.56378370768	-0.23060602188
60150000	60199999	0.32623598151999994	0.56378370768	-0.23754772616000003
60200000	60249999	0.28751756566	0.56378370768	-0.27626614202
60250000	60299999	0.26744044378	0.56378370768	-0.2963432639
60300000	60349999	0.2914272789	0.56378370768	-0.27235642878
60350000	60399999	0.3476303268	0.56378370768	-0.21615338087999997
60400000	60449999	0.32306831723999996	0.56378370768	-0.24071539044
60450000	60499999	0.34877188146	0.56378370768	-0.21501182621999998
60500000	60549999	0.37568665749999997	0.56378370768	-0.18809705018
60550000	60599999	0.40133643605999997	0.56378370768	-0.16244727162
60600000	60649999	0.3879580577399999	0.56378370768	-0.17582564994000005
60650000	60699999	0.4409906457999999	0.56378370768	-0.12279306188000005
60700000	60749999	0.47638527155999993	0.56378370768	-0.08739843612000003
60750000	60799999	0.47135476707999996	0.56378370768	-0.09242894060000001
60800000	60849999	0.44784624537999995	0.56378370768	-0.11593746230000002
60850000	60899999	0.47281490736	0.56378370768	-0.09096880031999999
60900000	60949999	0.49312847248	0.56378370768	-0.07065523519999994
60950000	60999999	0.41589121054	0.56378370768	-0.14789249713999997
61000000	61049999	0.4810891092	0.56378370768	-0.08269459847999999
61050000	61099999	0.5303331622799999	0.56378370768	-0.03345054540000003
61100000	61149999	0.56315509018	0.56378370768	-0.0006286174999999838
61150000	61199999	0.48193296029999994	0.56378370768	-0.08185074738000003
61200000	61249999	0.5865368275399999	0.56378370768	0.02275311985999995
61250000	61299999	0.58341127612	0.56378370768	0.01962756844000002
61300000	61349999	0.57960393892	0.56378370768	0.015820231239999982
61350000	61399999	0.49002078017999995	0.56378370768	-0.07376292750000002
61400000	61449999	0.5440809247399999	0.56378370768	-0.019702782940000052
61450000	61499999	0.49146281808	0.56378370768	-0.0723208896
61500000	61549999	0.42666859811999996	0.56378370768	-0.13711510956
61550000	61599999	0.37082211741999993	0.56378370768	-0.19296159026000004
61600000	61649999	0.37178920219999995	0.56378370768	-0.19199450548000002
61650000	61699999	0.34775283136	0.56378370768	-0.21603087631999995
61700000	61749999	0.35529564792	0.56378370768	-0.20848805975999996
61750000	61799999	0.41489070621999996	0.56378370768	-0.14889300146
61800000	61849999	0.42208496891999997	0.56378370768	-0.14169873876
61850000	61899999	0.3945754579	0.56378370768	-0.16920824978
61900000	61949999	0.38692456221999993	0.56378370768	-0.17685914546000003
61950000	61999999	0.38977796558	0.56378370768	-0.17400574209999997
62000000	62049999	0.33740667748	0.56378370768	-0.2263770302
62050000	62099999	0.39902396492	0.56378370768	-0.16475974276
62100000	62149999	0.42503178935999997	0.56378370768	-0.13875191832
62150000	62199999	0.4547825679	0.56378370768	-0.10900113977999998
62200000	62249999	0.47385983952	0.56378370768	-0.08992386815999998
62250000	62299999	0.45958176838	0.56378370768	-0.10420193929999999
62300000	62349999	0.40281841873999996	0.56378370768	-0.16096528894
62350000	62399999	0.43109154005999994	0.56378370768	-0.13269216762000002
62400000	62449999	0.45184058031999996	0.56378370768	-0.11194312736
62450000	62499999	0.44835037121999993	0.56378370768	-0.11543333646000004
62500000	62549999	0.47237452317999995	0.56378370768	-0.09140918450000002
62550000	62599999	0.51461661622	0.56378370768	-0.04916709145999998
62600000	62649999	0.56838101004	0.56378370768	0.00459730236
62650000	62699999	0.49404937235999996	0.56378370768	-0.06973433532000001
62700000	62749999	0.4640364430599999	0.56378370768	-0.09974726462000005
62750000	62799999	0.46014946358	0.56378370768	-0.1036342441
62800000	62849999	0.42026738397999996	0.56378370768	-0.1435163237
62850000	62899999	0.38161210968	0.56378370768	-0.182171598
62900000	62949999	0.26365036746	0.56378370768	-0.30013334022
62950000	62999999	0.24344144293000003	0.56378370768	-0.32034226474999994
63000000	63049999	0.19073373351333334	0.56378370768	-0.37304997416666663
