start	end	obs	exp	var
0	49999	0.6020689945733333	0.67530410444	-0.0732351098666667
50000	99999	0.41901625964	0.67530410444	-0.2562878448
100000	149999	0.31961026851999996	0.67530410444	-0.35569383592000003
150000	199999	0.2468993813	0.67530410444	-0.42840472314
200000	249999	0.18180989976	0.67530410444	-0.49349420468
250000	299999	0.15729113942000006	0.67530410444	-0.5180129650199999
300000	349999	0.26517701674000005	0.67530410444	-0.41012708769999995
350000	399999	0.40472709524	0.67530410444	-0.2705770092
400000	449999	0.46622591894	0.67530410444	-0.2090781855
450000	499999	0.49888588344	0.67530410444	-0.176418221
500000	549999	0.5409288731999999	0.67530410444	-0.13437523124000006
550000	599999	0.57369712994	0.67530410444	-0.1016069745
600000	649999	0.67025626034	0.67530410444	-0.005047844100000032
650000	699999	0.67476623432	0.67530410444	-0.0005378701199999503
700000	749999	0.67785881738	0.67530410444	0.0025547129399999813
750000	799999	0.6717113179	0.67530410444	-0.003592786539999948
800000	849999	0.69955957158	0.67530410444	0.024255467140000042
850000	899999	0.59541016446	0.67530410444	-0.07989393998000005
900000	949999	0.60832488774	0.67530410444	-0.06697921669999995
950000	999999	0.62279202956	0.67530410444	-0.05251207487999998
1000000	1049999	0.645856045	0.67530410444	-0.029448059439999952
1050000	1099999	0.6004251653	0.67530410444	-0.07487893913999999
1100000	1149999	0.61239121424	0.67530410444	-0.06291289020000002
1150000	1199999	0.6358710645200001	0.67530410444	-0.03943303991999991
1200000	1249999	0.6588735396000001	0.67530410444	-0.01643056483999994
1250000	1299999	0.66537482632	0.67530410444	-0.009929278119999996
1300000	1349999	0.68055961052	0.67530410444	0.0052555060800000275
1350000	1399999	0.67391507178	0.67530410444	-0.0013890326600000114
1400000	1449999	0.63743283896	0.67530410444	-0.03787126547999997
1450000	1499999	0.621021331	0.67530410444	-0.05428277343999999
1500000	1549999	0.61577414424	0.67530410444	-0.05952996020000001
1550000	1599999	0.64245259816	0.67530410444	-0.03285150628
1600000	1649999	0.64856770016	0.67530410444	-0.026736404280000015
1650000	1699999	0.65603052816	0.67530410444	-0.019273576280000038
1700000	1749999	0.69652866102	0.67530410444	0.021224556579999998
1750000	1799999	0.71650078956	0.67530410444	0.041196685119999965
1800000	1849999	0.72461307996	0.67530410444	0.04930897552000002
1850000	1899999	0.70975299494	0.67530410444	0.034448890499999996
1900000	1949999	0.68033115608	0.67530410444	0.0050270516400000576
1950000	1999999	0.68433895058	0.67530410444	0.009034846140000052
2000000	2049999	0.66353907808	0.67530410444	-0.011765026359999986
2050000	2099999	0.6596045656	0.67530410444	-0.01569953883999997
2100000	2149999	0.680387477	0.67530410444	0.005083372560000021
2150000	2199999	0.73999898594	0.67530410444	0.06469488150000002
2200000	2249999	0.69614668524	0.67530410444	0.02084258080000001
2250000	2299999	0.68134531736	0.67530410444	0.006041212920000039
2300000	2349999	0.66135306542	0.67530410444	-0.013951039019999945
2350000	2399999	0.6504623001600001	0.67530410444	-0.024841804279999935
2400000	2449999	0.6154818551	0.67530410444	-0.05982224934000002
2450000	2499999	0.60882204138	0.67530410444	-0.06648206306000004
2500000	2549999	0.6360057853	0.67530410444	-0.03929831914000004
2550000	2599999	0.65152660818	0.67530410444	-0.02377749626000003
2600000	2649999	0.6536827910999999	0.67530410444	-0.02162131334000006
2650000	2699999	0.6570210533199999	0.67530410444	-0.01828305112000006
2700000	2749999	0.63210261998	0.67530410444	-0.04320148446000005
2750000	2799999	0.61787119372	0.67530410444	-0.05743291072000001
2800000	2849999	0.60972357346	0.67530410444	-0.06558053098000005
2850000	2899999	0.686678834	0.67530410444	0.011374729559999963
2900000	2949999	0.72077307096	0.67530410444	0.04546896651999999
2950000	2999999	0.77753401474	0.67530410444	0.10222991029999995
3000000	3049999	0.77844315504	0.67530410444	0.10313905059999995
3050000	3099999	0.78050988222	0.67530410444	0.10520577777999995
3100000	3149999	0.68505254948	0.67530410444	0.009748445040000053
3150000	3199999	0.64422355048	0.67530410444	-0.03108055395999998
3200000	3249999	0.62085252816	0.67530410444	-0.05445157627999997
3250000	3299999	0.61923082436	0.67530410444	-0.05607328008000001
3300000	3349999	0.6147434993	0.67530410444	-0.060560605139999946
3350000	3399999	0.63354168112	0.67530410444	-0.04176242332000002
3400000	3449999	0.65605667888	0.67530410444	-0.01924742556000003
3450000	3499999	0.68149319258	0.67530410444	0.006189088139999965
3500000	3549999	0.69220867682	0.67530410444	0.016904572379999983
3550000	3599999	0.70611293526	0.67530410444	0.030808830819999966
3600000	3649999	0.7462048929799999	0.67530410444	0.07090078853999993
3650000	3699999	0.7369626014399999	0.67530410444	0.06165849699999992
3700000	3749999	0.71883317778	0.67530410444	0.04352907334
3750000	3799999	0.72006258196	0.67530410444	0.04475847751999995
3800000	3849999	0.7084220043799999	0.67530410444	0.03311789993999992
3850000	3899999	0.6657030025	0.67530410444	-0.009601101939999968
3900000	3949999	0.60871694602	0.67530410444	-0.06658715841999996
3950000	3999999	0.60476526836	0.67530410444	-0.07053883608
4000000	4049999	0.6143367126	0.67530410444	-0.060967391839999996
4050000	4099999	0.6327183307800001	0.67530410444	-0.04258577365999994
4100000	4149999	0.69569360138	0.67530410444	0.02038949694000003
4150000	4199999	0.75235769932	0.67530410444	0.07705359487999996
4200000	4249999	0.7704175061199999	0.67530410444	0.09511340167999993
4250000	4299999	0.7841201221999999	0.67530410444	0.10881601775999994
4300000	4349999	0.74590407992	0.67530410444	0.07059997547999997
4350000	4399999	0.6815030071	0.67530410444	0.006198902660000005
4400000	4449999	0.68603826744	0.67530410444	0.010734162999999963
4450000	4499999	0.65545733458	0.67530410444	-0.019846769860000002
4500000	4549999	0.6392456412799999	0.67530410444	-0.036058463160000054
4550000	4599999	0.64786966574	0.67530410444	-0.027434438699999952
4600000	4649999	0.6682716239400001	0.67530410444	-0.007032480499999938
4650000	4699999	0.6614781629400001	0.67530410444	-0.013825941499999939
4700000	4749999	0.72315639988	0.67530410444	0.047852295440000026
4750000	4799999	0.7782194583	0.67530410444	0.10291535386000006
4800000	4849999	0.81587042708	0.67530410444	0.14056632264000002
4850000	4899999	0.83239500766	0.67530410444	0.15709090321999997
4900000	4949999	0.8027439842799999	0.67530410444	0.12743987983999994
4950000	4999999	0.7520826738599999	0.67530410444	0.07677856941999994
5000000	5049999	0.75260394514	0.67530410444	0.07729984069999996
5050000	5099999	0.74784787062	0.67530410444	0.07254376618000002
5100000	5149999	0.71438994806	0.67530410444	0.039085843620000005
5150000	5199999	0.73900638464	0.67530410444	0.06370228020000002
5200000	5249999	0.76170219256	0.67530410444	0.08639808812000005
5250000	5299999	0.70437148432	0.67530410444	0.029067379879999966
5300000	5349999	0.6784902336599999	0.67530410444	0.0031861292199999447
5350000	5399999	0.69502180798	0.67530410444	0.01971770354000002
5400000	5449999	0.6918371251	0.67530410444	0.016533020659999953
5450000	5499999	0.64767030796	0.67530410444	-0.027633796479999972
5500000	5549999	0.64861559324	0.67530410444	-0.026688511200000042
5550000	5599999	0.63631804784	0.67530410444	-0.038986056599999985
5600000	5649999	0.62902943756	0.67530410444	-0.04627466688000004
5650000	5699999	0.63969487022	0.67530410444	-0.03560923421999995
5700000	5749999	0.67955255674	0.67530410444	0.0042484523000000385
5750000	5799999	0.68918531932	0.67530410444	0.013881214880000048
5800000	5849999	0.7232950204	0.67530410444	0.04799091596000005
5850000	5899999	0.75800451428	0.67530410444	0.08270040984000004
5900000	5949999	0.76182871844	0.67530410444	0.086524614
5950000	5999999	0.76890021954	0.67530410444	0.09359611509999999
6000000	6049999	0.77960354034	0.67530410444	0.10429943590000001
6050000	6099999	0.76982807842	0.67530410444	0.09452397398000001
6100000	6149999	0.68079825426	0.67530410444	0.0054941498199999605
6150000	6199999	0.6400510091	0.67530410444	-0.035253095339999985
6200000	6249999	0.6131079645399999	0.67530410444	-0.06219613990000006
6250000	6299999	0.57870032982	0.67530410444	-0.09660377462000003
6300000	6349999	0.5587852309	0.67530410444	-0.11651887354000001
6350000	6399999	0.63593585706	0.67530410444	-0.03936824738
6400000	6449999	0.65913317608	0.67530410444	-0.016170928360000003
6450000	6499999	0.66433069224	0.67530410444	-0.010973412200000032
6500000	6549999	0.7269530503	0.67530410444	0.05164894586000002
6550000	6599999	0.7560087507600001	0.67530410444	0.08070464632000007
6600000	6649999	0.72771896404	0.67530410444	0.05241485960000003
6650000	6699999	0.7182882896	0.67530410444	0.04298418516000002
6700000	6749999	0.7167289407	0.67530410444	0.04142483626000004
6750000	6799999	0.68540362672	0.67530410444	0.010099522279999995
6800000	6849999	0.65524203054	0.67530410444	-0.020062073900000033
6850000	6899999	0.6414705158799999	0.67530410444	-0.03383358856000007
6900000	6949999	0.589277943	0.67530410444	-0.08602616143999997
6950000	6999999	0.5732739831	0.67530410444	-0.10203012134
7000000	7049999	0.5153176209	0.67530410444	-0.15998648354
7050000	7099999	0.51602597144	0.67530410444	-0.15927813300000004
7100000	7149999	0.49698373488	0.67530410444	-0.17832036955999997
7150000	7199999	0.54371704608	0.67530410444	-0.13158705835999995
7200000	7249999	0.42198461068	0.67530410444	-0.25331949376
7250000	7299999	0.44880152968	0.67530410444	-0.22650257476000002
7300000	7349999	0.4632276763	0.67530410444	-0.21207642814
7350000	7399999	0.50244515128	0.67530410444	-0.17285895316
7400000	7449999	0.58543819542	0.67530410444	-0.08986590902000002
7450000	7499999	0.73933912036	0.67530410444	0.06403501592000005
7500000	7549999	0.75906640694	0.67530410444	0.08376230250000005
7550000	7599999	0.7438275305600001	0.67530410444	0.06852342612000006
7600000	7649999	0.74993181844	0.67530410444	0.07462771400000001
7650000	7699999	0.68875149888	0.67530410444	0.013447394439999982
7700000	7749999	0.65302261786	0.67530410444	-0.022281486579999954
7750000	7799999	0.65174177026	0.67530410444	-0.023562334179999977
7800000	7849999	0.68565864252	0.67530410444	0.010354538079999975
7850000	7899999	0.7302512063	0.67530410444	0.05494710185999996
7900000	7949999	0.77137120508	0.67530410444	0.09606710064000001
7950000	7999999	0.82455681766	0.67530410444	0.14925271322
8000000	8049999	0.84521876536	0.67530410444	0.16991466091999996
8050000	8099999	0.8206975318399999	0.67530410444	0.14539342739999994
8100000	8149999	0.78038955406	0.67530410444	0.10508544962
8150000	8199999	0.76869983528	0.67530410444	0.09339573083999997
8200000	8249999	0.72683980188	0.67530410444	0.05153569743999997
8250000	8299999	0.67669659654	0.67530410444	0.0013924921000000312
8300000	8349999	0.72564141142	0.67530410444	0.05033730698000005
8350000	8399999	0.72038259604	0.67530410444	0.04507849159999999
8400000	8449999	0.69059174148	0.67530410444	0.015287637040000024
8450000	8499999	0.7270839781	0.67530410444	0.05177987366000003
8500000	8549999	0.7608566622	0.67530410444	0.08555255776000004
8550000	8599999	0.7844368716	0.67530410444	0.10913276715999998
8600000	8649999	0.9360908718200001	0.67530410444	0.26078676738000006
8650000	8699999	0.91530670664	0.67530410444	0.24000260220000003
8700000	8749999	0.84799747354	0.67530410444	0.1726933691
8750000	8799999	0.74708007544	0.67530410444	0.071775971
8800000	8849999	0.64891818682	0.67530410444	-0.026385917619999977
8850000	8899999	0.46426572164	0.67530410444	-0.21103838279999998
8900000	8949999	0.39441808586	0.67530410444	-0.28088601858
8950000	8999999	0.36547775766	0.67530410444	-0.30982634678
9000000	9049999	0.39069255416	0.67530410444	-0.28461155028
9050000	9099999	0.41377396194000005	0.67530410444	-0.26153014249999995
9100000	9149999	0.46069148798000004	0.67530410444	-0.21461261645999996
9150000	9199999	0.5128781811400001	0.67530410444	-0.16242592329999994
9200000	9249999	0.56879993986	0.67530410444	-0.10650416458
9250000	9299999	0.59350908956	0.67530410444	-0.08179501487999996
9300000	9349999	0.5830626139	0.67530410444	-0.09224149053999997
9350000	9399999	0.57114231222	0.67530410444	-0.10416179222
9400000	9449999	0.5847345784	0.67530410444	-0.09056952604000001
9450000	9499999	0.59762124122	0.67530410444	-0.07768286321999995
9500000	9549999	0.61317016094	0.67530410444	-0.06213394350000001
9550000	9599999	0.64136168652	0.67530410444	-0.03394241791999997
9600000	9649999	0.6695902392	0.67530410444	-0.005713865239999949
9650000	9699999	0.73177089026	0.67530410444	0.056466785819999976
9700000	9749999	0.75876430484	0.67530410444	0.08346020040000002
9750000	9799999	0.79921141608	0.67530410444	0.12390731164000002
9800000	9849999	0.79774988122	0.67530410444	0.12244577678000002
9850000	9899999	0.77133691864	0.67530410444	0.09603281419999998
9900000	9949999	0.75258210332	0.67530410444	0.07727799887999998
9950000	9999999	0.73507780452	0.67530410444	0.05977370008000005
10000000	10049999	0.7229785045	0.67530410444	0.04767440006000001
10050000	10099999	0.71568414804	0.67530410444	0.040380043600000026
10100000	10149999	0.69249784248	0.67530410444	0.017193738040000017
10150000	10199999	0.66370105418	0.67530410444	-0.01160305025999997
10200000	10249999	0.6596337599000001	0.67530410444	-0.015670344539999936
10250000	10299999	0.70540628702	0.67530410444	0.03010218257999997
10300000	10349999	0.73467495914	0.67530410444	0.05937085470000003
10350000	10399999	0.77783427742	0.67530410444	0.10253017298
10400000	10449999	0.79829755088	0.67530410444	0.12299344643999999
10450000	10499999	0.78743710674	0.67530410444	0.1121330023
10500000	10549999	0.77221345718	0.67530410444	0.09690935274000001
10550000	10599999	0.78707870552	0.67530410444	0.11177460108000004
10600000	10649999	0.80461722368	0.67530410444	0.12931311924
10650000	10699999	0.7915909438200001	0.67530410444	0.11628683938000006
10700000	10749999	0.84421524714	0.67530410444	0.16891114269999996
10750000	10799999	0.83706576266	0.67530410444	0.16176165822
10800000	10849999	0.81112650946	0.67530410444	0.13582240501999998
10850000	10899999	0.8102804958000001	0.67530410444	0.13497639136000006
10900000	10949999	0.83042983606	0.67530410444	0.15512573161999998
10950000	10999999	0.7912240891	0.67530410444	0.11591998465999998
11000000	11049999	0.74212373474	0.67530410444	0.06681963030000004
11050000	11099999	0.74993946876	0.67530410444	0.07463536431999995
11100000	11149999	0.71409593842	0.67530410444	0.03879183397999997
11150000	11199999	0.70274817202	0.67530410444	0.027444067579999953
11200000	11249999	0.67625000326	0.67530410444	0.0009458988199999574
11250000	11299999	0.6917641921	0.67530410444	0.016460087659999956
11300000	11349999	0.71043537222	0.67530410444	0.035131267779999975
11350000	11399999	0.73194447958	0.67530410444	0.05664037513999998
11400000	11449999	0.7244467458	0.67530410444	0.04914264136000002
11450000	11499999	0.7270761976	0.67530410444	0.05177209315999998
11500000	11549999	0.76268466942	0.67530410444	0.08738056498000002
11550000	11599999	0.76776187514	0.67530410444	0.09245777070000005
11600000	11649999	0.74559381372	0.67530410444	0.07028970928
11650000	11699999	0.75023117504	0.67530410444	0.07492707060000003
11700000	11749999	0.8084274015399999	0.67530410444	0.13312329709999993
11750000	11799999	0.8323473957599999	0.67530410444	0.15704329131999994
11800000	11849999	0.8176386162	0.67530410444	0.14233451176
11850000	11899999	0.85311410568	0.67530410444	0.17781000124000002
11900000	11949999	0.9366428554399999	0.67530410444	0.2613387509999999
11950000	11999999	0.8813589471	0.67530410444	0.20605484265999996
12000000	12049999	0.82914659696	0.67530410444	0.15384249252000004
12050000	12099999	0.77188300588	0.67530410444	0.09657890144000003
12100000	12149999	0.71601525342	0.67530410444	0.040711148980000056
12150000	12199999	0.62561061514	0.67530410444	-0.04969348929999995
12200000	12249999	0.63301880686	0.67530410444	-0.04228529757999999
12250000	12299999	0.6101467298	0.67530410444	-0.06515737464000004
12300000	12349999	0.65776621134	0.67530410444	-0.01753789309999998
12350000	12399999	0.68530108414	0.67530410444	0.00999697970000002
12400000	12449999	0.70880329306	0.67530410444	0.03349918862000001
12450000	12499999	0.7145661107	0.67530410444	0.03926200625999998
12500000	12549999	0.74637267966	0.67530410444	0.07106857521999999
12550000	12599999	0.77466965448	0.67530410444	0.09936555004000003
12600000	12649999	0.7691835116	0.67530410444	0.09387940715999998
12650000	12699999	0.7695509069800001	0.67530410444	0.09424680254000006
12700000	12749999	0.7748865037	0.67530410444	0.09958239926000001
12750000	12799999	0.8097604457600001	0.67530410444	0.13445634132000006
12800000	12849999	0.7906500209	0.67530410444	0.11534591646000003
12850000	12899999	0.7801427397	0.67530410444	0.10483863526000003
12900000	12949999	0.77185247532	0.67530410444	0.09654837088000001
12950000	12999999	0.76668586152	0.67530410444	0.09138175707999996
13000000	13049999	0.72918790906	0.67530410444	0.053883804619999975
13050000	13099999	0.70079694716	0.67530410444	0.025492842719999964
13100000	13149999	0.71415865794	0.67530410444	0.0388545535
13150000	13199999	0.72653738092	0.67530410444	0.05123327647999998
13200000	13249999	0.7245921804400001	0.67530410444	0.04928807600000007
13250000	13299999	0.7243688069	0.67530410444	0.049064702460000054
13300000	13349999	0.72187688366	0.67530410444	0.04657277922000003
13350000	13399999	0.7078020914400001	0.67530410444	0.03249798700000006
13400000	13449999	0.6811008814	0.67530410444	0.005796776960000027
13450000	13499999	0.69844202122	0.67530410444	0.02313791677999999
13500000	13549999	0.7008357239199999	0.67530410444	0.025531619479999934
13550000	13599999	0.7118884195799999	0.67530410444	0.036584315139999934
13600000	13649999	0.71068654132	0.67530410444	0.03538243687999998
13650000	13699999	0.74177507584	0.67530410444	0.06647097140000002
13700000	13749999	0.7587650157	0.67530410444	0.08346091125999999
13750000	13799999	0.76531950918	0.67530410444	0.09001540474000003
13800000	13849999	0.77994622328	0.67530410444	0.10464211883999996
13850000	13899999	0.83031592208	0.67530410444	0.15501181764000005
13900000	13949999	0.8119222688600001	0.67530410444	0.13661816442000008
13950000	13999999	0.7770902213800001	0.67530410444	0.10178611694000006
14000000	14049999	0.76921754332	0.67530410444	0.09391343888000003
14050000	14099999	0.76895488646	0.67530410444	0.09365078201999999
14100000	14149999	0.73058792612	0.67530410444	0.05528382168000001
14150000	14199999	0.7085663295	0.67530410444	0.033262225059999984
14200000	14249999	0.80562187564	0.67530410444	0.1303177712
14250000	14299999	0.9013533032600001	0.67530410444	0.22604919882000007
14300000	14349999	0.9106695338799999	0.67530410444	0.23536542943999994
14350000	14399999	0.94868290302	0.67530410444	0.27337879858
14400000	14449999	1.00873230356	0.67530410444	0.33342819912
14450000	14499999	0.89121892442	0.67530410444	0.21591481997999995
14500000	14549999	0.8211341552	0.67530410444	0.14583005076
14550000	14599999	0.80938010432	0.67530410444	0.13407599987999996
14600000	14649999	0.79280702286	0.67530410444	0.11750291842000005
14650000	14699999	0.7648767275	0.67530410444	0.08957262306000002
14700000	14749999	0.79937987638	0.67530410444	0.12407577193999997
14750000	14799999	0.77923444978	0.67530410444	0.10393034534000001
14800000	14849999	0.79336738184	0.67530410444	0.1180632774
14850000	14899999	0.8177045007999999	0.67530410444	0.1424003963599999
14900000	14949999	0.82079664696	0.67530410444	0.14549254252
14950000	14999999	0.7778209522399999	0.67530410444	0.10251684779999992
15000000	15049999	0.7204170185	0.67530410444	0.04511291405999995
15050000	15099999	0.69277308918	0.67530410444	0.017468984740000026
15100000	15149999	0.62644851716	0.67530410444	-0.048855587279999946
15150000	15199999	0.58434191104	0.67530410444	-0.0909621934
15200000	15249999	0.61682652976	0.67530410444	-0.05847757468000003
15250000	15299999	0.64443081956	0.67530410444	-0.030873284879999963
15300000	15349999	0.6491177153	0.67530410444	-0.026186389140000044
15350000	15399999	0.65536703094	0.67530410444	-0.019937073499999958
15400000	15449999	0.66451004054	0.67530410444	-0.01079406390000004
15450000	15499999	0.65932658682	0.67530410444	-0.015977517619999992
15500000	15549999	0.65569912116	0.67530410444	-0.019604983280000043
15550000	15599999	0.6304620795	0.67530410444	-0.04484202494
15600000	15649999	0.63705322956	0.67530410444	-0.03825087488000001
15650000	15699999	0.59760655808	0.67530410444	-0.07769754636000004
15700000	15749999	0.60503722216	0.67530410444	-0.07026688228
15750000	15799999	0.6203232989799999	0.67530410444	-0.05498080546000006
15800000	15849999	0.64419756738	0.67530410444	-0.031106537059999995
15850000	15899999	0.66881001874	0.67530410444	-0.006494085699999985
15900000	15949999	0.68573756174	0.67530410444	0.010433457300000004
15950000	15999999	0.68313533452	0.67530410444	0.007831230079999973
16000000	16049999	0.7026600926800001	0.67530410444	0.027355988240000073
16050000	16099999	0.7077472898	0.67530410444	0.032443185360000015
16100000	16149999	0.69103267136	0.67530410444	0.01572856692000002
16150000	16199999	0.74085899724	0.67530410444	0.06555489280000004
16200000	16249999	0.75018695948	0.67530410444	0.07488285504000003
16250000	16299999	0.74203956432	0.67530410444	0.06673545987999996
16300000	16349999	0.73120379088	0.67530410444	0.055899686439999985
16350000	16399999	0.73720883118	0.67530410444	0.06190472674000003
16400000	16449999	0.7248466473999999	0.67530410444	0.049542542959999936
16450000	16499999	0.7374433841	0.67530410444	0.06213927965999999
16500000	16549999	0.72035245954	0.67530410444	0.04504835510000005
16550000	16599999	0.73173862666	0.67530410444	0.056434522220000005
16600000	16649999	0.71931845798	0.67530410444	0.04401435354000005
16650000	16699999	0.74848342118	0.67530410444	0.07317931674
16700000	16749999	0.7746275852	0.67530410444	0.09932348075999997
16750000	16799999	0.783952642	0.67530410444	0.10864853756000004
16800000	16849999	0.79022540758	0.67530410444	0.11492130314000004
16850000	16899999	0.7836583214	0.67530410444	0.10835421696000003
16900000	16949999	0.77439966	0.67530410444	0.09909555556000005
16950000	16999999	0.74707276034	0.67530410444	0.07176865590000003
17000000	17049999	0.7630290094	0.67530410444	0.08772490495999996
17050000	17099999	0.76259679188	0.67530410444	0.08729268743999996
17100000	17149999	0.76921344508	0.67530410444	0.09390934064
17150000	17199999	0.7703877997399999	0.67530410444	0.09508369529999994
17200000	17249999	0.7644897684799999	0.67530410444	0.08918566403999995
17250000	17299999	0.77886623282	0.67530410444	0.10356212838000001
17300000	17349999	0.82069526658	0.67530410444	0.14539116214000003
17350000	17399999	0.8480191714	0.67530410444	0.17271506696000005
17400000	17449999	0.85806664676	0.67530410444	0.18276254232
17450000	17499999	0.86114705932	0.67530410444	0.18584295488000002
17500000	17549999	0.8819928108399999	0.67530410444	0.20668870639999992
17550000	17599999	0.8262328137599999	0.67530410444	0.1509287093199999
17600000	17649999	0.80579976034	0.67530410444	0.1304956559
17650000	17699999	0.75797745438	0.67530410444	0.08267334993999997
17700000	17749999	0.7615609064	0.67530410444	0.08625680195999996
17750000	17799999	0.71885088938	0.67530410444	0.04354678493999997
17800000	17849999	0.74113750256	0.67530410444	0.06583339812
17850000	17899999	0.7635399612199999	0.67530410444	0.0882358567799999
17900000	17949999	0.80768710104	0.67530410444	0.13238299659999997
17950000	17999999	0.8395897463199999	0.67530410444	0.16428564187999994
18000000	18049999	0.84953580796	0.67530410444	0.17423170351999995
18050000	18099999	0.8386037422399999	0.67530410444	0.1632996377999999
18100000	18149999	0.8230437893	0.67530410444	0.14773968486
18150000	18199999	0.8292397069199999	0.67530410444	0.15393560247999993
18200000	18249999	0.81154128062	0.67530410444	0.13623717617999997
18250000	18299999	0.8716219306599999	0.67530410444	0.19631782621999994
18300000	18349999	0.87686169686	0.67530410444	0.20155759242000004
18350000	18399999	0.8800318304000001	0.67530410444	0.2047277259600001
18400000	18449999	0.86107914422	0.67530410444	0.18577503977999998
18450000	18499999	0.86777545334	0.67530410444	0.19247134889999995
18500000	18549999	0.82433214914	0.67530410444	0.14902804469999997
18550000	18599999	0.84065770214	0.67530410444	0.16535359770000002
18600000	18649999	0.83118830684	0.67530410444	0.1558842024
18650000	18699999	0.8404301518999999	0.67530410444	0.16512604745999993
18700000	18749999	0.80896439908	0.67530410444	0.13366029463999995
18750000	18799999	0.7616909747999999	0.67530410444	0.08638687035999992
18800000	18849999	0.72443056952	0.67530410444	0.04912646507999996
18850000	18899999	0.72037478116	0.67530410444	0.04507067671999998
18900000	18949999	0.69395151284	0.67530410444	0.01864740840000001
18950000	18999999	0.708193148	0.67530410444	0.03288904356
19000000	19049999	0.7277328277399999	0.67530410444	0.052428723299999924
19050000	19099999	0.76841402314	0.67530410444	0.09310991869999996
19100000	19149999	0.78313205698	0.67530410444	0.10782795254
19150000	19199999	0.8064413627	0.67530410444	0.13113725826
19200000	19249999	0.7839403414	0.67530410444	0.10863623696000002
19250000	19299999	0.7673540132400001	0.67530410444	0.09204990880000008
19300000	19349999	0.71889813604	0.67530410444	0.04359403159999997
19350000	19399999	0.75009813964	0.67530410444	0.07479403520000005
19400000	19449999	0.7395414141000001	0.67530410444	0.06423730966000007
19450000	19499999	0.73981970904	0.67530410444	0.06451560460000005
19500000	19549999	0.75991260864	0.67530410444	0.08460850419999999
19550000	19599999	0.7343139733	0.67530410444	0.059009868860000037
19600000	19649999	0.66671867482	0.67530410444	-0.008585429619999974
19650000	19699999	0.63605552186	0.67530410444	-0.03924858257999997
19700000	19749999	0.64807714974	0.67530410444	-0.027226954700000028
19750000	19799999	0.6290115148200001	0.67530410444	-0.046292589619999935
19800000	19849999	0.66169506286	0.67530410444	-0.013609041579999981
19850000	19899999	0.70618602342	0.67530410444	0.030881918980000034
19900000	19949999	0.81308073758	0.67530410444	0.13777663314
19950000	19999999	0.7654707658	0.67530410444	0.09016666135999996
20000000	20049999	0.72213147428	0.67530410444	0.04682736984000002
20050000	20099999	0.65399956574	0.67530410444	-0.021304538700000042
20100000	20149999	0.5660486608	0.67530410444	-0.10925544363999995
20150000	20199999	0.41724573348	0.67530410444	-0.25805837096
20200000	20249999	0.40118550182	0.67530410444	-0.27411860262
20250000	20299999	0.41113097728000003	0.67530410444	-0.26417312715999997
20300000	20349999	0.41332501254	0.67530410444	-0.2619790919
20350000	20399999	0.39939698822	0.67530410444	-0.27590711621999997
20400000	20449999	0.33280282508	0.67530410444	-0.34250127936
20450000	20499999	0.21065910543999994	0.67530410444	-0.46464499900000006
20500000	20549999	0.10626059238000007	0.67530410444	-0.5690435120599999
20550000	20599999	0.027982485280000025	0.67530410444	-0.64732161916
20600000	20649999	0.0	0.67530410444	-0.67530410444
20650000	20699999	0.07761008443999995	0.67530410444	-0.59769402
20700000	20749999	0.19189904216000003	0.67530410444	-0.48340506227999996
20750000	20799999	0.31033461566	0.67530410444	-0.36496948878
20800000	20849999	0.45100332262000004	0.67530410444	-0.22430078181999996
20850000	20899999	0.53342251266	0.67530410444	-0.14188159178000004
20900000	20949999	0.5799360059199999	0.67530410444	-0.09536809852000006
20950000	20999999	0.49860692178	0.67530410444	-0.17669718266
21000000	21049999	0.49732490281999997	0.67530410444	-0.17797920162000003
21050000	21099999	0.467376989	0.67530410444	-0.20792711543999998
21100000	21149999	0.5216891341400001	0.67530410444	-0.15361497029999993
21150000	21199999	0.53776790596	0.67530410444	-0.13753619847999998
21200000	21249999	0.69061267592	0.67530410444	0.015308571479999977
21250000	21299999	0.72316495188	0.67530410444	0.047860847439999965
21300000	21349999	0.71326467104	0.67530410444	0.03796056660000002
21350000	21399999	0.69700401374	0.67530410444	0.021699909299999987
21400000	21449999	0.66077115026	0.67530410444	-0.014532954180000002
21450000	21499999	0.6519293440999999	0.67530410444	-0.023374760340000078
21500000	21549999	0.6334714379999999	0.67530410444	-0.041832666440000055
21550000	21599999	0.6322912717	0.67530410444	-0.04301283274000001
21600000	21649999	0.6049898038	0.67530410444	-0.07031430064
21650000	21699999	0.6297185774799999	0.67530410444	-0.04558552696000007
21700000	21749999	0.6448850761	0.67530410444	-0.030419028339999987
21750000	21799999	0.64559943132	0.67530410444	-0.029704673120000025
21800000	21849999	0.69425781512	0.67530410444	0.018953710679999958
21850000	21899999	0.6910312333599999	0.67530410444	0.015727128919999944
21900000	21949999	0.62434460426	0.67530410444	-0.05095950017999995
21950000	21999999	0.52609301954	0.67530410444	-0.1492110849
22000000	22049999	0.47352539624	0.67530410444	-0.2017787082
22050000	22099999	0.45124664049999996	0.67530410444	-0.22405746394000003
22100000	22149999	0.37499368237999997	0.67530410444	-0.30031042206
22150000	22199999	0.3626194225199999	0.67530410444	-0.3126846819200001
22200000	22249999	0.39185282102	0.67530410444	-0.28345128342
22250000	22299999	0.42670923988	0.67530410444	-0.24859486456000002
22300000	22349999	0.35594962834	0.67530410444	-0.3193544761
22350000	22399999	0.36918743888	0.67530410444	-0.30611666556
22400000	22449999	0.34465002994000005	0.67530410444	-0.33065407449999995
22450000	22499999	0.37664491774	0.67530410444	-0.2986591867
22500000	22549999	0.31162028719999996	0.67530410444	-0.36368381724000004
22550000	22599999	0.29812870544	0.67530410444	-0.377175399
22600000	22649999	0.28154925884	0.67530410444	-0.3937548456
22650000	22699999	0.27399919927999994	0.67530410444	-0.40130490516000006
22700000	22749999	0.20274755542	0.67530410444	-0.47255654902
22750000	22799999	0.22458811972000003	0.67530410444	-0.45071598471999996
22800000	22849999	0.21295906309999996	0.67530410444	-0.46234504134000004
22850000	22899999	0.21513298465999997	0.67530410444	-0.46017111978
22900000	22949999	0.24589622122000004	0.67530410444	-0.42940788321999995
22950000	22999999	0.22766547526000003	0.67530410444	-0.44763862917999997
23000000	23049999	0.19632219711999999	0.67530410444	-0.47898190732
23050000	23099999	0.2529308058	0.67530410444	-0.42237329864
23100000	23149999	0.23297514653999996	0.67530410444	-0.44232895790000004
23150000	23199999	0.21523285449999996	0.67530410444	-0.46007124994000004
23200000	23249999	0.24130342336	0.67530410444	-0.43400068108
23250000	23299999	0.258852353	0.67530410444	-0.41645175144
23300000	23349999	0.2237284592	0.67530410444	-0.45157564524
23350000	23399999	0.23798669582000004	0.67530410444	-0.43731740861999996
23400000	23449999	0.25158419866000004	0.67530410444	-0.42371990577999996
23450000	23499999	0.23132253642	0.67530410444	-0.44398156802
23500000	23549999	0.24594190325999998	0.67530410444	-0.42936220118
23550000	23599999	0.2461251458	0.67530410444	-0.42917895864
23600000	23649999	0.23519279084000005	0.67530410444	-0.44011131359999994
23650000	23699999	0.24713396102000007	0.67530410444	-0.4281701434199999
23700000	23749999	0.30919093808	0.67530410444	-0.36611316636
23750000	23799999	0.32098690244000005	0.67530410444	-0.35431720199999994
23800000	23849999	0.37188359862000003	0.67530410444	-0.30342050581999996
23850000	23899999	0.40378472517999997	0.67530410444	-0.27151937926
23900000	23949999	0.4049259017	0.67530410444	-0.27037820274
23950000	23999999	0.34174745244	0.67530410444	-0.333556652
24000000	24049999	0.34672843358	0.67530410444	-0.32857567086
24050000	24099999	0.29128730369999994	0.67530410444	-0.38401680074000005
24100000	24149999	0.27886840494	0.67530410444	-0.3964356995
24150000	24199999	0.30371407988	0.67530410444	-0.37159002456
24200000	24249999	0.36707057785999997	0.67530410444	-0.30823352658000003
24250000	24299999	0.29651799154	0.67530410444	-0.37878611289999997
24300000	24349999	0.27642902938	0.67530410444	-0.39887507506
24350000	24399999	0.33719597053999995	0.67530410444	-0.33810813390000005
24400000	24449999	0.35989775457999995	0.67530410444	-0.31540634986000005
24450000	24499999	0.45496258918	0.67530410444	-0.22034151526
24500000	24549999	0.40306513168	0.67530410444	-0.27223897276
24550000	24599999	0.5132970853800001	0.67530410444	-0.16200701905999992
24600000	24649999	0.53683499488	0.67530410444	-0.13846910956000003
24650000	24699999	0.5570726902	0.67530410444	-0.11823141423999994
24700000	24749999	0.49723515996	0.67530410444	-0.17806894448
24750000	24799999	0.67530410444	0.67530410444	0.0
24800000	24849999	0.67530410444	0.67530410444	0.0
24850000	24899999	0.67530410444	0.67530410444	0.0
24900000	24949999	0.67530410444	0.67530410444	0.0
24950000	24999999	0.67530410444	0.67530410444	0.0
25000000	25049999	0.67530410444	0.67530410444	0.0
25050000	25099999	0.67530410444	0.67530410444	0.0
25100000	25149999	0.67530410444	0.67530410444	0.0
25150000	25199999	0.67530410444	0.67530410444	0.0
25200000	25249999	0.67530410444	0.67530410444	0.0
25250000	25299999	0.67530410444	0.67530410444	0.0
25300000	25349999	0.67530410444	0.67530410444	0.0
25350000	25399999	0.67530410444	0.67530410444	0.0
25400000	25449999	0.67530410444	0.67530410444	0.0
25450000	25499999	0.67530410444	0.67530410444	0.0
25500000	25549999	0.67530410444	0.67530410444	0.0
25550000	25599999	0.67530410444	0.67530410444	0.0
25600000	25649999	0.67530410444	0.67530410444	0.0
25650000	25699999	0.67530410444	0.67530410444	0.0
25700000	25749999	0.67530410444	0.67530410444	0.0
25750000	25799999	0.67530410444	0.67530410444	0.0
25800000	25849999	0.67530410444	0.67530410444	0.0
25850000	25899999	0.67530410444	0.67530410444	0.0
25900000	25949999	0.67530410444	0.67530410444	0.0
25950000	25999999	0.67530410444	0.67530410444	0.0
26000000	26049999	0.67530410444	0.67530410444	0.0
26050000	26099999	0.67530410444	0.67530410444	0.0
26100000	26149999	0.67530410444	0.67530410444	0.0
26150000	26199999	0.67530410444	0.67530410444	0.0
26200000	26249999	0.67530410444	0.67530410444	0.0
26250000	26299999	0.67530410444	0.67530410444	0.0
26300000	26349999	0.67530410444	0.67530410444	0.0
26350000	26399999	0.67530410444	0.67530410444	0.0
26400000	26449999	0.67530410444	0.67530410444	0.0
26450000	26499999	0.67530410444	0.67530410444	0.0
26500000	26549999	0.67530410444	0.67530410444	0.0
26550000	26599999	0.67530410444	0.67530410444	0.0
26600000	26649999	0.67530410444	0.67530410444	0.0
26650000	26699999	0.67530410444	0.67530410444	0.0
26700000	26749999	0.67530410444	0.67530410444	0.0
26750000	26799999	0.67530410444	0.67530410444	0.0
26800000	26849999	0.67530410444	0.67530410444	0.0
26850000	26899999	0.67530410444	0.67530410444	0.0
26900000	26949999	0.67530410444	0.67530410444	0.0
26950000	26999999	0.67530410444	0.67530410444	0.0
27000000	27049999	0.67530410444	0.67530410444	0.0
27050000	27099999	0.67530410444	0.67530410444	0.0
27100000	27149999	0.67530410444	0.67530410444	0.0
27150000	27199999	0.67530410444	0.67530410444	0.0
27200000	27249999	0.67530410444	0.67530410444	0.0
27250000	27299999	0.67530410444	0.67530410444	0.0
27300000	27349999	0.67530410444	0.67530410444	0.0
27350000	27399999	0.67530410444	0.67530410444	0.0
27400000	27449999	0.67530410444	0.67530410444	0.0
27450000	27499999	0.67530410444	0.67530410444	0.0
27500000	27549999	0.67530410444	0.67530410444	0.0
27550000	27599999	0.67530410444	0.67530410444	0.0
27600000	27649999	14.56940971664	0.67530410444	13.894105612199999
27650000	27699999	14.602975109660001	0.67530410444	13.92767100522
27700000	27749999	14.621499530180001	0.67530410444	13.946195425740001
27750000	27799999	14.624730060780003	0.67530410444	13.949425956340002
27800000	27849999	14.717923035240004	0.67530410444	14.042618930800003
27850000	27899999	0.8854167009	0.67530410444	0.21011259646000002
27900000	27949999	0.85990081404	0.67530410444	0.18459670959999996
27950000	27999999	0.8718576087000001	0.67530410444	0.19655350426000007
28000000	28049999	0.71249802672	0.67530410444	0.03719392227999996
28050000	28099999	0.51293785326	0.67530410444	-0.16236625118000003
28100000	28149999	0.32077284482	0.67530410444	-0.35453125962
28150000	28199999	0.25218470316	0.67530410444	-0.42311940128
28200000	28249999	0.15622939355999999	0.67530410444	-0.51907471088
28250000	28299999	0.22622581565999988	0.67530410444	-0.4490782887800001
28300000	28349999	0.25268505773999994	0.67530410444	-0.42261904670000006
28350000	28399999	0.35063137768	0.67530410444	-0.32467272676
28400000	28449999	0.3340145787	0.67530410444	-0.34128952574
28450000	28499999	0.35872060484	0.67530410444	-0.3165834996
28500000	28549999	0.3782199531	0.67530410444	-0.29708415134
28550000	28599999	0.39737016023999994	0.67530410444	-0.27793394420000006
28600000	28649999	0.3835194617	0.67530410444	-0.29178464274
28650000	28699999	0.40283580273999997	0.67530410444	-0.2724683017
28700000	28749999	0.42282505224	0.67530410444	-0.2524790522
28750000	28799999	0.47920827103999997	0.67530410444	-0.19609583340000003
28800000	28849999	0.53960229346	0.67530410444	-0.13570181098
28850000	28899999	0.59732503668	0.67530410444	-0.07797906775999996
28900000	28949999	0.68278518008	0.67530410444	0.007481075640000001
28950000	28999999	0.73162863022	0.67530410444	0.05632452578000002
29000000	29049999	0.76774689462	0.67530410444	0.09244279018000001
29050000	29099999	0.8618547195799999	0.67530410444	0.18655061513999993
29100000	29149999	0.8528178569	0.67530410444	0.17751375246
29150000	29199999	0.86753382288	0.67530410444	0.19222971844000003
29200000	29249999	0.8075273627799999	0.67530410444	0.13222325833999993
29250000	29299999	0.755025324	0.67530410444	0.07972121956
29300000	29349999	0.61734772458	0.67530410444	-0.05795637986000002
29350000	29399999	0.58291101134	0.67530410444	-0.09239309309999999
29400000	29449999	0.51055561358	0.67530410444	-0.16474849085999999
29450000	29499999	0.49482471289999996	0.67530410444	-0.18047939154000003
29500000	29549999	0.45783331439999997	0.67530410444	-0.21747079004000003
29550000	29599999	0.5023096308999999	0.67530410444	-0.17299447354000008
29600000	29649999	0.51969266304	0.67530410444	-0.15561144140000005
29650000	29699999	0.50075828996	0.67530410444	-0.17454581447999995
29700000	29749999	0.5014263019	0.67530410444	-0.17387780253999996
29750000	29799999	0.51574046368	0.67530410444	-0.15956364075999996
29800000	29849999	0.4524281702	0.67530410444	-0.22287593424000002
29850000	29899999	0.41093031686	0.67530410444	-0.26437378758
29900000	29949999	0.40017533732	0.67530410444	-0.27512876712
29950000	29999999	0.45479064622000004	0.67530410444	-0.22051345821999996
30000000	30049999	0.49464869026	0.67530410444	-0.18065541417999997
30050000	30099999	0.53745998982	0.67530410444	-0.13784411462
30100000	30149999	0.5847281551	0.67530410444	-0.09057594934000002
30150000	30199999	0.64537057754	0.67530410444	-0.02993352689999995
30200000	30249999	0.63129770488	0.67530410444	-0.044006399559999965
30250000	30299999	0.6035427547	0.67530410444	-0.07176134974000004
30300000	30349999	0.6278782309400001	0.67530410444	-0.04742587349999994
30350000	30399999	0.8638005774999999	0.67530410444	0.18849647305999995
30400000	30449999	0.9605400898199999	0.67530410444	0.28523598537999995
30450000	30499999	0.9542059192599999	0.67530410444	0.27890181481999987
30500000	30549999	0.93032372962	0.67530410444	0.25501962518
30550000	30599999	0.88150275916	0.67530410444	0.20619865471999999
30600000	30649999	0.60008603234	0.67530410444	-0.07521807209999998
30650000	30699999	0.45556932322	0.67530410444	-0.21973478122
30700000	30749999	0.44013241146	0.67530410444	-0.23517169298
30750000	30799999	0.44139387868	0.67530410444	-0.23391022575999998
30800000	30849999	0.45154556602	0.67530410444	-0.22375853841999999
30850000	30899999	0.44251582724000005	0.67530410444	-0.23278827719999995
30900000	30949999	0.46029183428	0.67530410444	-0.21501227016000002
30950000	30999999	0.45015272624	0.67530410444	-0.22515137819999997
31000000	31049999	0.4928380642	0.67530410444	-0.18246604024000002
31050000	31099999	0.49526865384	0.67530410444	-0.18003545059999998
31100000	31149999	0.51510741562	0.67530410444	-0.16019668882000004
31150000	31199999	0.46924943044	0.67530410444	-0.206054674
31200000	31249999	0.47969340278	0.67530410444	-0.19561070166
31250000	31299999	0.45576559068	0.67530410444	-0.21953851376
31300000	31349999	0.44105512552	0.67530410444	-0.23424897892000002
31350000	31399999	0.48879044949999995	0.67530410444	-0.18651365494000005
31400000	31449999	0.54558243444	0.67530410444	-0.12972167
31450000	31499999	0.52098958552	0.67530410444	-0.15431451892000003
31500000	31549999	0.5208826992	0.67530410444	-0.15442140524000003
31550000	31599999	0.5418409323	0.67530410444	-0.13346317214000003
31600000	31649999	0.47718743716	0.67530410444	-0.19811666728
31650000	31699999	0.42816939254	0.67530410444	-0.24713471189999997
31700000	31749999	0.39771494084000003	0.67530410444	-0.27758916359999997
31750000	31799999	0.39250340392	0.67530410444	-0.28280070052
31800000	31849999	0.38061654092	0.67530410444	-0.29468756352
31850000	31899999	0.37297221065999997	0.67530410444	-0.30233189378
31900000	31949999	0.38199325656	0.67530410444	-0.29331084788
31950000	31999999	0.42559897122	0.67530410444	-0.24970513322
32000000	32049999	0.43179902196	0.67530410444	-0.24350508248000002
32050000	32099999	0.41894375344	0.67530410444	-0.256360351
32100000	32149999	0.43654195158	0.67530410444	-0.23876215286000002
32150000	32199999	0.44575345639999997	0.67530410444	-0.22955064804000003
32200000	32249999	0.4299927126	0.67530410444	-0.24531139184
32250000	32299999	0.41879265629999995	0.67530410444	-0.25651144814000004
32300000	32349999	0.45892857023999994	0.67530410444	-0.21637553420000005
32350000	32399999	0.45535457722	0.67530410444	-0.21994952722
32400000	32449999	0.46735631898	0.67530410444	-0.20794778545999998
32450000	32499999	0.46768459048	0.67530410444	-0.20761951396
32500000	32549999	0.50591068266	0.67530410444	-0.16939342177999994
32550000	32599999	0.47473343476	0.67530410444	-0.20057066967999998
32600000	32649999	0.4932704331	0.67530410444	-0.18203367133999998
32650000	32699999	0.55005445082	0.67530410444	-0.12524965361999996
32700000	32749999	0.6105741817	0.67530410444	-0.06472992274
32750000	32799999	0.67910961624	0.67530410444	0.0038055117999999943
32800000	32849999	0.80251744864	0.67530410444	0.12721334419999997
32850000	32899999	0.84758752808	0.67530410444	0.17228342364000004
32900000	32949999	0.8397883112	0.67530410444	0.16448420675999997
32950000	32999999	0.84558476872	0.67530410444	0.17028066428
33000000	33049999	0.7898221331399999	0.67530410444	0.11451802869999994
33050000	33099999	0.74214528678	0.67530410444	0.06684118234000003
33100000	33149999	0.71598306084	0.67530410444	0.040678956399999966
33150000	33199999	0.7311396836799999	0.67530410444	0.05583557923999993
33200000	33249999	0.71690220184	0.67530410444	0.04159809739999998
33250000	33299999	0.71882042158	0.67530410444	0.04351631714000004
33300000	33349999	0.6776799165599999	0.67530410444	0.0023758121199999316
33350000	33399999	0.7719803574199999	0.67530410444	0.09667625297999993
33400000	33449999	0.79736343426	0.67530410444	0.12205932982
33450000	33499999	0.81200454856	0.67530410444	0.13670044412000004
33500000	33549999	0.80783862726	0.67530410444	0.13253452282
33550000	33599999	0.78162583876	0.67530410444	0.10632173432000003
33600000	33649999	0.67112563814	0.67530410444	-0.004178466299999961
33650000	33699999	0.62936841392	0.67530410444	-0.045935690520000017
33700000	33749999	0.63284506206	0.67530410444	-0.04245904237999998
33750000	33799999	0.62497549802	0.67530410444	-0.05032860642000003
33800000	33849999	0.63596473982	0.67530410444	-0.039339364619999984
33850000	33899999	0.63646874804	0.67530410444	-0.03883535640000002
33900000	33949999	0.59162913346	0.67530410444	-0.08367497097999999
33950000	33999999	0.5489255559999999	0.67530410444	-0.12637854844000007
34000000	34049999	0.50263813656	0.67530410444	-0.17266596788
34050000	34099999	0.49367372756	0.67530410444	-0.18163037688
34100000	34149999	0.49849749517999997	0.67530410444	-0.17680660926000002
34150000	34199999	0.52676215302	0.67530410444	-0.14854195142000004
34200000	34249999	0.5410733222599999	0.67530410444	-0.13423078218000006
34250000	34299999	0.57558835578	0.67530410444	-0.09971574865999999
34300000	34349999	0.58902013426	0.67530410444	-0.08628397018
34350000	34399999	0.65176897246	0.67530410444	-0.023535131980000012
34400000	34449999	0.67557143746	0.67530410444	0.0002673330200000379
34450000	34499999	0.70607582734	0.67530410444	0.030771722899999965
34500000	34549999	0.7527884004400001	0.67530410444	0.07748429600000006
34550000	34599999	0.8355523625200001	0.67530410444	0.1602482580800001
34600000	34649999	0.83442755388	0.67530410444	0.15912344944
34650000	34699999	0.8486131495	0.67530410444	0.17330904506
34700000	34749999	0.84088892804	0.67530410444	0.16558482360000004
34750000	34799999	0.8644602008	0.67530410444	0.18915609635999997
34800000	34849999	0.81974271178	0.67530410444	0.14443860734000002
34850000	34899999	0.77771077956	0.67530410444	0.10240667512000001
34900000	34949999	0.76157918154	0.67530410444	0.08627507710000004
34950000	34999999	0.71622735814	0.67530410444	0.04092325370000005
35000000	35049999	0.69246879074	0.67530410444	0.01716468630000001
35050000	35099999	0.6552231515	0.67530410444	-0.020080952940000008
35100000	35149999	0.67293515248	0.67530410444	-0.0023689519599999764
35150000	35199999	0.66928633546	0.67530410444	-0.006017768979999949
35200000	35249999	0.74196816276	0.67530410444	0.06666405832
35250000	35299999	0.74773406532	0.67530410444	0.07242996087999998
35300000	35349999	0.7651619009599999	0.67530410444	0.08985779651999992
35350000	35399999	0.73966492438	0.67530410444	0.06436081993999998
35400000	35449999	0.7150062129	0.67530410444	0.039702108459999996
35450000	35499999	0.70351108432	0.67530410444	0.028206979879999983
35500000	35549999	0.69318636232	0.67530410444	0.017882257879999974
35550000	35599999	0.7358783896000001	0.67530410444	0.060574285160000074
35600000	35649999	0.79635522872	0.67530410444	0.12105112427999998
35650000	35699999	0.80695871272	0.67530410444	0.13165460827999997
35700000	35749999	0.79606724824	0.67530410444	0.12076314379999997
35750000	35799999	0.78338213118	0.67530410444	0.10807802674
35800000	35849999	0.74463920972	0.67530410444	0.06933510527999998
35850000	35899999	0.69362013684	0.67530410444	0.018316032400000015
35900000	35949999	0.72537575148	0.67530410444	0.05007164704
35950000	35999999	0.72297420806	0.67530410444	0.047670103620000015
36000000	36049999	0.7193270630199999	0.67530410444	0.04402295857999994
36050000	36099999	0.7368322015	0.67530410444	0.06152809705999995
36100000	36149999	0.79795082018	0.67530410444	0.12264671573999997
36150000	36199999	0.76478829356	0.67530410444	0.08948418912
36200000	36249999	0.7568355048	0.67530410444	0.08153140035999995
36250000	36299999	0.78764560138	0.67530410444	0.11234149693999995
36300000	36349999	0.79010227866	0.67530410444	0.11479817422000005
36350000	36399999	0.7495582464	0.67530410444	0.07425414196000002
36400000	36449999	0.7657408985	0.67530410444	0.09043679406000005
36450000	36499999	0.73172999196	0.67530410444	0.056425887519999995
36500000	36549999	0.71614877952	0.67530410444	0.040844675080000004
36550000	36599999	0.68647612216	0.67530410444	0.011172017719999983
36600000	36649999	0.66131140256	0.67530410444	-0.013992701880000014
36650000	36699999	0.59844031094	0.67530410444	-0.07686379349999994
36700000	36749999	0.5520499245	0.67530410444	-0.12325417993999999
36750000	36799999	0.51233490312	0.67530410444	-0.16296920132000003
36800000	36849999	0.48384809752	0.67530410444	-0.19145600691999998
36850000	36899999	0.4743510799	0.67530410444	-0.20095302454000002
36900000	36949999	0.5084770007999999	0.67530410444	-0.16682710364000009
36950000	36999999	0.54319159676	0.67530410444	-0.13211250768000005
37000000	37049999	0.50647962092	0.67530410444	-0.16882448352
37050000	37099999	0.4938234257	0.67530410444	-0.18148067874
37100000	37149999	0.48973809242	0.67530410444	-0.18556601202
37150000	37199999	0.46701404624000004	0.67530410444	-0.20829005819999996
37200000	37249999	0.45669984696	0.67530410444	-0.21860425748
37250000	37299999	0.49248789466	0.67530410444	-0.18281620978000002
37300000	37349999	0.50225606154	0.67530410444	-0.17304804289999998
37350000	37399999	0.46236044676	0.67530410444	-0.21294365768
37400000	37449999	0.45708304808	0.67530410444	-0.21822105636
37450000	37499999	0.49368870517999996	0.67530410444	-0.18161539926000003
37500000	37549999	0.46933314734	0.67530410444	-0.20597095710000002
37550000	37599999	0.48670328124	0.67530410444	-0.1886008232
37600000	37649999	0.51634729616	0.67530410444	-0.15895680828000003
37650000	37699999	0.5225754034	0.67530410444	-0.15272870104000003
37700000	37749999	0.45985575976	0.67530410444	-0.21544834468000001
37750000	37799999	0.44493190656	0.67530410444	-0.23037219788000002
37800000	37849999	0.45582696475999995	0.67530410444	-0.21947713968000004
37850000	37899999	0.43470179704	0.67530410444	-0.2406023074
37900000	37949999	0.40499791732	0.67530410444	-0.27030618712
37950000	37999999	0.50342174424	0.67530410444	-0.17188236020000003
38000000	38049999	0.52631452246	0.67530410444	-0.14898958198
38050000	38099999	0.49246362307999997	0.67530410444	-0.18284048136000003
38100000	38149999	0.56545664758	0.67530410444	-0.10984745685999997
38150000	38199999	0.61515292154	0.67530410444	-0.06015118289999999
38200000	38249999	0.5508902203	0.67530410444	-0.12441388413999999
38250000	38299999	0.56830789174	0.67530410444	-0.10699621270000004
38300000	38349999	0.60687370216	0.67530410444	-0.06843040227999997
38350000	38399999	0.5983622895	0.67530410444	-0.07694181493999996
38400000	38449999	0.60964243066	0.67530410444	-0.06566167377999999
38450000	38499999	0.644210712	0.67530410444	-0.03109339243999998
38500000	38549999	0.69570123904	0.67530410444	0.020397134600000033
38550000	38599999	0.6915241842	0.67530410444	0.01622007975999995
38600000	38649999	0.70410523182	0.67530410444	0.028801127379999958
38650000	38699999	0.73506333418	0.67530410444	0.05975922974000003
38700000	38749999	0.79590543854	0.67530410444	0.12060133409999996
38750000	38799999	0.80193035084	0.67530410444	0.12662624639999998
38800000	38849999	0.8419405985999999	0.67530410444	0.16663649415999993
38850000	38899999	0.8209726173999999	0.67530410444	0.14566851295999994
38900000	38949999	0.82102564224	0.67530410444	0.14572153779999997
38950000	38999999	0.77077727176	0.67530410444	0.09547316732
39000000	39049999	0.78825810946	0.67530410444	0.11295400501999997
39050000	39099999	0.76575668422	0.67530410444	0.09045257977999999
39100000	39149999	0.7549677138800001	0.67530410444	0.07966360944000006
39150000	39199999	0.73833411622	0.67530410444	0.06303001178
39200000	39249999	0.74463495346	0.67530410444	0.06933084901999997
39250000	39299999	0.68529366594	0.67530410444	0.009989561499999966
39300000	39349999	0.7182786919399999	0.67530410444	0.04297458749999994
39350000	39399999	0.76925049628	0.67530410444	0.09394639183999998
39400000	39449999	0.7980639225	0.67530410444	0.12275981806000003
39450000	39499999	0.8322904763800001	0.67530410444	0.1569863719400001
39500000	39549999	0.8371004898800001	0.67530410444	0.16179638544000008
39550000	39599999	0.7925381517800001	0.67530410444	0.11723404734000009
39600000	39649999	0.77581479398	0.67530410444	0.10051068953999998
39650000	39699999	0.73411130106	0.67530410444	0.05880719662
39700000	39749999	0.72311216384	0.67530410444	0.04780805939999999
39750000	39799999	0.74672776858	0.67530410444	0.07142366414000001
39800000	39849999	0.7640954938	0.67530410444	0.08879138935999997
39850000	39899999	0.74205360864	0.67530410444	0.06674950420000003
39900000	39949999	0.78870511324	0.67530410444	0.11340100880000004
39950000	39999999	0.8054984953	0.67530410444	0.13019439085999995
40000000	40049999	0.86466699664	0.67530410444	0.18936289220000002
40050000	40099999	0.86136187664	0.67530410444	0.18605777219999997
40100000	40149999	0.8675624668599999	0.67530410444	0.19225836241999994
40150000	40199999	0.85060294632	0.67530410444	0.17529884188
40200000	40249999	0.8190851137199999	0.67530410444	0.14378100927999993
40250000	40299999	0.715766559	0.67530410444	0.04046245455999997
40300000	40349999	0.69723842844	0.67530410444	0.02193432399999995
40350000	40399999	0.70881059862	0.67530410444	0.03350649417999996
40400000	40449999	0.72892848552	0.67530410444	0.053624381080000005
40450000	40499999	0.8727816287800001	0.67530410444	0.1974775243400001
40500000	40549999	0.8810924868800001	0.67530410444	0.20578838244000008
40550000	40599999	0.91496572832	0.67530410444	0.23966162388
40600000	40649999	0.87909489868	0.67530410444	0.20379079424000002
40650000	40699999	0.82641283296	0.67530410444	0.15110872852
40700000	40749999	0.68445472466	0.67530410444	0.009150620220000016
40750000	40799999	0.73389011982	0.67530410444	0.05858601537999997
40800000	40849999	0.73484316972	0.67530410444	0.05953906527999997
40850000	40899999	0.7853546899799999	0.67530410444	0.11005058553999991
40900000	40949999	0.78362139814	0.67530410444	0.10831729369999998
40950000	40999999	0.76274887744	0.67530410444	0.08744477299999998
41000000	41049999	0.73442741354	0.67530410444	0.059123309099999966
41050000	41099999	0.7202709703	0.67530410444	0.04496686585999998
41100000	41149999	0.7005186985	0.67530410444	0.02521459406000004
41150000	41199999	0.73210358988	0.67530410444	0.05679948544000002
41200000	41249999	0.7385998758	0.67530410444	0.06329577135999997
41250000	41299999	0.78309389496	0.67530410444	0.10778979052000004
41300000	41349999	0.8689419674000001	0.67530410444	0.19363786296000007
41350000	41399999	0.873252441	0.67530410444	0.19794833656
41400000	41449999	0.87013095662	0.67530410444	0.19482685217999995
41450000	41499999	0.9046615850599999	0.67530410444	0.22935748061999994
41500000	41549999	0.88061739772	0.67530410444	0.20531329328000003
41550000	41599999	0.7931770016199999	0.67530410444	0.11787289717999994
41600000	41649999	0.76089854142	0.67530410444	0.08559443698000002
41650000	41699999	0.7677320634	0.67530410444	0.09242795896
41700000	41749999	0.7367527307999999	0.67530410444	0.061448626359999925
41750000	41799999	0.71928250488	0.67530410444	0.04397840044000001
41800000	41849999	0.72284955426	0.67530410444	0.047545449819999974
41850000	41899999	0.70112872202	0.67530410444	0.025824617579999987
41900000	41949999	0.65098868996	0.67530410444	-0.024315414479999964
41950000	41999999	0.66218956678	0.67530410444	-0.013114537660000036
42000000	42049999	0.67841185706	0.67530410444	0.0031077526199999594
42050000	42099999	0.66388711618	0.67530410444	-0.011416988260000038
42100000	42149999	0.6962287287	0.67530410444	0.02092462425999997
42150000	42199999	0.72509632048	0.67530410444	0.04979221603999995
42200000	42249999	0.7190584514	0.67530410444	0.04375434696000002
42250000	42299999	0.6921342148	0.67530410444	0.01683011036000004
42300000	42349999	0.64935865232	0.67530410444	-0.02594545211999999
42350000	42399999	0.66724708634	0.67530410444	-0.008057018100000035
42400000	42449999	0.66544458774	0.67530410444	-0.00985951669999996
42450000	42499999	0.61840176142	0.67530410444	-0.05690234301999997
42500000	42549999	0.62744925844	0.67530410444	-0.047854846000000006
42550000	42599999	0.65833534752	0.67530410444	-0.016968756919999994
42600000	42649999	0.6637635644600001	0.67530410444	-0.01154053997999993
42650000	42699999	0.68249683404	0.67530410444	0.0071927296000000585
42700000	42749999	0.7508681231	0.67530410444	0.07556401865999995
42750000	42799999	0.74107418496	0.67530410444	0.06577008052
42800000	42849999	0.79261281186	0.67530410444	0.11730870741999999
42850000	42899999	0.8160385140199999	0.67530410444	0.14073440957999994
42900000	42949999	0.79988774242	0.67530410444	0.12458363798000005
42950000	42999999	0.76543803832	0.67530410444	0.09013393388000002
43000000	43049999	0.7428886267	0.67530410444	0.06758452226
43050000	43099999	0.65208957168	0.67530410444	-0.023214532759999962
43100000	43149999	0.6462848044599999	0.67530410444	-0.02901929998000008
43150000	43199999	0.7252018792799999	0.67530410444	0.04989777483999991
43200000	43249999	0.7854205921999999	0.67530410444	0.11011648775999994
43250000	43299999	0.82499278956	0.67530410444	0.14968868512
43300000	43349999	0.86697342214	0.67530410444	0.19166931769999995
43350000	43399999	0.8247111328	0.67530410444	0.14940702835999997
43400000	43449999	0.76321177818	0.67530410444	0.08790767373999997
43450000	43499999	0.7281077163399999	0.67530410444	0.052803611899999936
43500000	43549999	0.7216237741	0.67530410444	0.04631966966000001
43550000	43599999	0.7637937291	0.67530410444	0.08848962465999999
43600000	43649999	0.80502760802	0.67530410444	0.12972350357999995
43650000	43699999	0.82658582254	0.67530410444	0.15128171810000002
43700000	43749999	0.7842298582	0.67530410444	0.10892575376000002
43750000	43799999	0.7242257703	0.67530410444	0.04892166586000002
43800000	43849999	0.71216062906	0.67530410444	0.03685652462
43850000	43899999	0.69919652262	0.67530410444	0.023892418179999986
43900000	43949999	0.6639672648	0.67530410444	-0.011336839639999985
43950000	43999999	0.6931197837399999	0.67530410444	0.017815679299999942
44000000	44049999	0.77111508014	0.67530410444	0.09581097569999997
44050000	44099999	0.77549786432	0.67530410444	0.10019375988000001
44100000	44149999	0.78990254028	0.67530410444	0.11459843583999996
44150000	44199999	0.81978598632	0.67530410444	0.14448188188
44200000	44249999	0.80264322302	0.67530410444	0.12733911858000002
44250000	44299999	0.8389916047199999	0.67530410444	0.1636875002799999
44300000	44349999	0.86394879176	0.67530410444	0.18864468731999995
44350000	44399999	0.8407314485799999	0.67530410444	0.16542734413999993
44400000	44449999	0.83476457684	0.67530410444	0.15946047240000005
44450000	44499999	0.83483350036	0.67530410444	0.15952939592000004
44500000	44549999	0.79599850054	0.67530410444	0.12069439609999999
44550000	44599999	0.7726963555	0.67530410444	0.09739225106000005
44600000	44649999	0.76192351682	0.67530410444	0.08661941238000004
44650000	44699999	0.75494219502	0.67530410444	0.07963809058000004
44700000	44749999	0.80055112506	0.67530410444	0.12524702062000004
44750000	44799999	0.84815712336	0.67530410444	0.17285301892000005
44800000	44849999	0.7873472951	0.67530410444	0.11204319066000001
44850000	44899999	0.749874657	0.67530410444	0.07457055256
44900000	44949999	0.7274151211200001	0.67530410444	0.052111016680000066
44950000	44999999	0.7195592351000001	0.67530410444	0.044255130660000086
45000000	45049999	0.6597117703400001	0.67530410444	-0.015592334099999938
45050000	45099999	0.72341411924	0.67530410444	0.04811001479999999
45100000	45149999	0.7789768245600001	0.67530410444	0.10367272012000006
45150000	45199999	0.79160329058	0.67530410444	0.11629918614000001
45200000	45249999	0.79446550094	0.67530410444	0.11916139650000002
45250000	45299999	0.7888085387	0.67530410444	0.11350443426000001
45300000	45349999	0.78334155326	0.67530410444	0.10803744881999999
45350000	45399999	0.7813668408	0.67530410444	0.10606273635999997
45400000	45449999	0.8102252621799999	0.67530410444	0.1349211577399999
45450000	45499999	0.7755727343	0.67530410444	0.10026862985999996
45500000	45549999	0.77959980004	0.67530410444	0.10429569559999996
45550000	45599999	0.76297824496	0.67530410444	0.08767414052
45600000	45649999	0.7661440198	0.67530410444	0.09083991536000002
45650000	45699999	0.7482977090799999	0.67530410444	0.07299360463999993
45700000	45749999	0.7699614201199999	0.67530410444	0.09465731567999991
45750000	45799999	0.77519793162	0.67530410444	0.09989382717999995
45800000	45849999	0.8106427754	0.67530410444	0.13533867095999996
45850000	45899999	0.82331353394	0.67530410444	0.14800942949999996
45900000	45949999	0.79304662686	0.67530410444	0.11774252242000005
45950000	45999999	0.81528885978	0.67530410444	0.13998475534
46000000	46049999	0.80713863604	0.67530410444	0.13183453160000003
46050000	46099999	0.78822811972	0.67530410444	0.11292401527999996
46100000	46149999	0.79460004672	0.67530410444	0.11929594227999996
46150000	46199999	0.80181233314	0.67530410444	0.1265082287
46200000	46249999	0.75139526008	0.67530410444	0.07609115564000002
46250000	46299999	0.74259277574	0.67530410444	0.06728867130000005
46300000	46349999	0.72052443948	0.67530410444	0.045220335040000004
46350000	46399999	0.6699013071400001	0.67530410444	-0.0054027972999999285
46400000	46449999	0.64641925536	0.67530410444	-0.028884849079999997
46450000	46499999	0.72977643014	0.67530410444	0.054472325700000046
46500000	46549999	0.75665240986	0.67530410444	0.08134830542000004
46550000	46599999	0.78163353198	0.67530410444	0.10632942753999997
46600000	46649999	0.7940636604	0.67530410444	0.11875955595999999
46650000	46699999	0.82475505358	0.67530410444	0.14945094914
46700000	46749999	0.72030350662	0.67530410444	0.04499940217999998
46750000	46799999	0.66466399722	0.67530410444	-0.010640107219999972
46800000	46849999	0.64328034002	0.67530410444	-0.03202376441999999
46850000	46899999	0.62174643926	0.67530410444	-0.05355766518000005
46900000	46949999	0.63015351672	0.67530410444	-0.045150587720000024
46950000	46999999	0.71615871894	0.67530410444	0.04085461450000005
47000000	47049999	0.77565014492	0.67530410444	0.10034604047999995
47050000	47099999	0.80155962246	0.67530410444	0.12625551802
47100000	47149999	0.84111212252	0.67530410444	0.16580801808
47150000	47199999	0.84390007652	0.67530410444	0.16859597208
47200000	47249999	0.8261970379	0.67530410444	0.15089293346
47250000	47299999	0.84863301316	0.67530410444	0.17332890871999995
47300000	47349999	0.83100489776	0.67530410444	0.15570079331999997
47350000	47399999	0.8398838196999999	0.67530410444	0.16457971525999993
47400000	47449999	0.8216311131999999	0.67530410444	0.14632700875999993
47450000	47499999	0.7743222721799999	0.67530410444	0.09901816773999994
47500000	47549999	0.77722481122	0.67530410444	0.10192070677999998
47550000	47599999	0.7802268422599999	0.67530410444	0.10492273781999994
47600000	47649999	0.75906046834	0.67530410444	0.08375636389999996
47650000	47699999	0.75954213346	0.67530410444	0.08423802902
47700000	47749999	0.78946652402	0.67530410444	0.11416241957999995
47750000	47799999	0.73838366146	0.67530410444	0.06307955702000001
47800000	47849999	0.6934959097	0.67530410444	0.01819180525999997
47850000	47899999	0.67862799144	0.67530410444	0.00332388699999997
47900000	47949999	0.68965552528	0.67530410444	0.014351420839999962
47950000	47999999	0.68518316082	0.67530410444	0.009879056379999973
48000000	48049999	0.68687159834	0.67530410444	0.011567493900000003
48050000	48099999	0.69568994298	0.67530410444	0.02038583853999998
48100000	48149999	0.6920616455	0.67530410444	0.016757541060000047
48150000	48199999	0.6663736633	0.67530410444	-0.008930441139999967
48200000	48249999	0.62876698674	0.67530410444	-0.04653711770000002
48250000	48299999	0.63345933098	0.67530410444	-0.04184477346000004
48300000	48349999	0.61405341856	0.67530410444	-0.061250685880000044
48350000	48399999	0.62425662346	0.67530410444	-0.051047480980000004
48400000	48449999	0.6388069981	0.67530410444	-0.03649710634000003
48450000	48499999	0.6751224865	0.67530410444	-0.00018161794000004505
48500000	48549999	0.65012704994	0.67530410444	-0.025177054499999962
48550000	48599999	0.65575856276	0.67530410444	-0.01954554168
48600000	48649999	0.68901997258	0.67530410444	0.013715868140000032
48650000	48699999	0.7140350211200001	0.67530410444	0.03873091668000006
48700000	48749999	0.719872681	0.67530410444	0.04456857656000002
48750000	48799999	0.72464850936	0.67530410444	0.04934440492000003
48800000	48849999	0.7756893877200001	0.67530410444	0.10038528328000007
48850000	48899999	0.7407405971200001	0.67530410444	0.06543649268000007
48900000	48949999	0.70016123762	0.67530410444	0.024857133180000046
48950000	48999999	0.68915983524	0.67530410444	0.013855730800000021
49000000	49049999	0.7458910629400001	0.67530410444	0.07058695850000007
49050000	49099999	0.73687957814	0.67530410444	0.06157547370000005
49100000	49149999	0.79145877702	0.67530410444	0.11615467258
49150000	49199999	0.85697511186	0.67530410444	0.18167100741999997
49200000	49249999	0.86992392604	0.67530410444	0.19461982160000002
49250000	49299999	0.90202654856	0.67530410444	0.22672244411999998
49300000	49349999	0.9183781495000001	0.67530410444	0.24307404506000008
49350000	49399999	0.92045125762	0.67530410444	0.24514715318000002
49400000	49449999	0.90394099102	0.67530410444	0.22863688658000003
49450000	49499999	0.87331740186	0.67530410444	0.19801329741999996
49500000	49549999	0.78276144746	0.67530410444	0.10745734301999998
49550000	49599999	0.7410630991	0.67530410444	0.06575899466000001
49600000	49649999	0.72800623398	0.67530410444	0.052702129539999976
49650000	49699999	0.7248356645	0.67530410444	0.049531560060000035
49700000	49749999	0.73551902524	0.67530410444	0.060214920800000016
49750000	49799999	0.76908199184	0.67530410444	0.09377788740000004
49800000	49849999	0.83277054932	0.67530410444	0.15746644488000006
49850000	49899999	0.8244907353400001	0.67530410444	0.14918663090000006
49900000	49949999	0.8192563037	0.67530410444	0.14395219926000002
49950000	49999999	0.8127230774800001	0.67530410444	0.13741897304000006
50000000	50049999	0.78674322048	0.67530410444	0.11143911604000001
50050000	50099999	0.72505894012	0.67530410444	0.049754835680000054
50100000	50149999	0.71341681064	0.67530410444	0.03811270619999996
50150000	50199999	0.6972142366799999	0.67530410444	0.021910132239999935
50200000	50249999	0.6855616595999999	0.67530410444	0.010257555159999932
50250000	50299999	0.74344037134	0.67530410444	0.06813626689999996
50300000	50349999	0.74479888924	0.67530410444	0.06949478480000004
50350000	50399999	0.69792785438	0.67530410444	0.02262374994000005
50400000	50449999	0.67450724504	0.67530410444	-0.0007968593999999607
50450000	50499999	0.6905319399000001	0.67530410444	0.015227835460000061
50500000	50549999	0.64511684242	0.67530410444	-0.030187262019999994
50550000	50599999	0.63786880036	0.67530410444	-0.037435304079999954
50600000	50649999	0.62253801474	0.67530410444	-0.05276608969999996
50650000	50699999	0.64077179826	0.67530410444	-0.03453230618000003
50700000	50749999	0.61347533588	0.67530410444	-0.06182876855999997
50750000	50799999	0.6307792093	0.67530410444	-0.04452489514000002
50800000	50849999	0.6326664249799999	0.67530410444	-0.04263767946000008
50850000	50899999	0.6368996177599999	0.67530410444	-0.03840448668000007
50900000	50949999	0.61083462814	0.67530410444	-0.0644694763
50950000	50999999	0.61827348956	0.67530410444	-0.05703061488000005
51000000	51049999	0.56271384228	0.67530410444	-0.11259026216000001
51050000	51099999	0.5306872282399999	0.67530410444	-0.14461687620000008
51100000	51149999	0.58941941386	0.67530410444	-0.08588469058000003
51150000	51199999	0.6061840333599999	0.67530410444	-0.06912007108000007
51200000	51249999	0.6305640334599999	0.67530410444	-0.0447400709800001
51250000	51299999	0.7005520663599999	0.67530410444	0.025247961919999895
51300000	51349999	0.7333797238599999	0.67530410444	0.058075619419999946
51350000	51399999	0.6703024759399999	0.67530410444	-0.005001628500000077
51400000	51449999	0.66450345658	0.67530410444	-0.010800647860000012
51450000	51499999	0.63750529346	0.67530410444	-0.03779881098000004
51500000	51549999	0.61522759488	0.67530410444	-0.06007650955999999
51550000	51599999	0.63753041806	0.67530410444	-0.037773686380000004
51600000	51649999	0.71275633716	0.67530410444	0.03745223271999998
51650000	51699999	0.74456482382	0.67530410444	0.06926071938
51700000	51749999	0.77135741344	0.67530410444	0.09605330899999998
51750000	51799999	0.77955262416	0.67530410444	0.10424851972000004
51800000	51849999	0.8107962349	0.67530410444	0.13549213045999997
51850000	51899999	0.80073953592	0.67530410444	0.12543543148000003
51900000	51949999	0.84057379466	0.67530410444	0.16526969022000004
51950000	51999999	0.92899322548	0.67530410444	0.25368912103999997
52000000	52049999	0.9202737170799999	0.67530410444	0.24496961263999995
52050000	52099999	0.90078017594	0.67530410444	0.22547607150000004
52100000	52149999	0.8654920668	0.67530410444	0.19018796236000002
52150000	52199999	0.8318641437800001	0.67530410444	0.15656003934000007
52200000	52249999	0.80183211456	0.67530410444	0.12652801012000003
52250000	52299999	0.8194032600600001	0.67530410444	0.14409915562000009
52300000	52349999	0.81113575056	0.67530410444	0.13583164611999998
52350000	52399999	0.83097950706	0.67530410444	0.15567540262000001
52400000	52449999	0.81290664438	0.67530410444	0.13760253994000005
52450000	52499999	0.77213644754	0.67530410444	0.0968323431
52500000	52549999	0.7531805451	0.67530410444	0.07787644065999999
52550000	52599999	0.7658287826	0.67530410444	0.09052467815999998
52600000	52649999	0.75036956338	0.67530410444	0.07506545894000005
52650000	52699999	0.72969036566	0.67530410444	0.05438626122000001
52700000	52749999	0.68603466622	0.67530410444	0.01073056177999998
52750000	52799999	0.63945503822	0.67530410444	-0.03584906621999995
52800000	52849999	0.58734888168	0.67530410444	-0.08795522276000001
52850000	52899999	0.55809662906	0.67530410444	-0.11720747537999998
52900000	52949999	0.57677410546	0.67530410444	-0.09852999898000003
52950000	52999999	0.60327999876	0.67530410444	-0.07202410567999995
53000000	53049999	0.6453366149	0.67530410444	-0.029967489539999947
53050000	53099999	0.72295288914	0.67530410444	0.0476487847
53100000	53149999	0.80650341942	0.67530410444	0.13119931498000004
53150000	53199999	0.85407703774	0.67530410444	0.1787729333
53200000	53249999	0.86364336052	0.67530410444	0.18833925608000002
53250000	53299999	0.88985410326	0.67530410444	0.21454999882000003
53300000	53349999	0.8671400501600001	0.67530410444	0.19183594572000007
53350000	53399999	0.8241236967000001	0.67530410444	0.14881959226000008
53400000	53449999	0.76525716864	0.67530410444	0.08995306420000004
53450000	53499999	0.73118507448	0.67530410444	0.05588097004000003
53500000	53549999	0.6812882917399999	0.67530410444	0.0059841872999999435
53550000	53599999	0.62881137404	0.67530410444	-0.046492730400000015
53600000	53649999	0.58600447794	0.67530410444	-0.0892996265
53650000	53699999	0.52800987868	0.67530410444	-0.14729422575999995
53700000	53749999	0.5125435068599999	0.67530410444	-0.16276059758000005
53750000	53799999	0.51589602652	0.67530410444	-0.15940807792
53800000	53849999	0.56124748956	0.67530410444	-0.11405661487999996
53850000	53899999	0.62079152718	0.67530410444	-0.05451257726000003
53900000	53949999	0.65788782402	0.67530410444	-0.017416280419999985
53950000	53999999	0.6437709446200001	0.67530410444	-0.031533159819999934
54000000	54049999	0.64453642008	0.67530410444	-0.03076768435999999
54050000	54099999	0.59523514112	0.67530410444	-0.08006896332000002
54100000	54149999	0.5593536058	0.67530410444	-0.11595049863999995
54150000	54199999	0.58477360522	0.67530410444	-0.09053049922
54200000	54249999	0.63764492142	0.67530410444	-0.03765918302000004
54250000	54299999	0.64742806616	0.67530410444	-0.02787603827999996
54300000	54349999	0.64581373598	0.67530410444	-0.02949036845999997
54350000	54399999	0.62629793806	0.67530410444	-0.049006166379999994
54400000	54449999	0.61094984862	0.67530410444	-0.06435425581999998
54450000	54499999	0.56381796558	0.67530410444	-0.11148613886000003
54500000	54549999	0.54108980016	0.67530410444	-0.13421430428000003
54550000	54599999	0.57095789078	0.67530410444	-0.10434621365999996
54600000	54649999	0.58769576772	0.67530410444	-0.08760833672000001
54650000	54699999	0.5797985439	0.67530410444	-0.09550556054000003
54700000	54749999	0.5705002876399999	0.67530410444	-0.10480381680000006
54750000	54799999	0.57935836202	0.67530410444	-0.09594574241999998
54800000	54849999	0.54215981816	0.67530410444	-0.13314428627999997
54850000	54899999	0.51979184184	0.67530410444	-0.15551226259999995
54900000	54949999	0.5146278412	0.67530410444	-0.16067626323999995
54950000	54999999	0.5728536947	0.67530410444	-0.10245040973999997
55000000	55049999	0.5449710800600001	0.67530410444	-0.13033302437999994
55050000	55099999	0.57885150616	0.67530410444	-0.09645259827999997
55100000	55149999	0.52454659058	0.67530410444	-0.15075751386000003
55150000	55199999	0.42254967163999996	0.67530410444	-0.25275443280000004
55200000	55249999	0.25296281253999997	0.67530410444	-0.4223412919
55250000	55299999	0.24818080624	0.67530410444	-0.4271232982
55300000	55349999	0.30724461583999996	0.67530410444	-0.36805948860000004
55350000	55399999	0.43827195222	0.67530410444	-0.23703215222000001
55400000	55449999	0.6065041579	0.67530410444	-0.06879994653999999
55450000	55499999	0.76400096094	0.67530410444	0.08869685650000003
55500000	55549999	0.8103044830399999	0.67530410444	0.13500037859999992
55550000	55599999	0.7474947386199999	0.67530410444	0.07219063417999994
55600000	55649999	0.72425425806	0.67530410444	0.04895015361999999
55650000	55699999	0.64296592134	0.67530410444	-0.03233818310000003
55700000	55749999	0.65598482178	0.67530410444	-0.019319282660000048
55750000	55799999	0.68843204042	0.67530410444	0.01312793597999995
55800000	55849999	0.71787370722	0.67530410444	0.04256960277999999
55850000	55899999	0.69782259086	0.67530410444	0.022518486419999983
55900000	55949999	0.7233030175399999	0.67530410444	0.04799891309999993
55950000	55999999	0.68759719272	0.67530410444	0.012293088279999975
56000000	56049999	0.8161329200599999	0.67530410444	0.14082881561999994
56050000	56099999	0.78665900506	0.67530410444	0.11135490061999997
56100000	56149999	0.74349504698	0.67530410444	0.06819094254000002
56150000	56199999	0.76572344068	0.67530410444	0.09041933623999998
56200000	56249999	0.8059548868799999	0.67530410444	0.13065078243999995
56250000	56299999	0.63095876176	0.67530410444	-0.04434534268000001
56300000	56349999	0.62762359996	0.67530410444	-0.04768050448000005
56350000	56399999	0.66021861332	0.67530410444	-0.015085491120000016
56400000	56449999	0.63752378904	0.67530410444	-0.03778031540000004
56450000	56499999	0.60798970866	0.67530410444	-0.06731439577999998
56500000	56549999	0.58478335784	0.67530410444	-0.09052074659999998
56550000	56599999	0.56929030234	0.67530410444	-0.1060138021
56600000	56649999	0.55063499862	0.67530410444	-0.12466910582000001
56650000	56699999	0.58951243528	0.67530410444	-0.08579166916000003
56700000	56749999	0.60814008152	0.67530410444	-0.06716402292000001
56750000	56799999	0.65735416476	0.67530410444	-0.017949939680000027
56800000	56849999	0.7019246998199999	0.67530410444	0.026620595379999945
56850000	56899999	0.68183639484	0.67530410444	0.006532290400000029
56900000	56949999	0.6081776048	0.67530410444	-0.06712649963999995
56950000	56999999	0.55328486426	0.67530410444	-0.12201924017999999
57000000	57049999	0.47969474132	0.67530410444	-0.19560936312
57050000	57099999	0.36644590094	0.67530410444	-0.3088582035
57100000	57149999	0.35447545691999993	0.67530410444	-0.32082864752000007
57150000	57199999	0.34675914346000003	0.67530410444	-0.32854496097999997
57200000	57249999	0.33688405307999997	0.67530410444	-0.33842005136000003
57250000	57299999	0.3185604721	0.67530410444	-0.35674363234
57300000	57349999	0.34649498786	0.67530410444	-0.32880911658
57350000	57399999	0.32141575564	0.67530410444	-0.3538883488
57400000	57449999	0.27461672154	0.67530410444	-0.4006873829
57450000	57499999	0.2564045359	0.67530410444	-0.41889956854
57500000	57549999	0.2782826064	0.67530410444	-0.39702149804
57550000	57599999	0.3229513936	0.67530410444	-0.35235271083999997
57600000	57649999	0.39881811094	0.67530410444	-0.27648599349999997
57650000	57699999	0.5089284662	0.67530410444	-0.16637563824
57700000	57749999	0.59905804364	0.67530410444	-0.07624606079999996
57750000	57799999	0.65434738766	0.67530410444	-0.020956716779999995
57800000	57849999	0.67716515452	0.67530410444	0.0018610500800000374
57850000	57899999	0.63380806106	0.67530410444	-0.041496043380000014
57900000	57949999	0.57920023432	0.67530410444	-0.09610387011999999
57950000	57999999	0.54613399862	0.67530410444	-0.12917010582
58000000	58049999	0.57949151358	0.67530410444	-0.09581259086000005
58050000	58099999	0.5899879767	0.67530410444	-0.08531612773999997
58100000	58149999	0.64744594112	0.67530410444	-0.027858163320000018
58150000	58199999	0.67801567386	0.67530410444	0.0027115694199999485
58200000	58249999	0.7072209081399999	0.67530410444	0.03191680369999994
58250000	58299999	0.64239711286	0.67530410444	-0.03290699157999999
58300000	58349999	0.5944195862	0.67530410444	-0.08088451823999998
58350000	58399999	0.55841285634	0.67530410444	-0.11689124809999996
58400000	58449999	0.51347886808	0.67530410444	-0.16182523636
58450000	58499999	0.46727999507999995	0.67530410444	-0.20802410936000004
58500000	58549999	0.45658843242	0.67530410444	-0.21871567201999997
58550000	58599999	0.49014705228	0.67530410444	-0.18515705216
58600000	58649999	0.51952618148	0.67530410444	-0.15577792296000004
58650000	58699999	0.601160303	0.67530410444	-0.07414380143999999
58700000	58749999	0.641611468	0.67530410444	-0.03369263643999998
58750000	58799999	0.68365210424	0.67530410444	0.008347999800000006
58800000	58849999	0.70147666392	0.67530410444	0.02617255947999997
58850000	58899999	0.68999124704	0.67530410444	0.014687142600000036
58900000	58949999	0.70766860248	0.67530410444	0.03236449803999997
58950000	58999999	0.70249499196	0.67530410444	0.027190887519999984
59000000	59049999	0.5492613265799999	0.67530410444	-0.12604277786000007
59050000	59099999	0.502174004115	0.67530410444	-0.17313010032499998
59100000	59149999	0.47512250417333335	0.67530410444	-0.20018160026666665
