0	0.0	0.0	0.0	0.0
1	0.0	0.0	0.0	0.0
2	0.0	0.0	0.0	0.0
3	0.0	0.0	0.0	0.0
4	0.0	0.0	0.0	0.0
5	0.0	0.0	0.0	0.0
6	0.0	0.0	0.0	0.0
7	0.0	0.0	0.0	0.0
8	0.0	0.0	0.0	0.0
9	0.0	0.0	0.0	0.0
10	0.0	0.0	0.0	0.0
11	0.0	0.0	0.0	0.0
12	0.0	0.0	0.0	0.0
13	0.0	0.0	0.0	0.0
14	0.0	0.0	0.0	0.0
15	0.0	0.0	0.0	0.0
16	0.0	0.0	0.0	0.0
17	0.0	0.0	0.0	0.0
18	0.0	0.0	0.0	0.0
19	0.0	0.0	0.0	0.0
20	0.0	0.0	0.0	0.0
21	0.0	0.0	0.0	0.0
22	0.0	0.0	0.0	0.0
23	0.0	0.0	0.0	0.0
24	0.0	0.0	0.0	0.0
25	0.0	0.0	0.0	0.0
26	0.0	0.0	0.0	0.0
27	0.0	0.0	0.0	0.0
28	0.0	0.0	0.0	0.0
29	0.0	0.0	0.0	0.0
30	0.0	0.0	0.0	0.0
31	0.0	0.0	0.0	0.0
32	0.0	0.0	0.0	0.0
33	0.0	0.0	0.0	0.0
34	0.0	0.0	0.0	0.0
35	0.0	0.0	0.0	0.0
36	0.0	0.0	0.0	0.0
37	0.0	0.0	0.0	0.0
38	0.0	0.0	0.0	0.0
39	0.0	0.0	0.0	0.0
40	0.0	0.0	0.0	0.0
41	0.0	0.0	0.0	0.0
42	0.0	0.0	0.0	0.0
43	0.0	0.0	0.0	0.0
44	0.0	0.0	0.0	0.0
45	0.0	0.0	0.0	0.0
46	0.0	0.0	0.0	0.0
47	0.0	0.0	0.0	0.0
48	0.0	0.0	0.0	0.0
49	0.0	0.0	0.0	0.0
50	0.0	0.0	0.0	0.0
51	0.0	0.0	0.0	0.0
52	0.0	0.0	0.0	0.0
53	0.0	0.0	0.0	0.0
54	0.0	0.0	0.0	0.0
55	0.0	0.0	0.0	0.0
56	0.0	0.0	0.0	0.0
57	0.0	0.0	0.0	0.0
58	0.0	0.0	0.0	0.0
59	0.0	0.0	0.0	0.0
60	0.0	0.0	0.0	0.0
61	0.0	0.0	0.0	0.0
62	0.0	0.0	0.0	0.0
63	0.0	0.0	0.0	0.0
64	0.0	0.0	0.0	0.0
65	0.0	0.0	0.0	0.0
66	0.0	0.0	0.0	0.0
67	0.0	0.0	0.0	0.0
68	0.0	0.0	0.0	0.0
69	0.0	0.0	0.0	0.0
70	0.0	0.0	0.0	0.0
71	0.0	0.0	0.0	0.0
72	0.0	0.0	0.0	0.0
73	0.0	0.0	0.0	0.0
74	0.0	0.0	0.0	0.0
75	0.0	0.0	0.0	0.0
76	0.0	0.0	0.0	0.0
77	0.0	0.0	0.0	0.0
78	0.0	0.0	0.0	0.0
79	0.0	0.0	0.0	0.0
80	0.0	0.0	0.0	0.0
81	0.0	0.0	0.0	0.0
82	0.0	0.0	0.0	0.0
83	0.0	0.0	0.0	0.0
84	0.0	0.0	0.0	0.0
85	0.0	0.0	0.0	0.0
86	0.0	0.0	0.0	0.0
87	0.0	0.0	0.0	0.0
88	0.0	0.0	0.0	0.0
89	0.0	0.0	0.0	0.0
90	0.0	0.0	0.0	0.0
91	0.0	0.0	0.0	0.0
92	0.0	0.0	0.0	0.0
93	0.0	0.0	0.0	0.0
94	0.0	0.0	0.0	0.0
95	0.0	0.0	0.0	0.0
96	0.0	0.0	0.0	0.0
97	0.0	0.0	0.0	0.0
98	0.0	0.0	0.0	0.0
99	0.0	0.0	0.0	0.0
100	0.0	0.0	0.0	0.0
101	0.0	0.0	0.0	0.0
102	0.0	0.0	0.0	0.0
103	0.0	0.0	0.0	0.0
104	0.0	0.0	0.0	0.0
105	0.0	0.0	0.0	0.0
106	0.0	0.0	0.0	0.0
107	0.0	0.0	0.0	0.0
108	0.0	0.0	0.0	0.0
109	0.0	0.0	0.0	0.0
110	0.0	0.0	0.0	0.0
111	0.0	0.0	0.0	0.0
112	0.0	0.0	0.0	0.0
113	0.0	0.0	0.0	0.0
114	0.0	0.0	0.0	0.0
115	0.0	0.0	0.0	0.0
116	0.0	0.0	0.0	0.0
117	0.0	0.0	0.0	0.0
118	0.0	0.0	0.0	0.0
119	0.0	0.0	0.0	0.0
120	0.0	0.0	0.0	0.0
121	0.0	0.0	0.0	0.0
122	0.0	0.0	0.0	0.0
123	0.0	0.0	0.0	0.0
124	0.0	0.0	0.0	0.0
125	0.0	0.0	0.0	0.0
126	0.0	0.0	0.0	0.0
127	0.0	0.0	0.0	0.0
128	0.0	0.0	0.0	0.0
129	0.0	0.0	0.0	0.0
130	0.0	0.0	0.0	0.0
131	0.0	0.0	0.0	0.0
132	0.0	0.0	0.0	0.0
133	0.0	0.0	0.0	0.0
134	0.0	0.0	0.0	0.0
135	0.0	0.0	0.0	0.0
136	0.0	0.0	0.0	0.0
137	0.0	0.0	0.0	0.0
138	0.0	0.0	0.0	0.0
139	0.0	0.0	0.0	0.0
140	0.0	0.0	0.0	0.0
141	0.0	0.0	0.0	0.0
142	0.0	0.0	0.0	0.0
143	0.0	0.0	0.0	0.0
144	0.0	0.0	0.0	0.0
145	0.0	0.0	0.0	0.0
146	0.0	0.0	0.0	0.0
147	0.0	0.0	0.0	0.0
148	0.0	0.0	0.0	0.0
149	0.0	0.0	0.0	0.0
150	0.0	0.0	0.0	0.0
151	0.0	0.0	0.0	0.0
152	0.0	0.0	0.0	0.0
153	0.0	0.0	0.0	0.0
154	0.0	0.0	0.0	0.0
155	0.0	0.0	0.0	0.0
156	0.0	0.0	0.0	0.0
157	0.0	0.0	0.0	0.0
158	0.0	0.0	0.0	0.0
159	0.0	0.0	0.0	0.0
160	0.0	0.0	0.0	0.0
161	0.0	0.0	0.0	0.0
162	0.0	0.0	0.0	0.0
163	0.0	0.0	0.0	0.0
164	0.0	0.0	0.0	0.0
165	0.0	0.0	0.0	0.0
166	0.0	0.0	0.0	0.0
167	0.0	0.0	0.0	0.0
168	0.0	0.0	0.0	0.0
169	0.0	0.0	0.0	0.0
170	0.0	0.0	0.0	0.0
171	0.0	0.0	0.0	0.0
172	0.0	0.0	0.0	0.0
173	0.0	0.0	0.0	0.0
174	0.0	0.0	0.0	0.0
175	0.0	0.0	0.0	0.0
176	0.0	0.0	0.0	0.0
177	0.0	0.0	0.0	0.0
178	0.0	0.0	0.0	0.0
179	0.0	0.0	0.0	0.0
180	0.0	0.0	0.0	0.0
181	0.0	0.0	0.0	0.0
182	0.0	0.0	0.0	0.0
183	0.0	0.0	0.0	0.0
184	0.0	0.0	0.0	0.0
185	0.0	0.0	0.0	0.0
186	0.0	0.0	0.0	0.0
187	0.0	0.0	0.0	0.0
188	0.0	0.0	0.0	0.0
189	0.0	0.0	0.0	0.0
190	0.0	0.0	0.0	0.0
191	0.0	0.0	0.0	0.0
192	0.0	0.0	0.0	0.0
193	0.0	0.0	0.0	0.0
194	0.0	0.0	0.0	0.0
195	0.0	0.0	0.0	0.0
196	0.0	0.0	0.0	0.0
197	0.0	0.0	0.0	0.0
198	0.0	0.0	0.0	0.0
199	0.0	0.0	0.0	0.0
200	0.0	0.0	0.0	0.0
201	0.0	0.0	0.0	0.0
202	0.0	0.0	0.0	0.0
203	0.0	0.0	0.0	0.0
204	0.0	0.0	0.0	0.0
205	0.0	0.0	0.0	0.0
206	0.0	0.0	0.0	0.0
207	0.0	0.0	0.0	0.0
208	0.0	0.0	0.0	0.0
209	0.0	0.0	0.0	0.0
210	0.0	0.0	0.0	0.0
211	0.0	0.0	0.0	0.0
212	0.0	0.0	0.0	0.0
213	0.0	0.0	0.0	0.0
214	0.0	0.0	0.0	0.0
215	0.0	0.0	0.0	0.0
216	0.0	0.0	0.0	0.0
217	0.0	0.0	0.0	0.0
218	0.0	0.0	0.0	0.0
219	0.0	0.0	0.0	0.0
220	0.0	0.0	0.0	0.0
221	0.0	0.0	0.0	0.0
222	0.0	0.0	0.0	0.0
223	0.0	0.0	0.0	0.0
224	0.0	0.0	0.0	0.0
225	0.0	0.0	0.0	0.0
226	0.0	0.0	0.0	0.0
227	0.0	0.0	0.0	0.0
228	0.0	0.0	0.0	0.0
229	0.0	0.0	0.0	0.0
230	0.0	0.0	0.0	0.0
231	0.0	0.0	0.0	0.0
232	0.0	0.0	0.0	0.0
233	0.0	0.0	0.0	0.0
234	0.0	0.0	0.0	0.0
235	0.0	0.0	0.0	0.0
236	0.0	0.0	0.0	0.0
237	0.0	0.0	0.0	0.0
238	0.0	0.0	0.0	0.0
239	0.0	0.0	0.0	0.0
240	0.0	0.0	0.0	0.0
241	0.0	0.0	0.0	0.0
242	0.0	0.0	0.0	0.0
243	0.0	0.0	0.0	0.0
244	0.0	0.0	0.0	0.0
245	0.0	0.0	0.0	0.0
246	0.0	0.0	0.0	0.0
247	0.0	0.0	0.0	0.0
248	0.0	0.0	0.0	0.0
249	0.0	0.0	0.0	0.0
250	0.0	0.0	0.0	0.0
251	0.0	0.0	0.0	0.0
252	0.0	0.0	0.0	0.0
253	0.0	0.0	0.0	0.0
254	0.0	0.0	0.0	0.0
255	0.0	0.0	0.0	0.0
256	0.0	0.0	0.0	0.0
257	0.0	0.0	0.0	0.0
258	0.0	0.0	0.0	0.0
259	0.0	0.0	0.0	0.0
260	0.0	0.0	0.0	0.0
261	0.0	0.0	0.0	0.0
262	0.0	0.0	0.0	0.0
263	0.0	0.0	0.0	0.0
264	0.0	0.0	0.0	0.0
265	0.0	0.0	0.0	0.0
266	0.0	0.0	0.0	0.0
267	0.0	0.0	0.0	0.0
268	0.0	0.0	0.0	0.0
269	0.0	0.0	0.0	0.0
270	0.0	0.0	0.0	0.0
271	0.0	0.0	0.0	0.0
272	0.0	0.0	0.0	0.0
273	0.0	0.0	0.0	0.0
274	0.0	0.0	0.0	0.0
275	0.0	0.0	0.0	0.0
276	0.0	0.0	0.0	0.0
277	0.0	0.0	0.0	0.0
278	0.0	0.0	0.0	0.0
279	0.0	0.0	0.0	0.0
280	0.0	0.0	0.0	0.0
281	0.0	0.0	0.0	0.0
282	0.0	0.0	0.0	0.0
283	0.0	0.0	0.0	0.0
284	0.0	0.0	0.0	0.0
285	0.0	0.0	0.0	0.0
286	0.0	0.0	0.0	0.0
287	0.0	0.0	0.0	0.0
288	0.0	0.0	0.0	0.0
289	0.0	0.0	0.0	0.0
290	0.0	0.0	0.0	0.0
291	0.0	0.0	0.0	0.0
292	0.0	0.0	0.0	0.0
293	0.0	0.0	0.0	0.0
294	0.0	0.0	0.0	0.0
295	0.0	0.0	0.0	0.0
296	0.0	0.0	0.0	0.0
297	0.0	0.0	0.0	0.0
298	0.0	0.0	0.0	0.0
299	0.0	0.0	0.0	0.0
300	0.0	0.0	0.0	0.0
301	0.0	0.0	0.0	0.0
302	0.0	0.0	0.0	0.0
303	0.0	0.0	0.0	0.0
304	0.0	0.0	0.0	0.0
305	0.0	0.0	0.0	0.0
306	0.0	0.0	0.0	0.0
307	0.0	0.0	0.0	0.0
308	0.0	0.0	0.0	0.0
309	0.0	0.0	0.0	0.0
310	0.0	0.0	0.0	0.0
311	0.0	0.0	0.0	0.0
312	0.0	0.0	0.0	0.0
313	0.0	0.0	0.0	0.0
314	0.0	0.0	0.0	0.0
315	0.0	0.0	0.0	0.0
316	0.0	0.0	0.0	0.0
317	0.0	0.0	0.0	0.0
318	0.0	0.0	0.0	0.0
319	0.0	0.0	0.0	0.0
320	0.0	0.0	0.0	0.0
321	17.0	0.47617999999999994	0.2717702741002176	5136.0
322	16.0	0.36014	0.27000629724345165	5795.0
323	15.0	0.4235999999999999	0.27560053444906646	4317.0
324	16.0	0.45227999999999996	0.2227987562490575	4109.0
325	16.0	0.4045	0.2390003263991028	4761.0
326	13.0	0.41338	0.2921812746742314	5080.0
327	14.0	0.4103	0.2636852345893623	6445.0
328	19.0	0.3935	0.22384077168460925	4312.0
329	10.0	0.40676	0.2719983303632927	2551.0
330	6.0	0.44345999999999997	0.3885834243927768	1629.0
331	2.0	0.45472	0.4023865122904048	1442.0
332	10.0	0.41244	0.33893206911180346	2067.0
333	32.0	0.34753999999999996	0.19276085934860476	1417.0
334	0.0	0.0	0.0	0.0
335	0.0	0.0	0.0	0.0
336	0.0	0.015459999999999998	0.027657446053600203	5878.0
337	8.0	0.40436	0.39761971302637095	72836.0
338	10.0	0.38004	0.22657771250020647	61184.0
339	17.0	0.39458	0.20437420560909203	15157.0
340	6.0	0.49662000000000006	0.2674955612206321	52097.0
341	15.0	0.43164	0.5109330918371162	99238.0
342	18.0	0.39668	0.34373502507968884	68705.0
343	20.0	0.39332	0.5961817190116545	22061.0
344	18.0	0.37986000000000003	0.5150982607511667	56837.0
345	12.0	0.36823999999999996	0.8628234709803456	41106.0
346	10.0	0.37970000000000004	0.7586289760737983	21479.0
347	13.0	0.40368000000000004	0.28267030170166346	19588.0
348	14.0	0.4554400000000001	0.8868826416170955	36820.0
349	15.0	0.4416999999999999	0.6953418158337932	36342.0
350	15.0	0.44204	0.6740195387120669	44811.0
351	12.0	0.48249999999999993	0.8890889827500423	49450.0
352	9.0	0.50764	0.8232304104765129	45466.0
353	6.0	0.49494	0.7749463810723639	57955.0
354	7.0	0.48972	0.7928832127107822	51675.0
355	8.0	0.47212	0.6975923729977784	45553.0
356	8.0	0.4565200000000001	0.7451823879293004	48073.0
357	14.0	0.4354799999999999	0.8318253078442008	43321.0
358	17.0	0.42762	0.8410625383851019	43486.0
359	10.0	0.43172000000000005	0.8295155735579555	50714.0
360	9.0	0.46576	0.7477732452484123	59241.0
361	9.0	0.48038	0.7466629544040667	56167.0
362	11.0	0.45008000000000004	0.6977854536791918	60012.0
363	11.0	0.41284000000000004	0.7828628528131146	53267.0
364	18.0	0.4844	0.7876218405873331	55393.0
365	8.0	0.5515399999999999	0.9282397692865536	57875.0
366	9.0	0.52312	0.924851858025159	63200.0
367	15.0	0.48496	0.9425199564494537	54422.0
368	11.0	0.4813	0.8393523535574414	67097.0
369	13.0	0.47989999999999994	0.7804286286652524	57748.0
370	12.0	0.48704000000000003	0.7831696333317348	63001.0
371	7.0	0.4776200000000001	0.8587307061160099	57710.0
372	14.0	0.47588	0.7504833509379455	45631.0
373	9.0	0.4059600000000001	0.21959094069196833	7634.0
374	8.0	0.41144	0.20721037833598857	4801.0
375	8.0	0.50542	0.2582215507757578	7284.0
376	9.0	0.48432	0.2601614082653737	18422.0
377	7.0	0.44128	0.37996690847625164	26484.0
378	3.0	0.55186	0.5850671482556647	38618.0
379	5.0	0.51036	0.7725530697958155	137730.0
380	7.0	0.529	0.7809161695040412	134497.0
381	11.0	0.4647	0.8412725909024878	147745.0
382	7.0	0.5416399999999999	0.8827877059095549	169844.0
383	11.0	0.53574	0.8950863597538697	185459.0
384	11.0	0.449	0.8494080913729529	162001.0
385	8.0	0.43644000000000005	0.8104212569173728	180096.0
386	14.0	0.44383999999999996	0.7995439618324602	166277.0
387	18.0	0.45594000000000007	0.9069272722880857	163155.0
388	9.0	0.4684	0.874970653388889	176639.0
389	10.0	0.47252000000000005	0.898781659509265	152813.0
390	8.0	0.49628	0.8205009948659815	149307.0
391	12.0	0.4838600000000001	0.8634661745779241	162122.0
392	13.0	0.48762	0.896334236731272	187211.0
393	10.0	0.49251999999999996	0.8630594352688187	205085.0
394	7.0	0.63658	0.9680456315485769	148963.0
395	9.0	0.5592999999999999	0.9267972018044183	193441.0
396	10.0	0.49800000000000005	0.9146773717396315	176871.0
397	6.0	0.5550799999999999	0.9195624113655432	176817.0
398	15.0	0.50976	0.7910655328405037	182982.0
399	5.0	0.57782	0.9675196275322362	150311.0
400	10.0	0.5497799999999999	0.8512239365563055	190075.0
401	9.0	0.52026	0.8764132836038349	157761.0
402	12.0	0.6126	0.9021499883761513	145084.0
403	5.0	0.59808	0.9200865960766635	134876.0
404	7.0	0.59614	0.9867230018546578	144388.0
405	4.0	0.59192	0.7111960214355691	130373.0
406	7.0	0.44704	0.3161490984423933	54843.0
407	9.0	0.53828	0.273051324280269	7431.0
408	7.0	0.5352199999999999	0.2824444546813425	7986.0
409	6.0	0.5380599999999999	0.30133952703169276	8763.0
410	0.0	0.09762	0.03796735426387353	1654.0
411	0.0	0.0	0.0	0.0
412	8.0	0.39238	0.1277853155629447	3434.0
413	7.0	0.3927400000000001	0.2220927826418132	3332.0
414	11.0	0.48944000000000004	0.48642874004904924	103591.0
415	6.0	0.54344	0.8790074430518214	183879.0
416	10.0	0.48768	0.7880180978889942	211287.0
417	9.0	0.49438000000000004	0.7884747652092032	192807.0
418	13.0	0.5241600000000001	0.9024073012708871	185390.0
419	10.0	0.51702	0.879008895584024	181192.0
420	12.0	0.46964	0.6386073086708104	142192.0
421	6.0	0.52764	0.5501330845291788	128858.0
422	7.0	0.47441999999999995	0.8529177048836039	180656.0
423	11.0	0.44843999999999995	0.8190210018633685	186594.0
424	13.0	0.47986000000000006	0.7819950882002263	189315.0
425	8.0	0.46506000000000003	0.7189802300729288	207106.0
426	7.0	0.5562	0.9193586347454565	206374.0
427	6.0	0.54332	0.8579690798502172	199801.0
428	10.0	0.49454	0.763365996584784	166520.0
429	7.0	0.47117999999999993	0.4142764803817985	58757.0
430	9.0	0.4225	0.16863342667618367	8847.0
431	7.0	0.5075	0.25103119828600795	29207.0
432	9.0	0.4882600000000001	0.25712516012085296	22677.0
433	8.0	0.42916	0.17312006861091345	8390.0
434	5.0	0.53846	0.29746379621301583	13979.0
435	7.0	0.5389200000000001	0.3150789099343601	24277.0
436	8.0	0.5519	0.4655650658935053	49766.0
437	7.0	0.5257000000000001	0.2641905611788656	8135.0
438	5.0	0.51606	0.6164005591365245	173932.0
439	9.0	0.5137999999999999	0.8057701085690685	218540.0
440	3.0	0.5414	0.7946712121858309	244758.0
441	6.0	0.50148	0.801194154080683	233529.0
442	7.0	0.46130000000000004	0.8089476038903386	235444.0
443	12.0	0.42199999999999993	0.8348965445877617	235240.0
444	5.0	0.45954	0.7101823896283306	216705.0
445	9.0	0.51598	0.8288127915318845	234602.0
446	4.0	0.5379599999999999	0.8790124470607056	233654.0
447	14.0	0.4394200000000001	0.908109769875342	239770.0
448	11.0	0.42676	0.848767542719988	204205.0
449	13.0	0.42674	0.8636737769330523	155373.0
450	16.0	0.4232	0.7721326269699353	186262.0
451	12.0	0.47961999999999994	0.8646578675020586	188419.0
452	8.0	0.4375	0.2379193535885029	64658.0
453	16.0	0.44955999999999996	0.5729700427777866	105557.0
454	10.0	0.44354	0.8489212071136352	191632.0
455	8.0	0.44787999999999994	0.8408000279351495	196580.0
456	11.0	0.42012	0.8369470821188999	201077.0
457	8.0	0.44294000000000006	0.8524420319810612	244448.0
458	17.0	0.45571999999999996	0.9164895681034568	264315.0
459	4.0	0.51454	0.4581764852291029	201115.0
460	8.0	0.48564000000000007	0.8639419918613639	303519.0
461	12.0	0.45568	0.8705601393275891	297245.0
462	14.0	0.4492399999999999	0.8577668204720525	299027.0
463	11.0	0.44749999999999995	0.9345086251395207	322286.0
464	10.0	0.47722000000000003	0.9004361113331885	278950.0
465	10.0	0.52786	0.9586741789538763	311454.0
466	18.0	0.39196000000000003	0.8154784598458859	241701.0
467	13.0	0.44336000000000003	0.8066626201241369	273704.0
468	8.0	0.57278	0.9666342148401372	252445.0
469	10.0	0.5361600000000001	0.9241137447534854	324465.0
470	11.0	0.5208999999999999	0.8647228952338775	369379.0
471	8.0	0.5151399999999999	0.9330085754143631	383952.0
472	8.0	0.55002	0.9253671103342781	228469.0
473	14.0	0.4579	0.4840739861777978	21904.0
474	6.0	0.53886	0.8398941183956901	25608.0
475	14.0	0.49013999999999996	0.6717389348650558	30287.0
476	10.0	0.4629000000000001	0.717291353559986	26978.0
477	10.0	0.52258	0.7773755219344466	34910.0
478	6.0	0.5264	0.7522868297866208	33890.0
479	4.0	0.48236000000000007	0.7431235181646024	34572.0
480	11.0	0.49888000000000005	0.7718124017044414	32279.0
481	9.0	0.49396	0.7634732342078393	37743.0
482	7.0	0.539	0.8359985604641259	37008.0
483	8.0	0.53824	0.8075945227842433	33427.0
484	3.0	0.50928	0.8675330710959178	40269.0
485	5.0	0.47302	0.6361831054913334	20584.0
486	10.0	0.5215399999999999	0.5233105373610729	11636.0
487	8.0	0.49291999999999997	0.6851385672262293	35736.0
488	9.0	0.45042000000000004	0.8680438860842579	27870.0
489	12.0	0.48812	0.9382318523683976	28896.0
490	9.0	0.52518	0.9477091501115528	35490.0
491	5.0	0.57296	0.8558473628067002	27144.0
492	8.0	0.5174400000000001	0.6167722502065084	31139.0
493	8.0	0.45305999999999996	0.503791100944311	26614.0
494	18.0	0.40912	0.8639797076819127	27193.0
495	13.0	0.41106000000000004	0.8205619771293302	30000.0
496	12.0	0.54676	0.9566873061831438	37540.0
497	9.0	0.45182	0.8548727781148814	34060.0
498	10.0	0.49864	0.8535450152230135	38271.0
499	10.0	0.5135799999999999	0.8403746757821177	31747.0
500	6.0	0.53018	0.29085140305427215	26653.0
501	10.0	0.44699999999999995	0.5758082106119538	26227.0
502	9.0	0.41908	0.8294921550549307	31191.0
503	6.0	0.4529399999999999	0.7421964259112981	33398.0
504	9.0	0.48741999999999996	0.8540943954576342	31297.0
505	7.0	0.47796	0.8326869646172623	32157.0
506	9.0	0.47506	0.8053669560004775	28190.0
507	9.0	0.4895400000000001	0.7999364908796526	29140.0
508	15.0	0.4827	0.8229865060584228	8110.0
509	7.0	0.4943	0.8928291392261126	25526.0
510	9.0	0.48812000000000005	0.8973140256326877	26994.0
511	12.0	0.49207999999999996	0.9032734899886885	27976.0
512	9.0	0.47582	0.7437032746172995	25634.0
513	18.0	0.4298199999999999	0.6283153132130749	19396.0
514	10.0	0.46946000000000004	0.6169246581563536	25716.0
515	10.0	0.54494	0.844990412355493	36546.0
516	14.0	0.47604	0.7258953070732337	30296.0
517	18.0	0.45752000000000004	0.7965446481344156	30650.0
518	23.0	0.43027999999999994	0.7914990213399276	27705.0
519	14.0	0.41383999999999993	0.7852386352306013	29183.0
520	19.0	0.4032400000000001	0.806060426641778	28193.0
521	16.0	0.40690000000000004	0.9281524859060831	29787.0
522	7.0	0.4556	0.8837286124908185	37126.0
523	9.0	0.48816000000000004	0.8912441881831098	33978.0
524	8.0	0.4758199999999999	0.9273008459547583	29358.0
525	14.0	0.4353600000000001	0.9549371562821518	30865.0
526	18.0	0.44634	0.8998658366910179	30624.0
527	6.0	0.44894	0.9482678879905986	31738.0
528	9.0	0.44146	0.9344732502617066	24742.0
529	13.0	0.4279	0.9697619680551854	26880.0
530	17.0	0.41639999999999994	0.9290629536127923	23653.0
531	12.0	0.44134	0.9620856832340898	24880.0
532	12.0	0.44164000000000003	0.9579689532879587	24426.0
533	16.0	0.44165999999999994	0.9342943324590745	26286.0
534	21.0	0.45832	0.9136449341145447	30283.0
535	9.0	0.4444000000000001	0.9010418045011154	33403.0
536	18.0	0.47598	0.9095125182305972	36589.0
537	11.0	0.45324	0.8963445497718968	36800.0
538	9.0	0.46784000000000003	0.8650554399667446	36986.0
539	12.0	0.48808	0.8321122292894723	41247.0
540	12.0	0.47988	0.8736033113929431	41642.0
541	12.0	0.47757999999999995	0.9152329735923028	40772.0
542	9.0	0.45276000000000005	0.9311503376043827	29417.0
543	13.0	0.4875200000000001	0.8984885292325455	31506.0
544	11.0	0.4640200000000001	0.958980505182414	31121.0
545	17.0	0.42262	0.9211005467191504	24890.0
546	9.0	0.45233999999999996	0.9405291316431074	28986.0
547	15.0	0.44848	0.9638109667218385	27104.0
548	18.0	0.44799999999999995	0.952970457468252	25944.0
549	9.0	0.46322	0.97485736051813	26275.0
550	12.0	0.45214000000000004	0.9409332021405177	24388.0
551	19.0	0.45161999999999997	0.975821761807499	24913.0
552	13.0	0.45582	0.9268518842507225	27651.0
553	18.0	0.4622	0.9724025684146762	27191.0
554	12.0	0.44261999999999996	0.9657998793455159	25579.0
555	6.0	0.43770000000000003	0.9112065844587516	23040.0
556	10.0	0.49598	0.9588326121640305	30446.0
557	12.0	0.49544	0.9425114411878233	28350.0
558	8.0	0.49066000000000004	0.9292443020202752	28616.0
559	12.0	0.49402	0.9578112335489091	29974.0
560	6.0	0.50914	0.9234631110739567	31232.0
561	12.0	0.49498	0.9164451296685406	35303.0
562	10.0	0.4861	0.9000780596438919	33565.0
563	9.0	0.52448	0.9626028124850502	25024.0
564	11.0	0.48766	0.9030414403023408	12065.0
565	17.0	0.39708	0.9414297139343036	22832.0
566	13.0	0.38604	0.9074202733537012	23048.0
567	18.0	0.46064000000000005	0.9412239896746788	26540.0
568	11.0	0.48112	0.8564734954626536	29488.0
569	16.0	0.40136000000000005	0.8093643384701272	24084.0
570	16.0	0.4075	0.9335885498636783	28756.0
571	25.0	0.38832	0.7247036186627913	20392.0
572	19.0	0.38686	0.8491586657342493	26884.0
573	19.0	0.3708600000000001	0.9336318635056391	24914.0
574	26.0	0.37492000000000003	0.774109606393095	24002.0
575	14.0	0.3878799999999999	0.7948159634776361	24266.0
576	19.0	0.38095999999999997	0.9211706254811395	27440.0
577	18.0	0.37183999999999995	0.8979060128727238	24228.0
578	16.0	0.39852	0.7040519642640953	25898.0
579	12.0	0.37508	0.8427825760696681	28602.0
580	18.0	0.38838000000000006	0.7686553947812655	30101.0
581	6.0	0.4366999999999999	0.4953700092461628	27186.0
582	8.0	0.44199999999999995	0.7493963836328112	35378.0
583	5.0	0.45266	0.776297984138004	34815.0
584	10.0	0.46154000000000006	0.7571978825432667	37248.0
585	11.0	0.4611	0.8047529241180382	38352.0
586	15.0	0.4396	0.9052715427081724	34119.0
587	13.0	0.44112	0.9032082677000137	30224.0
588	10.0	0.4734400000000001	0.9030186152302561	36316.0
589	12.0	0.44742000000000004	0.8831705612577095	32934.0
590	17.0	0.46178	0.8737594095412057	33145.0
591	9.0	0.48109999999999997	0.8169488882764546	39116.0
592	13.0	0.5225	0.846212723000804	32056.0
593	9.0	0.48368	0.8696781583125924	32082.0
594	6.0	0.5619999999999999	0.910030974398097	32612.0
595	14.0	0.48245999999999994	0.7525774363442528	37166.0
596	11.0	0.44652000000000003	0.6846684831142239	32219.0
597	15.0	0.50546	0.806392430237942	33297.0
598	19.0	0.47156	0.7830328284562197	34491.0
599	8.0	0.5012	0.6999939041141807	40973.0
600	15.0	0.4361999999999999	0.8095969226065672	35230.0
601	12.0	0.48589999999999994	0.9149931501702536	36511.0
602	5.0	0.58016	0.9324407913374457	33097.0
603	10.0	0.49938000000000005	0.8165068247493455	40127.0
604	14.0	0.47096	0.8687563973852945	37362.0
605	11.0	0.4294599999999999	0.7506115291627322	30560.0
606	17.0	0.38818	0.8693681411437485	31397.0
607	22.0	0.39629999999999993	0.8957154340476742	30635.0
608	16.0	0.46442	0.9238677293601943	35927.0
609	6.0	0.40444	0.7926254927082562	27003.0
610	9.0	0.37363999999999997	0.9042542451135729	26055.0
611	16.0	0.40380000000000005	0.9425459841484191	28193.0
612	9.0	0.53852	0.9226920751260803	36072.0
613	9.0	0.5603999999999999	0.9322535717982948	35143.0
614	9.0	0.49666000000000005	0.9066928630052286	37857.0
615	9.0	0.5454399999999999	0.8749164625529429	34775.0
616	17.0	0.50444	0.8765577253257936	41350.0
617	4.0	0.4908399999999999	0.8623331806651217	38213.0
618	8.0	0.49873999999999996	0.8055198197586584	39358.0
619	7.0	0.52288	0.8650057886320606	32646.0
620	5.0	0.51954	0.7844967795197024	42125.0
621	10.0	0.4770799999999999	0.7730497792358028	39534.0
622	8.0	0.46236	0.7665099322303869	40136.0
623	11.0	0.47519999999999996	0.8124275803994845	35891.0
624	9.0	0.45275999999999994	0.8606199358842349	30190.0
625	6.0	0.53082	0.892319639764189	32561.0
626	17.0	0.46718	0.911963825679894	31349.0
627	10.0	0.42292	0.8842299131512797	31865.0
628	5.0	0.46309999999999996	0.7053944415407833	32201.0
629	9.0	0.53346	0.7612075011081301	41079.0
630	8.0	0.52004	0.8609694239263771	37748.0
631	11.0	0.44932	0.780090656034345	33159.0
632	14.0	0.46456000000000003	0.8542243967061809	34361.0
633	13.0	0.4814	0.8641007287869076	34400.0
634	13.0	0.49038	0.8481193010063903	36455.0
635	9.0	0.45683999999999997	0.6830903834565147	36744.0
636	7.0	0.44228	0.7929150463437742	31438.0
637	6.0	0.44878	0.7926556771594113	33093.0
638	10.0	0.43916000000000005	0.7353817705027073	32267.0
639	9.0	0.46062	0.7385086958801179	30841.0
640	3.0	0.52994	0.8613215861024826	36462.0
641	8.0	0.46512	0.7336559286586573	35160.0
642	12.0	0.45331999999999995	0.7636351067754537	36955.0
643	6.0	0.44432000000000005	0.7356367302688351	37223.0
644	7.0	0.44620000000000004	0.8350542576909695	33523.0
645	10.0	0.46236	0.8202297509356365	36664.0
646	15.0	0.494	0.8549013575344326	41163.0
647	7.0	0.46840000000000004	0.8017159206215774	33614.0
648	11.0	0.43396000000000007	0.884724329436994	28396.0
649	11.0	0.42910000000000004	0.877031087882656	29521.0
650	10.0	0.44595999999999997	0.7654784594881169	24147.0
651	9.0	0.46898	0.7478843633190244	24406.0
652	8.0	0.43701999999999996	0.9098108109388315	24105.0
653	14.0	0.42332000000000003	0.6897920291324288	21836.0
654	7.0	0.48392	0.8175390294032993	22287.0
655	12.0	0.43645999999999996	0.8385543109404683	27816.0
656	16.0	0.42796	0.8575732486019366	31456.0
657	13.0	0.41656	0.8887446713608608	29183.0
658	14.0	0.47458000000000006	0.836521099617045	30959.0
659	12.0	0.4588999999999999	0.9127838003553891	30540.0
660	13.0	0.47234000000000004	0.8805794744920474	33473.0
661	11.0	0.44739999999999996	0.9341527456855528	6685.0
662	10.0	0.46238	0.915767722792763	30879.0
663	9.0	0.47256	0.8962214550143803	27978.0
664	13.0	0.46876000000000007	0.9592608001525286	33523.0
665	14.0	0.4514399999999999	0.9337098687277003	32556.0
666	14.0	0.4345399999999999	0.8276658936527024	24492.0
667	11.0	0.4635999999999999	0.8751746670262863	26360.0
668	12.0	0.44520000000000004	0.8610597916650761	23883.0
669	14.0	0.43106	0.8596717356738852	22382.0
670	12.0	0.4183	0.8524598597471172	19008.0
671	10.0	0.38752	0.8239299484882542	17709.0
672	26.0	0.40722	0.9000786296406124	17475.0
673	9.0	0.46098	0.8931636997214165	19829.0
674	18.0	0.46464	0.8746991325193835	20521.0
675	14.0	0.41616	0.8657463535447862	14844.0
676	15.0	0.45502	0.8625608271094375	17463.0
677	12.0	0.43235999999999997	0.8657911854306524	16053.0
678	10.0	0.44721999999999995	0.8972884055955168	17514.0
679	19.0	0.42778	0.8983171444493756	15278.0
680	16.0	0.4398	0.8479921375615437	13008.0
681	13.0	0.43564	0.9303111028681114	14026.0
682	21.0	0.4512	0.929792294144217	14555.0
683	19.0	0.43855999999999995	0.8780228389323055	15391.0
684	17.0	0.44433999999999996	0.900546064462308	15185.0
685	14.0	0.46224	0.9086517867475844	17311.0
686	17.0	0.45126	0.8745578581137649	16501.0
687	10.0	0.4118	0.8920697282928114	13908.0
688	13.0	0.40490000000000004	0.9022413292177308	13193.0
689	12.0	0.4325	0.8893530574383582	14413.0
690	13.0	0.4063399999999999	0.8964109912714744	13498.0
691	21.0	0.4142	0.9329379869519222	14474.0
692	18.0	0.39504	0.910121679279933	13523.0
693	18.0	0.40285999999999994	0.9319177861683374	13274.0
694	11.0	0.4062799999999999	0.9212440464318935	11436.0
695	14.0	0.40536	0.8469774498580498	13352.0
696	16.0	0.40257999999999994	0.913640893783001	13497.0
697	14.0	0.40041999999999994	0.9480822780985114	14791.0
698	12.0	0.40156	0.8187408271179357	12242.0
699	10.0	0.39425999999999994	0.8422118454878178	12342.0
700	11.0	0.4282000000000001	0.8274564469273377	16240.0
701	16.0	0.41131999999999996	0.7981569760510193	15207.0
702	23.0	0.4029	0.8744457934565365	15802.0
703	12.0	0.42449999999999993	0.830348118020342	16896.0
704	9.0	0.41928000000000004	0.740467408527897	17275.0
705	13.0	0.42868	0.9385101470836198	19539.0
706	17.0	0.43431999999999993	0.9246190543408593	18985.0
707	16.0	0.43822000000000005	0.931280079349643	21798.0
708	11.0	0.46834	0.8245672087209748	26329.0
709	20.0	0.4548	0.9348974721683082	30226.0
710	13.0	0.47502	0.9129889493465075	33273.0
711	21.0	0.44206	0.8132914471917778	27340.0
712	14.0	0.44932	0.8174563686758136	33688.0
713	18.0	0.42728	0.8911778329066613	26115.0
714	10.0	0.54288	0.9088620036038554	33077.0
715	7.0	0.50142	0.7826025192278353	39187.0
716	11.0	0.5255400000000001	0.9079356674591087	34282.0
717	14.0	0.50386	0.8438853971746635	34543.0
718	10.0	0.50708	0.9250509229231262	34625.0
719	6.0	0.50928	0.8963805599766483	34492.0
720	8.0	0.49556	0.8661351181855871	34545.0
721	12.0	0.42053999999999997	0.758720856225361	24009.0
722	11.0	0.44775999999999994	0.876515136543886	35151.0
723	21.0	0.37558	0.9196791531867461	23790.0
724	19.0	0.38472000000000006	0.9022620221456903	24929.0
725	14.0	0.40381999999999996	0.9140412966027733	28430.0
726	19.0	0.39052	0.9179268120733176	27022.0
727	18.0	0.3954600000000001	0.9372849543433842	30020.0
728	19.0	0.44418	0.8067124510113953	30644.0
729	10.0	0.45852000000000004	0.704464188304548	37074.0
730	15.0	0.48426	0.8221644903696573	39234.0
731	13.0	0.46074000000000004	0.8690984227314121	35471.0
732	19.0	0.46546	0.8562499908118044	42075.0
733	15.0	0.5155000000000001	0.8114544270150111	36901.0
734	14.0	0.5187200000000001	0.9133940724448542	36411.0
735	9.0	0.50068	0.7945167599045504	50543.0
736	4.0	0.50322	0.7285214552962719	41314.0
737	4.0	0.5221000000000001	0.78967967816586	40443.0
738	14.0	0.48751999999999995	0.834720212846208	37276.0
739	11.0	0.49912	0.8759121875848603	33705.0
740	12.0	0.4612	0.9136400213107576	32969.0
741	9.0	0.47601999999999994	0.9446304379620571	28545.0
742	16.0	0.4817	0.9236706303434029	29410.0
743	13.0	0.50758	0.919917658042291	30848.0
744	13.0	0.49357999999999996	0.9272622627675098	31101.0
745	7.0	0.47656	0.9440768562511412	31375.0
746	15.0	0.49374000000000007	0.9212495376781461	29569.0
747	17.0	0.4672	0.8702681624728928	30045.0
748	11.0	0.5281600000000001	0.8900354128143269	35599.0
749	4.0	0.56274	0.954715004290283	31044.0
750	6.0	0.54028	0.9314185502242646	35432.0
751	17.0	0.5284399999999999	0.9408517952478268	35760.0
752	7.0	0.53574	0.9230164373357583	38384.0
753	6.0	0.5158799999999999	0.9189728885411613	35604.0
754	10.0	0.5607199999999999	0.9379392687730664	29757.0
755	6.0	0.57662	0.9767986555873024	30386.0
756	9.0	0.5402	0.9132010021561917	33346.0
757	6.0	0.5545599999999999	0.9238772928306938	36144.0
758	7.0	0.52876	0.8436636152871095	36128.0
759	6.0	0.52048	0.7717354587433293	39251.0
760	5.0	0.56342	0.8675883271943129	37026.0
761	7.0	0.54006	0.8057763999777915	38944.0
762	6.0	0.5464600000000001	0.8051937375059135	37066.0
763	4.0	0.53128	0.7773361877242345	34759.0
764	8.0	0.5319800000000001	0.8120780189463223	36638.0
765	10.0	0.47204000000000007	0.739632032182112	38355.0
766	4.0	0.5475999999999999	0.7940202455875845	33581.0
767	5.0	0.5390799999999999	0.8514492551397022	34949.0
768	6.0	0.52704	0.8631071981230574	37657.0
769	13.0	0.5489599999999999	0.8722573614086533	34084.0
770	7.0	0.53352	0.8353394976172012	37889.0
771	12.0	0.50592	0.8102059976123401	38797.0
772	4.0	0.54914	0.8641102968958964	35011.0
773	9.0	0.5249	0.829378974386453	38203.0
774	14.0	0.5251199999999999	0.7917556342530806	35864.0
775	14.0	0.4088199999999999	0.46209228349012155	19409.0
776	8.0	0.54876	0.8118457136728795	36037.0
777	7.0	0.48497999999999997	0.8583079550794899	30737.0
778	12.0	0.44036000000000003	0.7268499937325076	31131.0
779	7.0	0.42745999999999995	0.8151961928245359	31814.0
780	9.0	0.46648	0.7813136013307592	30258.0
781	6.0	0.47904	0.793979748912905	34720.0
782	17.0	0.5221600000000001	0.9132634869648951	36125.0
783	7.0	0.53146	0.891676655855545	33875.0
784	9.0	0.52848	0.8619165864226801	32284.0
785	11.0	0.47246000000000005	0.8921740419298589	27588.0
786	12.0	0.46438	0.8355425260446104	32816.0
787	9.0	0.5261600000000001	0.7548250887610671	30028.0
788	9.0	0.51998	0.641481374443743	33764.0
789	4.0	0.51412	0.6748916970232234	36874.0
790	14.0	0.51148	0.810579156040705	32168.0
791	1.0	0.47853999999999997	0.8163797813735814	35143.0
792	7.0	0.5468	0.8868357484967798	36436.0
793	5.0	0.5505399999999999	0.8868094030082542	35841.0
794	9.0	0.5062599999999999	0.7547649782367419	38464.0
795	17.0	0.5367199999999999	0.8037468465973149	37941.0
796	8.0	0.52016	0.8608929270219535	34269.0
797	13.0	0.5599000000000001	0.9041050089097623	41819.0
798	11.0	0.5247200000000001	0.8727791812352248	40132.0
799	17.0	0.54552	0.8962838605172151	31776.0
800	8.0	0.551	0.9322343635032725	37472.0
801	5.0	0.57576	0.9730832044480874	26926.0
802	13.0	0.47297999999999996	0.9404728190933874	33656.0
803	20.0	0.3857	0.9149522304587139	30613.0
804	11.0	0.38252	0.8626786521854547	27899.0
805	10.0	0.3912799999999999	0.8808925274617238	30391.0
806	11.0	0.43416	0.9411915611447765	36567.0
807	12.0	0.49374	0.8959664634583403	40340.0
808	10.0	0.50228	0.8911062634837807	42017.0
809	21.0	0.40442	0.8541060485550347	34719.0
810	17.0	0.42455999999999994	0.8442705854592641	29966.0
811	16.0	0.41812000000000005	0.8439600087139445	32184.0
812	10.0	0.42156	0.892509469732632	32287.0
813	16.0	0.4329799999999999	0.8493041211333058	32477.0
814	15.0	0.43742	0.8834835725109023	33889.0
815	12.0	0.45054	0.8372177132679707	35014.0
816	8.0	0.5099999999999999	0.920824938323125	29704.0
817	19.0	0.43082	0.8113927404090693	31887.0
818	11.0	0.4235	0.8032368274168321	32676.0
819	11.0	0.40875999999999996	0.8532277680768853	30865.0
820	13.0	0.44998	0.8037140401347259	37852.0
821	10.0	0.48674	0.7582783763942108	38094.0
822	11.0	0.47542	0.7265876499518643	35054.0
823	21.0	0.41969999999999996	0.800635188097192	28190.0
824	9.0	0.39748	0.8402314876886186	27061.0
825	15.0	0.41296000000000005	0.8272385010706578	30922.0
826	10.0	0.4371	0.7700043612065998	33104.0
827	16.0	0.46965999999999997	0.7316718905900929	32480.0
828	4.0	0.4750600000000001	0.7181929693333166	34440.0
829	4.0	0.46293999999999996	0.7483515437295649	34692.0
830	11.0	0.41934000000000005	0.8342594504166886	27773.0
831	8.0	0.44642000000000004	0.7989005350992501	30798.0
832	1.0	0.5389200000000001	0.8420503253589338	31787.0
833	6.0	0.5189999999999999	0.7359979059389433	34879.0
834	5.0	0.5340400000000001	0.7795065344099916	37719.0
835	5.0	0.5289	0.8181489454618102	36506.0
836	8.0	0.5180600000000001	0.7371523783740588	38464.0
837	14.0	0.47431999999999996	0.7774287935540716	38450.0
838	8.0	0.53268	0.8419263436762846	43184.0
839	6.0	0.54076	0.797506628263493	37347.0
840	11.0	0.4637	0.7226941803950904	32044.0
841	11.0	0.47902	0.7714362264631179	38058.0
842	17.0	0.46102	0.7468299587171546	39309.0
843	12.0	0.4761999999999999	0.7864342642468634	36803.0
844	7.0	0.48328000000000004	0.8408371146177166	41070.0
845	12.0	0.4836999999999999	0.847208079954233	35376.0
846	3.0	0.57666	0.8803659379207572	28682.0
847	4.0	0.5166200000000001	0.8283080729202033	37233.0
848	16.0	0.42003999999999997	0.7789172725966171	26367.0
849	12.0	0.48876	0.8117103423650787	31366.0
850	16.0	0.52406	0.72064973040657	26553.0
851	15.0	0.46316	0.9063604794212652	33238.0
852	14.0	0.44028	0.8617697511321326	31559.0
853	9.0	0.52716	0.9457039403433405	32906.0
854	11.0	0.5711400000000001	0.9492766594378774	30505.0
855	10.0	0.54034	0.8616109780602262	34498.0
856	7.0	0.54324	0.8294532677330375	42311.0
857	10.0	0.48031999999999997	0.6793686340921359	33220.0
858	4.0	0.51878	0.6018036111223469	30299.0
859	15.0	0.52138	0.7119456533200705	26595.0
860	12.0	0.54418	0.8145473226780143	34814.0
861	6.0	0.5245799999999999	0.7729277702382964	38943.0
862	7.0	0.5041	0.7165260322149596	37328.0
863	11.0	0.52624	0.7869351245158007	34336.0
864	13.0	0.43695999999999996	0.8504842123393692	33246.0
865	14.0	0.52402	0.8800045321901147	34794.0
866	7.0	0.47644	0.9096057058223137	33034.0
867	11.0	0.46985999999999994	0.8403348050117907	33457.0
868	6.0	0.51484	0.7556480561945826	36627.0
869	9.0	0.5073799999999999	0.6965701186458276	38747.0
870	9.0	0.53472	0.8005241637926549	37177.0
871	10.0	0.5535800000000001	0.9002427886105755	31833.0
872	13.0	0.58626	0.9626244020956128	33582.0
873	12.0	0.55658	0.9708860899856925	32279.0
874	18.0	0.51098	0.9304048543459645	28994.0
875	11.0	0.49296000000000006	0.8604288139288433	30371.0
876	10.0	0.53572	0.9414928688578725	27679.0
877	6.0	0.5191600000000001	0.9062083272258565	24269.0
878	11.0	0.49778000000000006	0.9062238074118764	23671.0
879	7.0	0.4421	0.9064909613727063	21441.0
880	15.0	0.44398	0.871686012167899	22919.0
881	11.0	0.40134000000000003	0.9402786331626382	22457.0
882	14.0	0.42034	0.9287868113096673	20430.0
883	15.0	0.41503999999999996	0.9141185625791609	23685.0
884	7.0	0.52784	0.9308247241250001	27979.0
885	10.0	0.51914	0.8777041450234674	26290.0
886	6.0	0.5120800000000001	0.84493753797643	29999.0
887	17.0	0.4757	0.8994519771638838	30931.0
888	11.0	0.48932000000000003	0.8201760437174578	35654.0
889	8.0	0.5222199999999999	0.897906553827572	34220.0
890	2.0	0.50778	0.8455368247580021	28590.0
891	8.0	0.5277799999999999	0.9330196212343141	26129.0
892	10.0	0.45498000000000005	0.8310208522375199	23741.0
893	7.0	0.54006	0.9046512926865282	25733.0
894	9.0	0.5650799999999999	0.9735160201594882	23148.0
895	16.0	0.52618	0.9416642113459687	26862.0
896	15.0	0.5152599999999999	0.92063614939996	23136.0
897	11.0	0.46318	0.9054175193325276	26340.0
898	7.0	0.48114000000000007	0.8580824178688883	28222.0
899	12.0	0.50412	0.904326305191709	27380.0
900	5.0	0.52554	0.8483781968253272	26663.0
901	9.0	0.5456	0.8518324440480081	33152.0
902	5.0	0.5605600000000001	0.8615173561913729	31725.0
903	11.0	0.5121800000000001	0.8060232669948703	26278.0
904	8.0	0.5084400000000001	0.8617287003533989	27397.0
905	6.0	0.51128	0.8820531404013424	27112.0
906	8.0	0.53112	0.9096068772468908	26555.0
907	12.0	0.521	0.9299699680065241	24469.0
908	10.0	0.5149400000000001	0.8650877933571706	26397.0
909	11.0	0.50678	0.8436547708413336	27947.0
910	16.0	0.42678	0.8587795137957455	24089.0
911	12.0	0.47524	0.8655227944381813	28196.0
912	9.0	0.5327400000000001	0.8589826999635162	31959.0
913	9.0	0.52352	0.8175578062749229	33651.0
914	8.0	0.47956000000000004	0.8815026975034477	29218.0
915	16.0	0.38878	0.8526321795738807	25504.0
916	7.0	0.49341999999999997	0.8172249181539263	31461.0
917	16.0	0.482	0.7978945076845109	28087.0
918	18.0	0.53654	0.8988604252818178	31548.0
919	8.0	0.51922	0.8532403420827721	34456.0
920	8.0	0.491	0.8279372301603515	31897.0
921	17.0	0.41422000000000003	0.88231399552786	29474.0
922	17.0	0.38516	0.9346454332943245	26359.0
923	10.0	0.41394	0.9484926443809758	23956.0
924	16.0	0.41279999999999994	0.9649572972466146	23129.0
925	10.0	0.5444	0.9311001342920108	21746.0
926	1.0	0.59588	0.956218147191341	27001.0
927	3.0	0.5957	0.9582620983903615	27709.0
928	7.0	0.53402	0.9238650587800261	35557.0
929	5.0	0.5539000000000001	0.9772591085171615	26676.0
930	9.0	0.5981000000000001	0.9211766839521682	31163.0
931	9.0	0.45698	0.8226741402297032	34216.0
932	8.0	0.47846000000000005	0.8356188302150371	31887.0
933	12.0	0.51908	0.8674223014847805	32949.0
934	10.0	0.5071	0.874133605594362	33548.0
935	1.0	0.5637599999999999	0.9081208830190017	33408.0
936	12.0	0.53978	0.8908820567120185	29242.0
937	12.0	0.5183399999999999	0.8393517173865467	32679.0
938	4.0	0.5472400000000001	0.8518947961976152	33297.0
939	8.0	0.5500200000000001	0.8602685922011121	34297.0
940	6.0	0.5649200000000001	0.8465409220713193	30601.0
941	6.0	0.57196	0.9188253049982491	25135.0
942	2.0	0.5254800000000001	0.8694741630995448	34138.0
943	9.0	0.49784	0.901438032687413	34309.0
944	18.0	0.4567399999999999	0.8861528111425421	31816.0
945	14.0	0.46819999999999995	0.9181479262084296	29026.0
946	16.0	0.4601599999999999	0.9207948043435217	29405.0
947	9.0	0.48678	0.9459778161126268	30078.0
948	18.0	0.52144	0.9734005783839106	24082.0
949	10.0	0.49144	0.8948326293778202	28517.0
950	11.0	0.53746	0.9362694289299706	28284.0
951	4.0	0.54162	0.936513504489071	24696.0
952	10.0	0.46812	0.9079021478664594	24625.0
953	10.0	0.50934	0.955876514900614	26303.0
954	9.0	0.44916000000000006	0.8294455281543539	25934.0
955	11.0	0.5164399999999999	0.9599473862299823	24072.0
956	19.0	0.46913999999999995	0.9303271157661384	21409.0
957	13.0	0.42978	0.909989888901175	20968.0
958	17.0	0.4326	0.9228650349853738	20857.0
959	10.0	0.469	0.8916241582953215	25291.0
960	9.0	0.4725000000000001	0.9708483299561472	28335.0
961	16.0	0.44844	0.9156634143710438	29234.0
962	10.0	0.43276000000000003	0.9089088318833682	21204.0
963	12.0	0.45232	0.9345689095421487	29341.0
964	15.0	0.46818	0.9366317537666015	30264.0
965	13.0	0.42274	0.9213233748249814	22711.0
966	14.0	0.44618	0.9166756181287838	22483.0
967	12.0	0.4138	0.9560208152417974	21004.0
968	10.0	0.42932000000000003	0.9269721602305018	21778.0
969	13.0	0.50086	0.9465390959221468	24254.0
970	8.0	0.45154000000000005	0.9332126329661604	21448.0
971	15.0	0.46258000000000005	0.9382015849137919	20453.0
972	6.0	0.47602000000000005	0.9269825509603536	20067.0
973	9.0	0.47444000000000003	0.954556316119131	20934.0
974	5.0	0.52694	0.966310905691166	21210.0
975	6.0	0.4863600000000001	0.9205743308685129	22974.0
976	13.0	0.50662	0.9456662970615817	20611.0
977	8.0	0.5075400000000001	0.9229401200990173	20804.0
978	8.0	0.57748	0.9749177200809949	20306.0
979	13.0	0.5639	0.9646128250061572	17089.0
980	6.0	0.58148	0.9534331606800451	17276.0
981	6.0	0.5525000000000001	0.9350118068420374	21016.0
982	7.0	0.54008	0.9284582116453746	22547.0
983	12.0	0.46942	0.9496096612829289	18822.0
984	9.0	0.51112	0.9453847066141323	19812.0
985	11.0	0.51748	0.9307746697549342	18267.0
986	6.0	0.48246	0.8926487852835101	19022.0
987	11.0	0.43894	0.820177830660401	16932.0
988	6.0	0.5354399999999999	0.9626254029769092	19713.0
989	11.0	0.5126799999999999	0.9470119239883272	20751.0
990	16.0	0.4955199999999999	0.9407906632938393	19896.0
991	14.0	0.5312199999999999	0.9492323544778426	22863.0
992	7.0	0.47532	0.9623990682963801	21561.0
993	9.0	0.52138	0.9367317319865889	23057.0
994	12.0	0.482	0.9378059364816146	27595.0
995	12.0	0.48208	0.9080505854366842	25173.0
996	6.0	0.48217999999999994	0.9094515743892924	27728.0
997	8.0	0.4825	0.9077150672030648	23689.0
998	10.0	0.51476	0.94189783620089	25983.0
999	9.0	0.50682	0.9498801403234677	27738.0
1000	8.0	0.55326	0.9457906129811933	22494.0
1001	14.0	0.52212	0.9173005793811405	30819.0
1002	5.0	0.50578	0.8822212897564358	23642.0
1003	15.0	0.5490600000000001	0.9166098895965333	25847.0
1004	7.0	0.52254	0.8452573266032067	30782.0
1005	11.0	0.47706	0.8392694888572667	28169.0
1006	7.0	0.6055	0.9122736662755931	29016.0
1007	1.0	0.19304000000000002	0.29474	9953.0
1008	4.0	0.37122	0.5905416473793837	22088.0
1009	7.0	0.55562	0.8726542832563855	26801.0
1010	10.0	0.5068	0.8311418397761118	32732.0
1011	11.0	0.48149999999999993	0.8763709111021296	31740.0
1012	6.0	0.6142600000000001	0.9033277677367662	26471.0
1013	1.0	0.5912999999999999	0.8772031390397077	27587.0
1014	4.0	0.64726	0.9461879307601968	25424.0
1015	7.0	0.53704	0.7535950450184581	27503.0
1016	7.0	0.48310000000000003	0.7216537945274462	31032.0
1017	8.0	0.56514	0.8429000110293905	24623.0
1018	10.0	0.5929000000000001	0.8382052580798983	28455.0
1019	4.0	0.5512999999999999	0.8439538233501032	32074.0
1020	5.0	0.5528799999999999	0.9066404014770442	35228.0
1021	13.0	0.48741999999999996	0.7569462447898184	31634.0
1022	7.0	0.53564	0.834574903926938	25202.0
1023	13.0	0.5303	0.715355989278531	23866.0
1024	15.0	0.39858	0.27580315742634887	8786.0
1025	0.0	0.0	0.0	0.0
1026	1.0	0.0	0.0	0.0
