start	end	obs	exp	var
0	49999	0.46681861333419905	0.5222155795523808	-0.0553969662181818
50000	99999	0.45620021940238087	0.5222155795523808	-0.06601536014999998
100000	149999	0.44676974746007314	0.5222155795523808	-0.07544583209230771
150000	199999	0.4427392435809523	0.5222155795523808	-0.07947633597142856
200000	249999	0.44004694895238083	0.5222155795523808	-0.08216863060000001
250000	299999	0.4374471224086308	0.5222155795523808	-0.08476845714375003
300000	349999	0.43245550944649847	0.5222155795523808	-0.08976007010588238
350000	399999	0.42486170741349194	0.5222155795523808	-0.09735387213888891
400000	449999	0.4156030500418545	0.5222155795523808	-0.10661252951052635
450000	499999	0.4103708231123808	0.5222155795523808	-0.11184475644000003
500000	549999	0.41127821339999987	0.5222155795523808	-0.11093736615238098
550000	599999	0.40711892886666656	0.5222155795523808	-0.11509665068571429
600000	649999	0.38997359568095225	0.5222155795523808	-0.1322419838714286
650000	699999	0.3866542465999999	0.5222155795523808	-0.13556133295238093
700000	749999	0.40248506654761895	0.5222155795523808	-0.1197305130047619
750000	799999	0.398016083095238	0.5222155795523808	-0.12419949645714284
800000	849999	0.4039360135142856	0.5222155795523808	-0.11827956603809525
850000	899999	0.4053897507999999	0.5222155795523808	-0.11682582875238096
900000	949999	0.412491177995238	0.5222155795523808	-0.10972440155714286
950000	999999	0.42210366228571417	0.5222155795523808	-0.10011191726666668
1000000	1049999	0.4117196702761904	0.5222155795523808	-0.11049590927619046
1050000	1099999	0.3773961372571427	0.5222155795523808	-0.14481944229523813
1100000	1149999	0.37141838419999984	0.5222155795523808	-0.150797195352381
1150000	1199999	0.3714467080999999	0.5222155795523808	-0.15076887145238094
1200000	1249999	0.3714520218095237	0.5222155795523808	-0.15076355774285716
1250000	1299999	0.3652380176666666	0.5222155795523808	-0.15697756188571427
1300000	1349999	0.3572263747761904	0.5222155795523808	-0.16498920477619045
1350000	1399999	0.34713282303333326	0.5222155795523808	-0.1750827565190476
1400000	1449999	0.3414481874047618	0.5222155795523808	-0.18076739214761905
1450000	1499999	0.3453300569714285	0.5222155795523808	-0.17688552258095236
1500000	1549999	0.3428970959333332	0.5222155795523808	-0.17931848361904767
1550000	1599999	0.3400458435476189	0.5222155795523808	-0.18216973600476194
1600000	1649999	0.33334185408571415	0.5222155795523808	-0.1888737254666667
1650000	1699999	0.31421343086666653	0.5222155795523808	-0.20800214868571432
1700000	1749999	0.3036806807285713	0.5222155795523808	-0.21853489882380955
1750000	1799999	0.286124356195238	0.5222155795523808	-0.23609122335714283
1800000	1849999	0.2832946963380951	0.5222155795523808	-0.23892088321428573
1850000	1899999	0.2730423709285713	0.5222155795523808	-0.24917320862380954
1900000	1949999	0.2745028065190475	0.5222155795523808	-0.24771277303333333
1950000	1999999	0.26755520065238086	0.5222155795523808	-0.2546603789
2000000	2049999	0.26315952990952374	0.5222155795523808	-0.2590560496428571
2050000	2099999	0.2653976802333332	0.5222155795523808	-0.25681789931904764
2100000	2149999	0.29263017621428566	0.5222155795523808	-0.22958540333809518
2150000	2199999	0.29054757573809514	0.5222155795523808	-0.2316680038142857
2200000	2249999	0.28378963141904756	0.5222155795523808	-0.2384259481333333
2250000	2299999	0.28123238904761894	0.5222155795523808	-0.2409831905047619
2300000	2349999	0.2750297191285714	0.5222155795523808	-0.24718586042380947
2350000	2399999	0.29150183991904755	0.5222155795523808	-0.2307137396333333
2400000	2449999	0.3094962520428571	0.5222155795523808	-0.21271932750952377
2450000	2499999	0.3219258519047618	0.5222155795523808	-0.20028972764761904
2500000	2549999	0.32106542998095233	0.5222155795523808	-0.20115014957142852
2550000	2599999	0.3203594679428571	0.5222155795523808	-0.20185611160952377
2600000	2649999	0.31669905785238084	0.5222155795523808	-0.2055165217
2650000	2699999	0.3193040395999999	0.5222155795523808	-0.20291153995238093
2700000	2749999	0.3243375287333332	0.5222155795523808	-0.19787805081904764
2750000	2799999	0.3265396938190475	0.5222155795523808	-0.19567588573333333
2800000	2849999	0.33079573155238085	0.5222155795523808	-0.191419848
2850000	2899999	0.34032884716666656	0.5222155795523808	-0.1818867323857143
2900000	2949999	0.3503463019285713	0.5222155795523808	-0.17186927762380955
2950000	2999999	0.3535737649809523	0.5222155795523808	-0.16864181457142857
3000000	3049999	0.3577447084047618	0.5222155795523808	-0.16447087114761905
3050000	3099999	0.36594639541428564	0.5222155795523808	-0.1562691841380952
3100000	3149999	0.36047949403809515	0.5222155795523808	-0.1617360855142857
3150000	3199999	0.36036372924761895	0.5222155795523808	-0.1618518503047619
3200000	3249999	0.3644972794761904	0.5222155795523808	-0.15771830007619048
3250000	3299999	0.36820994434761894	0.5222155795523808	-0.1540056352047619
3300000	3349999	0.3668393215619047	0.5222155795523808	-0.15537625799047616
3350000	3399999	0.37869799575714275	0.5222155795523808	-0.1435175837952381
3400000	3449999	0.37510334225714276	0.5222155795523808	-0.1471122372952381
3450000	3499999	0.37576577066190464	0.5222155795523808	-0.1464498088904762
3500000	3549999	0.37266724262380946	0.5222155795523808	-0.1495483369285714
3550000	3599999	0.3793258549142856	0.5222155795523808	-0.14288972463809524
3600000	3649999	0.3811067202380951	0.5222155795523808	-0.14110885931428574
3650000	3699999	0.38582921422380945	0.5222155795523808	-0.1363863653285714
3700000	3749999	0.3840123345047618	0.5222155795523808	-0.13820324504761905
3750000	3799999	0.38562347197142843	0.5222155795523808	-0.13659210758095242
3800000	3849999	0.38400421482380936	0.5222155795523808	-0.13821136472857148
3850000	3899999	0.3782438388285713	0.5222155795523808	-0.14397174072380953
3900000	3949999	0.3657781821523808	0.5222155795523808	-0.15643739740000007
3950000	3999999	0.35710669830476177	0.5222155795523808	-0.16510888124761908
4000000	4049999	0.36548754700476177	0.5222155795523808	-0.15672803254761908
4050000	4099999	0.35921705973809515	0.5222155795523808	-0.1629985198142857
4100000	4149999	0.3569072075761904	0.5222155795523808	-0.16530837197619047
4150000	4199999	0.3622951244619047	0.5222155795523808	-0.15992045509047614
4200000	4249999	0.35978058285714276	0.5222155795523808	-0.1624349966952381
4250000	4299999	0.3596024688142856	0.5222155795523808	-0.16261311073809526
4300000	4349999	0.3558788810047618	0.5222155795523808	-0.16633669854761907
4350000	4399999	0.35613449928571417	0.5222155795523808	-0.16608108026666668
4400000	4449999	0.35478942405714275	0.5222155795523808	-0.1674261554952381
4450000	4499999	0.3469483511761904	0.5222155795523808	-0.17526722837619046
4500000	4549999	0.34067006618571416	0.5222155795523808	-0.1815455133666667
4550000	4599999	0.3446011524333332	0.5222155795523808	-0.17761442711904762
4600000	4649999	0.3396349865142856	0.5222155795523808	-0.18258059303809526
4650000	4699999	0.3404154222999999	0.5222155795523808	-0.18180015725238097
4700000	4749999	0.3380229477857142	0.5222155795523808	-0.18419263176666667
4750000	4799999	0.3288887152095237	0.5222155795523808	-0.19332686434285717
4800000	4849999	0.3263683561380951	0.5222155795523808	-0.19584722341428573
4850000	4899999	0.32065942422380944	0.5222155795523808	-0.2015561553285714
4900000	4949999	0.31852235379999994	0.5222155795523808	-0.2036932257523809
4950000	4999999	0.3128927011999999	0.5222155795523808	-0.20932287835238095
5000000	5049999	0.327706818742857	0.5222155795523808	-0.19450876080952384
5050000	5099999	0.32046399260952374	0.5222155795523808	-0.2017515869428571
5100000	5149999	0.3225179932238094	0.5222155795523808	-0.19969758632857143
5150000	5199999	0.3231426986761904	0.5222155795523808	-0.19907288087619046
5200000	5249999	0.32907569297142847	0.5222155795523808	-0.19313988658095238
5250000	5299999	0.34150479633809516	0.5222155795523808	-0.1807107832142857
5300000	5349999	0.3524977123142856	0.5222155795523808	-0.16971786723809523
5350000	5399999	0.3567468310476189	0.5222155795523808	-0.16546874850476195
5400000	5449999	0.3648360416666665	0.5222155795523808	-0.15737953788571435
5450000	5499999	0.3713655779238094	0.5222155795523808	-0.15085000162857143
5500000	5549999	0.3696878884761904	0.5222155795523808	-0.15252769107619046
5550000	5599999	0.3634954000285713	0.5222155795523808	-0.15872017952380957
5600000	5649999	0.3490116197523808	0.5222155795523808	-0.17320395980000003
5650000	5699999	0.338498154595238	0.5222155795523808	-0.18371742495714283
5700000	5749999	0.33049358169999987	0.5222155795523808	-0.19172199785238098
5750000	5799999	0.32118438273809513	0.5222155795523808	-0.20103119681428572
5800000	5849999	0.32423989980476176	0.5222155795523808	-0.1979756797476191
5850000	5899999	0.3212789580476189	0.5222155795523808	-0.20093662150476194
5900000	5949999	0.3216873401333332	0.5222155795523808	-0.20052823941904763
5950000	5999999	0.3139293276619046	0.5222155795523808	-0.20828625189047623
6000000	6049999	0.32448220024761887	0.5222155795523808	-0.19773337930476198
6050000	6099999	0.3040126990142856	0.5222155795523808	-0.21820288053809522
6100000	6149999	0.2832385993666665	0.5222155795523808	-0.23897698018571434
6150000	6199999	0.26668679525238087	0.5222155795523808	-0.2555287843
6200000	6249999	0.24742257111428562	0.5222155795523808	-0.27479300843809523
6250000	6299999	0.22611358134285708	0.5222155795523808	-0.29610199820952376
6300000	6349999	0.208438960795238	0.5222155795523808	-0.31377661875714286
6350000	6399999	0.18696012482380941	0.5222155795523808	-0.33525545472857143
6400000	6449999	0.18102601584761896	0.5222155795523808	-0.3411895637047619
6450000	6499999	0.16683400341904753	0.5222155795523808	-0.3553815761333333
6500000	6549999	0.15480431171428571	0.5222155795523808	-0.36741126783809513
6550000	6599999	0.14845749378095224	0.5222155795523808	-0.3737580857714286
6600000	6649999	0.13565031146666662	0.5222155795523808	-0.38656526808571423
6650000	6699999	0.13427009331904743	0.5222155795523808	-0.3879454862333334
6700000	6749999	0.13590953909999998	0.5222155795523808	-0.38630604045238087
6750000	6799999	0.13594117396190464	0.5222155795523808	-0.3862744055904762
6800000	6849999	0.1347120537571428	0.5222155795523808	-0.38750352579523806
6850000	6899999	0.13238196685714276	0.5222155795523808	-0.3898336126952381
6900000	6949999	0.13945046479047618	0.5222155795523808	-0.38276511476190467
6950000	6999999	0.1386187365190475	0.5222155795523808	-0.38359684303333336
7000000	7049999	0.14497136659999993	0.5222155795523808	-0.3772442129523809
7050000	7099999	0.1389826669476189	0.5222155795523808	-0.38323291260476194
7100000	7149999	0.13917748602380942	0.5222155795523808	-0.38303809352857143
7150000	7199999	0.14253871950476182	0.5222155795523808	-0.379676860047619
7200000	7249999	0.15297899581904756	0.5222155795523808	-0.3692365837333333
7250000	7299999	0.15671413394761896	0.5222155795523808	-0.3655014456047619
7300000	7349999	0.1567831712761904	0.5222155795523808	-0.36543240827619045
7350000	7399999	0.1601528461904761	0.5222155795523808	-0.36206273336190475
7400000	7449999	0.16569245803809507	0.5222155795523808	-0.3565231215142858
7450000	7499999	0.1806778326857142	0.5222155795523808	-0.34153774686666666
7500000	7549999	0.1931427345571427	0.5222155795523808	-0.32907284499523815
7550000	7599999	0.19785885730476183	0.5222155795523808	-0.324356722247619
7600000	7649999	0.19636955859047606	0.5222155795523808	-0.3258460209619048
7650000	7699999	0.20846433718571422	0.5222155795523808	-0.3137512423666666
7700000	7749999	0.21085333408095225	0.5222155795523808	-0.3113622454714286
7750000	7799999	0.2134018936571428	0.5222155795523808	-0.30881368589523805
7800000	7849999	0.21430311641428562	0.5222155795523808	-0.3079124631380952
7850000	7899999	0.2183165735571428	0.5222155795523808	-0.30389900599523806
7900000	7949999	0.2102315096857142	0.5222155795523808	-0.31198406986666666
7950000	7999999	0.20080439533333327	0.5222155795523808	-0.3214111842190476
8000000	8049999	0.19569993854761897	0.5222155795523808	-0.3265156410047619
8050000	8099999	0.1832789238238094	0.5222155795523808	-0.33893665572857146
8100000	8149999	0.1782088831238094	0.5222155795523808	-0.34400669642857146
8150000	8199999	0.17623728846190467	0.5222155795523808	-0.3459782910904762
8200000	8249999	0.18512593111904752	0.5222155795523808	-0.33708964843333333
8250000	8299999	0.17909241161904754	0.5222155795523808	-0.3431231679333333
8300000	8349999	0.18156210323333327	0.5222155795523808	-0.3406534763190476
8350000	8399999	0.19223918229047604	0.5222155795523808	-0.3299763972619048
8400000	8449999	0.1908385300047618	0.5222155795523808	-0.33137704954761904
8450000	8499999	0.1937357998809523	0.5222155795523808	-0.32847977967142855
8500000	8549999	0.1771560740238094	0.5222155795523808	-0.34505950552857145
8550000	8599999	0.17319603010952367	0.5222155795523808	-0.3490195494428572
8600000	8649999	0.17184458721428564	0.5222155795523808	-0.3503709923380952
8650000	8699999	0.17799919985238083	0.5222155795523808	-0.3442163797
8700000	8749999	0.18046075428095226	0.5222155795523808	-0.3417548252714286
8750000	8799999	0.185292426795238	0.5222155795523808	-0.33692315275714285
8800000	8849999	0.18639556429999987	0.5222155795523808	-0.335820015252381
8850000	8899999	0.18682317890952366	0.5222155795523808	-0.3353924006428572
8900000	8949999	0.18295308745714267	0.5222155795523808	-0.3392624920952382
8950000	8999999	0.18845910714761888	0.5222155795523808	-0.333756472404762
9000000	9049999	0.18899769056190463	0.5222155795523808	-0.3332178889904762
9050000	9099999	0.19091357919047608	0.5222155795523808	-0.33130200036190477
9100000	9149999	0.19536375371428555	0.5222155795523808	-0.3268518258380953
9150000	9199999	0.19065918470476179	0.5222155795523808	-0.33155639484761906
9200000	9249999	0.19291330074761892	0.5222155795523808	-0.3293022788047619
9250000	9299999	0.18116761812380938	0.5222155795523808	-0.34104796142857147
9300000	9349999	0.17373570746190464	0.5222155795523808	-0.3484798720904762
9350000	9399999	0.17483073653333314	0.5222155795523808	-0.3473848430190477
9400000	9449999	0.19027933552857124	0.5222155795523808	-0.3319362440238096
9450000	9499999	0.19596359223809506	0.5222155795523808	-0.3262519873142858
9500000	9549999	0.19659553461904744	0.5222155795523808	-0.3256200449333334
9550000	9599999	0.19536503720476173	0.5222155795523808	-0.3268505423476191
9600000	9649999	0.1765393090476189	0.5222155795523808	-0.34567627050476196
9650000	9699999	0.16405704929999987	0.5222155795523808	-0.358158530252381
9700000	9749999	0.16118885054285698	0.5222155795523808	-0.3610267290095239
9750000	9799999	0.15257617685238084	0.5222155795523808	-0.3696394027
9800000	9849999	0.1520655713857142	0.5222155795523808	-0.37015000816666666
9850000	9899999	0.1559899429999999	0.5222155795523808	-0.36622563655238094
9900000	9949999	0.17246936677142843	0.5222155795523808	-0.3497462127809524
9950000	9999999	0.18727409793333322	0.5222155795523808	-0.33494148161904763
10000000	10049999	0.19853913682857133	0.5222155795523808	-0.3236764427238095
10050000	10099999	0.21114859733333324	0.5222155795523808	-0.3110669822190476
10100000	10149999	0.2167220146619046	0.5222155795523808	-0.30549356489047624
10150000	10199999	0.21698839639047607	0.5222155795523808	-0.3052271831619048
10200000	10249999	0.2224450651190475	0.5222155795523808	-0.29977051443333336
10250000	10299999	0.22321886000476177	0.5222155795523808	-0.2989967195476191
10300000	10349999	0.22251696574285706	0.5222155795523808	-0.2996986138095238
10350000	10399999	0.2294277749047618	0.5222155795523808	-0.29278780464761905
10400000	10449999	0.2211520199095237	0.5222155795523808	-0.30106355964285714
10450000	10499999	0.19340895221428567	0.5222155795523808	-0.3288066273380952
10500000	10549999	0.18881784561428555	0.5222155795523808	-0.3333977339380953
10550000	10599999	0.1861611008476189	0.5222155795523808	-0.33605447870476196
10600000	10649999	0.1815955396380951	0.5222155795523808	-0.34062003991428574
10650000	10699999	0.19231678099523802	0.5222155795523808	-0.3298987985571428
10700000	10749999	0.19056684856190464	0.5222155795523808	-0.3316487309904762
10750000	10799999	0.18838614192380937	0.5222155795523808	-0.3338294376285715
10800000	10849999	0.1860850149571427	0.5222155795523808	-0.33613056459523816
10850000	10899999	0.18174106207142848	0.5222155795523808	-0.34047451748095237
10900000	10949999	0.16972417609047608	0.5222155795523808	-0.3524914034619048
10950000	10999999	0.14701535845238084	0.5222155795523808	-0.3752002211
11000000	11049999	0.13040553120476178	0.5222155795523808	-0.39181004834761907
11050000	11099999	0.11610978401904753	0.5222155795523808	-0.4061057955333333
11100000	11149999	0.09770713303809514	0.5222155795523808	-0.4245084465142857
11150000	11199999	0.09168636130476171	0.5222155795523808	-0.43052921824761914
11200000	11249999	0.09290054258571417	0.5222155795523808	-0.4293150369666667
11250000	11299999	0.08776538359047609	0.5222155795523808	-0.43445019596190476
11300000	11349999	0.08549014380476189	0.5222155795523808	-0.43672543574761896
11350000	11399999	0.09106105024285699	0.5222155795523808	-0.43115452930952386
11400000	11449999	0.08790878533333313	0.5222155795523808	-0.4343067942190477
11450000	11499999	0.08649261283809517	0.5222155795523808	-0.4357229667142857
11500000	11549999	0.08240303191904758	0.5222155795523808	-0.4398125476333333
11550000	11599999	0.07644218827619031	0.5222155795523808	-0.44577339127619053
11600000	11649999	0.06982867311904745	0.5222155795523808	-0.4523869064333334
11650000	11699999	0.07141714567142843	0.5222155795523808	-0.4507984338809524
11700000	11749999	0.06468882899047607	0.5222155795523808	-0.4575267505619048
11750000	11799999	0.06896989276190463	0.5222155795523808	-0.4532456867904762
11800000	11849999	0.061070167128571384	0.5222155795523808	-0.46114541242380946
11850000	11899999	0.05686532053333321	0.5222155795523808	-0.46535025901904764
11900000	11949999	0.04789522139523794	0.5222155795523808	-0.4743203581571429
11950000	11999999	0.050203600961904626	0.5222155795523808	-0.4720119785904762
12000000	12049999	0.05483591453809511	0.5222155795523808	-0.46737966501428574
12050000	12099999	0.047743607623809414	0.5222155795523808	-0.47447197192857143
12100000	12149999	0.04419750487619045	0.5222155795523808	-0.4780180746761904
12150000	12199999	0.046468433971428524	0.5222155795523808	-0.4757471455809523
12200000	12249999	0.03758649606666653	0.5222155795523808	-0.4846290834857143
12250000	12299999	0.030273475890476076	0.5222155795523808	-0.4919421036619048
12300000	12349999	0.031688587823809344	0.5222155795523808	-0.4905269917285715
12350000	12399999	0.030388203604761743	0.5222155795523808	-0.4918273759476191
12400000	12449999	0.02361461164285711	0.5222155795523808	-0.49860096790952374
12450000	12499999	0.025440005595238013	0.5222155795523808	-0.49677557395714284
12500000	12549999	0.03280548137142841	0.5222155795523808	-0.48941009818095244
12550000	12599999	0.040907219952380836	0.5222155795523808	-0.4813083596
12600000	12649999	0.041257224680952276	0.5222155795523808	-0.4809583548714286
12650000	12699999	0.04773059940476182	0.5222155795523808	-0.47448498014761903
12700000	12749999	0.04390610050952365	0.5222155795523808	-0.4783094790428572
12750000	12799999	0.052737118709523634	0.5222155795523808	-0.4694784608428572
12800000	12849999	0.05560043304761897	0.5222155795523808	-0.4666151465047619
12850000	12899999	0.06835130507142845	0.5222155795523808	-0.4538642744809524
12900000	12949999	0.09308193498571421	0.5222155795523808	-0.42913364456666664
12950000	12999999	0.12064257611904755	0.5222155795523808	-0.4015730034333333
13000000	13049999	0.14133873379999995	0.5222155795523808	-0.3808768457523809
13050000	13099999	0.16551278155238086	0.5222155795523808	-0.356702798
13100000	13149999	0.18645201374285703	0.5222155795523808	-0.3357635658095238
13150000	13199999	0.20257670280952372	0.5222155795523808	-0.3196388767428571
13200000	13249999	0.22067393296666654	0.5222155795523808	-0.3015416465857143
13250000	13299999	0.2501069640476189	0.5222155795523808	-0.27210861550476195
13300000	13349999	0.2586713850190476	0.5222155795523808	-0.2635441945333333
13350000	13399999	0.26593943296666656	0.5222155795523808	-0.2562761465857143
13400000	13449999	0.2663357519857142	0.5222155795523808	-0.25587982756666666
13450000	13499999	0.2693680098571427	0.5222155795523808	-0.25284756969523814
13500000	13549999	0.2735969824666665	0.5222155795523808	-0.24861859708571432
13550000	13599999	0.27861626919047605	0.5222155795523808	-0.2435993103619048
13600000	13649999	0.28049251357142846	0.5222155795523808	-0.2417230659809524
13650000	13699999	0.28106260613809514	0.5222155795523808	-0.2411529734142857
13700000	13749999	0.27709010709523796	0.5222155795523808	-0.2451254724571429
13750000	13799999	0.2807211880476189	0.5222155795523808	-0.24149439150476193
13800000	13849999	0.27980556355714276	0.5222155795523808	-0.2424100159952381
13850000	13899999	0.2816198540523809	0.5222155795523808	-0.24059572549999997
13900000	13949999	0.27414544061904755	0.5222155795523808	-0.2480701389333333
13950000	13999999	0.2531843754999999	0.5222155795523808	-0.26903120405238096
14000000	14049999	0.2336398343380952	0.5222155795523808	-0.28857574521428564
14050000	14099999	0.2158317615857142	0.5222155795523808	-0.30638381796666664
14100000	14149999	0.19224812069047614	0.5222155795523808	-0.3299674588619047
14150000	14199999	0.1804801201666666	0.5222155795523808	-0.34173545938571426
14200000	14249999	0.17364912678571426	0.5222155795523808	-0.3485664527666666
14250000	14299999	0.15118682344761897	0.5222155795523808	-0.3710287561047619
14300000	14349999	0.12596205428571422	0.5222155795523808	-0.39625352526666663
14350000	14399999	0.12159197892857126	0.5222155795523808	-0.4006236006238096
14400000	14449999	0.11153896465238083	0.5222155795523808	-0.4106766149
14450000	14499999	0.10550270475238088	0.5222155795523808	-0.41671287479999997
14500000	14549999	0.09825877641428554	0.5222155795523808	-0.4239568031380953
14550000	14599999	0.09202939781428565	0.5222155795523808	-0.4301861817380952
14600000	14649999	0.07644420318571415	0.5222155795523808	-0.4457713763666667
14650000	14699999	0.0649095851952381	0.5222155795523808	-0.45730599435714275
14700000	14749999	0.0656865184	0.5222155795523808	-0.45652906115238084
14750000	14799999	0.06590430718571427	0.5222155795523808	-0.4563112723666666
14800000	14849999	0.06530410916190466	0.5222155795523808	-0.4569114703904762
14850000	14899999	0.05666224062380942	0.5222155795523808	-0.4655533389285714
14900000	14949999	0.04604847499999998	0.5222155795523808	-0.47616710455238087
14950000	14999999	0.039681049919047584	0.5222155795523808	-0.48253452963333326
15000000	15049999	0.036905103514285664	0.5222155795523808	-0.4853104760380952
15050000	15099999	0.02615058617142857	0.5222155795523808	-0.4960649933809523
15100000	15149999	0.015839732457142763	0.5222155795523808	-0.5063758470952381
15150000	15199999	0.00862276954761898	0.5222155795523808	-0.5135928100047619
15200000	15249999	0.0033685678761904425	0.5222155795523808	-0.5188470116761904
15250000	15299999	0.0	0.5222155795523808	-0.5222155795523808
15300000	15349999	0.004495934499999965	0.5222155795523808	-0.5177196450523809
15350000	15399999	0.004982083733333309	0.5222155795523808	-0.5172334958190475
15400000	15449999	0.00522715972857124	0.5222155795523808	-0.5169884198238096
15450000	15499999	0.003002632371428504	0.5222155795523808	-0.5192129471809523
15500000	15549999	0.006632758066666522	0.5222155795523808	-0.5155828214857143
15550000	15599999	0.012532690619047604	0.5222155795523808	-0.5096828889333332
15600000	15649999	0.015405845547618924	0.5222155795523808	-0.5068097340047619
15650000	15699999	0.023441572652380838	0.5222155795523808	-0.4987740069
15700000	15749999	0.0267695107	0.5222155795523808	-0.49544606885238085
15750000	15799999	0.027472285447618983	0.5222155795523808	-0.49474329410476187
15800000	15849999	0.03264407510476186	0.5222155795523808	-0.489571504447619
15850000	15899999	0.04241835909523811	0.5222155795523808	-0.47979722045714274
15900000	15949999	0.05821566953333335	0.5222155795523808	-0.4639999100190475
15950000	15999999	0.07457006994285703	0.5222155795523808	-0.4476455096095238
16000000	16049999	0.08306149139999996	0.5222155795523808	-0.4391540881523809
16050000	16099999	0.08800613507619037	0.5222155795523808	-0.4342094444761905
16100000	16149999	0.0958445313904761	0.5222155795523808	-0.42637104816190474
16150000	16199999	0.10306151653809514	0.5222155795523808	-0.4191540630142857
16200000	16249999	0.12009602836190464	0.5222155795523808	-0.4021195511904762
16250000	16299999	0.12720827301904752	0.5222155795523808	-0.3950073065333333
16300000	16349999	0.1306578883285714	0.5222155795523808	-0.39155769122380946
16350000	16399999	0.12717165375714273	0.5222155795523808	-0.3950439257952381
16400000	16449999	0.12647800251428565	0.5222155795523808	-0.3957375770380952
16450000	16499999	0.12296889466666655	0.5222155795523808	-0.3992466848857143
16500000	16549999	0.12316811999523797	0.5222155795523808	-0.3990474595571429
16550000	16599999	0.1263961618190475	0.5222155795523808	-0.39581941773333335
16600000	16649999	0.12144088641904749	0.5222155795523808	-0.40077469313333336
16650000	16699999	0.11932378149999984	0.5222155795523808	-0.402891798052381
16700000	16749999	0.11658200011904746	0.5222155795523808	-0.4056335794333334
16750000	16799999	0.12082503714285697	0.5222155795523808	-0.4013905424095239
16800000	16849999	0.11786529363809511	0.5222155795523808	-0.40435028591428573
16850000	16899999	0.1138525434619046	0.5222155795523808	-0.40836303609047625
16900000	16949999	0.10933209263333321	0.5222155795523808	-0.41288348691904764
16950000	16999999	0.09775098405714272	0.5222155795523808	-0.42446459549523813
17000000	17049999	0.09412839289047614	0.5222155795523808	-0.4280871866619047
17050000	17099999	0.09638904361428557	0.5222155795523808	-0.4258265359380953
17100000	17149999	0.09980616665714265	0.5222155795523808	-0.4224094128952382
17150000	17199999	0.10333860379999982	0.5222155795523808	-0.41887697575238103
17200000	17249999	0.10468669823809512	0.5222155795523808	-0.4175288813142857
17250000	17299999	0.09255873798571412	0.5222155795523808	-0.4296568415666667
17300000	17349999	0.09393750614285706	0.5222155795523808	-0.4282780734095238
17350000	17399999	0.09987048016666655	0.5222155795523808	-0.4223450993857143
17400000	17449999	0.11776051979999991	0.5222155795523808	-0.40445505975238094
17450000	17499999	0.12880003904285703	0.5222155795523808	-0.3934155405095238
17500000	17549999	0.13984492749047606	0.5222155795523808	-0.3823706520619048
17550000	17599999	0.15084053934285702	0.5222155795523808	-0.37137504020952383
17600000	17649999	0.16351084035714275	0.5222155795523808	-0.3587047391952381
17650000	17699999	0.17202313260476187	0.5222155795523808	-0.350192446947619
17700000	17749999	0.17860289466190465	0.5222155795523808	-0.3436126848904762
17750000	17799999	0.193082156795238	0.5222155795523808	-0.32913342275714286
17800000	17849999	0.20498077067619036	0.5222155795523808	-0.3172348088761905
17850000	17899999	0.21036241705714276	0.5222155795523808	-0.3118531624952381
17900000	17949999	0.21918040605238087	0.5222155795523808	-0.3030351735
17950000	17999999	0.22643691510476183	0.5222155795523808	-0.295778664447619
18000000	18049999	0.2310642668857142	0.5222155795523808	-0.29115131266666666
18050000	18099999	0.23276167126666658	0.5222155795523808	-0.28945390828571427
18100000	18149999	0.23383558978095226	0.5222155795523808	-0.2883799897714286
18150000	18199999	0.23642002272380935	0.5222155795523808	-0.2857955568285715
18200000	18249999	0.23249051625238082	0.5222155795523808	-0.28972506330000003
18250000	18299999	0.23414322063809512	0.5222155795523808	-0.28807235891428573
18300000	18349999	0.23535578645238087	0.5222155795523808	-0.2868597931
18350000	18399999	0.23341536763809517	0.5222155795523808	-0.2888002119142857
18400000	18449999	0.22431324619999993	0.5222155795523808	-0.2979023333523809
18450000	18499999	0.20369289175714278	0.5222155795523808	-0.31852268779523807
18500000	18549999	0.19018765252857134	0.5222155795523808	-0.3320279270238095
18550000	18599999	0.17719308303809517	0.5222155795523808	-0.3450224965142857
18600000	18649999	0.17115978499523798	0.5222155795523808	-0.35105579455714286
18650000	18699999	0.160482294695238	0.5222155795523808	-0.36173328485714284
18700000	18749999	0.1582066723714285	0.5222155795523808	-0.36400890718095236
18750000	18799999	0.14948645985714276	0.5222155795523808	-0.3727291196952381
18800000	18849999	0.13396780452380935	0.5222155795523808	-0.3882477750285715
18850000	18899999	0.1286344431809523	0.5222155795523808	-0.39358113637142855
18900000	18949999	0.12062454136190459	0.5222155795523808	-0.40159103819047626
18950000	18999999	0.11449384660952378	0.5222155795523808	-0.4077217329428571
19000000	19049999	0.10365767409523802	0.5222155795523808	-0.41855790545714283
19050000	19099999	0.10040732594285706	0.5222155795523808	-0.4218082536095238
19100000	19149999	0.09267520266190465	0.5222155795523808	-0.4295403768904762
19150000	19199999	0.08198337589523802	0.5222155795523808	-0.44023220365714283
19200000	19249999	0.068066685695238	0.5222155795523808	-0.45414889385714285
19250000	19299999	0.06876567025714275	0.5222155795523808	-0.4534499092952381
19300000	19349999	0.06586245408095237	0.5222155795523808	-0.4563531254714285
19350000	19399999	0.06172814034285706	0.5222155795523808	-0.4604874392095238
19400000	19449999	0.05748455685238091	0.5222155795523808	-0.46473102269999994
19450000	19499999	0.05929275665714273	0.5222155795523808	-0.4629228228952381
19500000	19549999	0.0744112918619047	0.5222155795523808	-0.44780428769047614
19550000	19599999	0.08598538567142844	0.5222155795523808	-0.4362301938809524
19600000	19649999	0.09478196731904759	0.5222155795523808	-0.42743361223333326
19650000	19699999	0.09508724285714282	0.5222155795523808	-0.42712833669523803
19700000	19749999	0.0924875253238095	0.5222155795523808	-0.42972805422857135
19750000	19799999	0.08825660342857128	0.5222155795523808	-0.43395897612380957
19800000	19849999	0.08391202128095221	0.5222155795523808	-0.43830355827142864
19850000	19899999	0.0885124583857142	0.5222155795523808	-0.43370312116666665
19900000	19949999	0.0838904068857142	0.5222155795523808	-0.43832517266666665
19950000	19999999	0.09751223194761904	0.5222155795523808	-0.4247033476047618
20000000	20049999	0.10002470301428568	0.5222155795523808	-0.42219087653809517
20050000	20099999	0.11639414011904758	0.5222155795523808	-0.40582143943333326
20100000	20149999	0.12015898524285712	0.5222155795523808	-0.40205659430952373
20150000	20199999	0.12468662022857124	0.5222155795523808	-0.3975289593238096
20200000	20249999	0.133892041595238	0.5222155795523808	-0.38832353795714286
20250000	20299999	0.13714068441428556	0.5222155795523808	-0.3850748951380953
20300000	20349999	0.1390550384285713	0.5222155795523808	-0.38316054112380954
20350000	20399999	0.13833071416666648	0.5222155795523808	-0.38388486538571437
20400000	20449999	0.14705609308095224	0.5222155795523808	-0.3751594864714286
20450000	20499999	0.15458377913809512	0.5222155795523808	-0.3676318004142857
20500000	20549999	0.15488056813809514	0.5222155795523808	-0.3673350114142857
20550000	20599999	0.15008501522857137	0.5222155795523808	-0.3721305643238095
20600000	20649999	0.154056076647619	0.5222155795523808	-0.36815950290476185
20650000	20699999	0.16225490909047607	0.5222155795523808	-0.3599606704619048
20700000	20749999	0.1603339618095237	0.5222155795523808	-0.36188161774285715
20750000	20799999	0.16615872066666654	0.5222155795523808	-0.3560568588857143
20800000	20849999	0.2036590513190475	0.5222155795523808	-0.31855652823333336
20850000	20899999	0.21767767907142843	0.5222155795523808	-0.3045379004809524
20900000	20949999	0.2205588866857141	0.5222155795523808	-0.30165669286666674
20950000	20999999	0.2144043443999999	0.5222155795523808	-0.30781123515238096
21000000	21049999	0.20323073295714272	0.5222155795523808	-0.3189848465952381
21050000	21099999	0.20042720581428564	0.5222155795523808	-0.3217883737380952
21100000	21149999	0.18737650306190462	0.5222155795523808	-0.33483907649047623
21150000	21199999	0.17741188055714274	0.5222155795523808	-0.3448036989952381
21200000	21249999	0.172250695895238	0.5222155795523808	-0.34996488365714284
21250000	21299999	0.16136522969523792	0.5222155795523808	-0.3608503498571429
21300000	21349999	0.16050490567619036	0.5222155795523808	-0.3617106738761905
21350000	21399999	0.14950387128095227	0.5222155795523808	-0.3727117082714286
21400000	21449999	0.14852142168095234	0.5222155795523808	-0.3736941578714285
21450000	21499999	0.1390694490571428	0.5222155795523808	-0.38314613049523805
21500000	21549999	0.12704336827142848	0.5222155795523808	-0.39517221128095237
21550000	21599999	0.1239496606571428	0.5222155795523808	-0.39826591889523805
21600000	21649999	0.12150748987142845	0.5222155795523808	-0.4007080896809524
21650000	21699999	0.12164170509523797	0.5222155795523808	-0.4005738744571429
21700000	21749999	0.11510749592857128	0.5222155795523808	-0.40710808362380957
21750000	21799999	0.12132309341904757	0.5222155795523808	-0.4008924861333333
21800000	21849999	0.13558796926190464	0.5222155795523808	-0.3866276102904762
21850000	21899999	0.12777482647142846	0.5222155795523808	-0.3944407530809524
21900000	21949999	0.14090474359047606	0.5222155795523808	-0.3813108359619048
21950000	21999999	0.14053953846666656	0.5222155795523808	-0.3816760410857143
22000000	22049999	0.14829768399999993	0.5222155795523808	-0.3739178955523809
22050000	22099999	0.1526476227857142	0.5222155795523808	-0.36956795676666665
22100000	22149999	0.15579563749047615	0.5222155795523808	-0.3664199420619047
22150000	22199999	0.16134676871904752	0.5222155795523808	-0.36086881083333333
22200000	22249999	0.1667089304047618	0.5222155795523808	-0.35550664914761904
22250000	22299999	0.1749713634904761	0.5222155795523808	-0.34724421606190475
22300000	22349999	0.18958686739999991	0.5222155795523808	-0.33262871215238093
22350000	22399999	0.2053785678523809	0.5222155795523808	-0.31683701169999995
22400000	22449999	0.23098960466190466	0.5222155795523808	-0.2912259748904762
22450000	22499999	0.23823825884285704	0.5222155795523808	-0.2839773207095238
22500000	22549999	0.2544905081380951	0.5222155795523808	-0.26772507141428575
22550000	22599999	0.2675719088047618	0.5222155795523808	-0.25464367074761907
22600000	22649999	0.2803284982095237	0.5222155795523808	-0.24188708134285714
22650000	22699999	0.29748774400476186	0.5222155795523808	-0.224727835547619
22700000	22749999	0.2940800433142856	0.5222155795523808	-0.22813553623809524
22750000	22799999	0.29784022224761897	0.5222155795523808	-0.22437535730476188
22800000	22849999	0.3077127553857142	0.5222155795523808	-0.21450282416666666
22850000	22899999	0.303910624495238	0.5222155795523808	-0.21830495505714287
22900000	22949999	0.2753064366666666	0.5222155795523808	-0.24690914288571425
22950000	22999999	0.2521909590666666	0.5222155795523808	-0.27002462048571424
23000000	23049999	0.24865914049523796	0.5222155795523808	-0.2735564390571429
23050000	23099999	0.24663085120476175	0.5222155795523808	-0.2755847283476191
23100000	23149999	0.24574588081904747	0.5222155795523808	-0.2764696987333334
23150000	23199999	0.24316269607619034	0.5222155795523808	-0.2790528834761905
23200000	23249999	0.24079182345238087	0.5222155795523808	-0.2814237561
23250000	23299999	0.2438454870904761	0.5222155795523808	-0.27837009246190475
23300000	23349999	0.23231015322857135	0.5222155795523808	-0.2899054263238095
23350000	23399999	0.22257680278095227	0.5222155795523808	-0.2996387767714286
23400000	23449999	0.21212964438095233	0.5222155795523808	-0.3100859351714285
23450000	23499999	0.19185696309523798	0.5222155795523808	-0.3303586164571429
23500000	23549999	0.18365299279999991	0.5222155795523808	-0.33856258675238093
23550000	23599999	0.16958853220952375	0.5222155795523808	-0.3526270473428571
23600000	23649999	0.16281792211904755	0.5222155795523808	-0.3593976574333333
23650000	23699999	0.1523530957666666	0.5222155795523808	-0.36986248378571424
23700000	23749999	0.1337343223714284	0.5222155795523808	-0.38848125718095244
23750000	23799999	0.12970913018095226	0.5222155795523808	-0.3925064493714286
23800000	23849999	0.12233993458571418	0.5222155795523808	-0.39987564496666667
23850000	23899999	0.10437904586190472	0.5222155795523808	-0.41783653369047613
23900000	23949999	0.08536298469523801	0.5222155795523808	-0.43685259485714284
23950000	23999999	0.08229828654285704	0.5222155795523808	-0.4399172930095238
24000000	24049999	0.07976636984285701	0.5222155795523808	-0.44244920970952384
24050000	24099999	0.0734227777	0.5222155795523808	-0.44879280185238085
24100000	24149999	0.06723423018571428	0.5222155795523808	-0.45498134936666657
24150000	24199999	0.058660438209523824	0.5222155795523808	-0.463555141342857
24200000	24249999	0.04998165820476186	0.5222155795523808	-0.472233921347619
24250000	24299999	0.04056248754285713	0.5222155795523808	-0.4816530920095237
24300000	24349999	0.030574042361904752	0.5222155795523808	-0.4916415371904761
24350000	24399999	0.028248456519047616	0.5222155795523808	-0.49396712303333323
24400000	24449999	0.028380791409523654	0.5222155795523808	-0.4938347881428572
24450000	24499999	0.032686682204761675	0.5222155795523808	-0.4895288973476192
24500000	24549999	0.039318006928571236	0.5222155795523808	-0.4828975726238096
24550000	24599999	0.040269711576190304	0.5222155795523808	-0.48194586797619055
24600000	24649999	0.04334936216190449	0.5222155795523808	-0.47886621739047636
24650000	24699999	0.04743544309523795	0.5222155795523808	-0.4747801364571429
24700000	24749999	0.048742966233333185	0.5222155795523808	-0.47347261331904766
24750000	24799999	0.05254700082380931	0.5222155795523808	-0.46966857872857154
24800000	24849999	0.05528029436666654	0.5222155795523808	-0.4669352851857143
24850000	24899999	0.06206067286190464	0.5222155795523808	-0.4601549066904762
24900000	24949999	0.06811237557619032	0.5222155795523808	-0.45410320397619053
24950000	24999999	0.0696828437476189	0.5222155795523808	-0.45253273580476194
25000000	25049999	0.07321398194285705	0.5222155795523808	-0.4490015976095238
25050000	25099999	0.07783997673809517	0.5222155795523808	-0.4443756028142857
25100000	25149999	0.09004542494761897	0.5222155795523808	-0.4321701546047619
25150000	25199999	0.1043478615285714	0.5222155795523808	-0.41786771802380945
25200000	25249999	0.10924543254761893	0.5222155795523808	-0.4129701470047619
25250000	25299999	0.09662237319047612	0.5222155795523808	-0.42559320636190473
25300000	25349999	0.11439502417619041	0.5222155795523808	-0.40782055537619044
25350000	25399999	0.16302849446190465	0.5222155795523808	-0.3591870850904762
25400000	25449999	0.22513870306190464	0.5222155795523808	-0.2970768764904762
25450000	25499999	0.2296220145190475	0.5222155795523808	-0.29259356503333334
25500000	25549999	0.1999318162809523	0.5222155795523808	-0.32228376327142855
25550000	25599999	0.19775024335714275	0.5222155795523808	-0.3244653361952381
25600000	25649999	0.23499775420952373	0.5222155795523808	-0.2872178253428571
25650000	25699999	0.24628473910952375	0.5222155795523808	-0.2759308404428571
25700000	25749999	0.29991252521904754	0.5222155795523808	-0.2223030543333333
25750000	25799999	0.32195146995238083	0.5222155795523808	-0.20026410960000002
25800000	25849999	0.36039508150476174	0.5222155795523808	-0.1618204980476191
25850000	25899999	0.37693836388095225	0.5222155795523808	-0.1452772156714286
25900000	25949999	0.3918715574238094	0.5222155795523808	-0.13034402212857144
25950000	25999999	0.4107651892523808	0.5222155795523808	-0.11145039030000004
26000000	26049999	0.43400242507142844	0.5222155795523808	-0.0882131544809524
26050000	26099999	0.45681572867619036	0.5222155795523808	-0.06539985087619049
26100000	26149999	0.4783679271333332	0.5222155795523808	-0.043847652419047645
26150000	26199999	0.4929677960047618	0.5222155795523808	-0.029247783547619033
26200000	26249999	0.5041038170761903	0.5222155795523808	-0.018111762476190507
26250000	26299999	0.5261237104047618	0.5222155795523808	0.003908130852380953
26300000	26349999	0.5640846552999998	0.5222155795523808	0.041869075747619
26350000	26399999	0.5715605989476189	0.5222155795523808	0.049345019395238054
26400000	26449999	0.548210136995238	0.5222155795523808	0.02599455744285717
26450000	26499999	0.5112683692571427	0.5222155795523808	-0.010947210295238152
26500000	26549999	0.5285841019666665	0.5222155795523808	0.006368522414285649
26550000	26599999	0.5735668246380952	0.5222155795523808	0.051351245085714314
26600000	26649999	0.5931372298047618	0.5222155795523808	0.07092165025238095
26650000	26699999	0.5770136475047618	0.5222155795523808	0.05479806795238096
26700000	26749999	0.5847062327380951	0.5222155795523808	0.06249065318571423
26750000	26799999	0.5468484793190476	0.5222155795523808	0.024632899766666716
26800000	26849999	0.5436332010952379	0.5222155795523808	0.02141762154285709
26850000	26899999	0.5222155795523808	0.5222155795523808	0.0
26900000	26949999	0.5222155795523808	0.5222155795523808	0.0
26950000	26999999	0.5222155795523808	0.5222155795523808	0.0
27000000	27049999	0.5222155795523808	0.5222155795523808	0.0
27050000	27099999	0.5222155795523808	0.5222155795523808	0.0
27100000	27149999	0.5222155795523808	0.5222155795523808	0.0
27150000	27199999	0.5222155795523808	0.5222155795523808	0.0
27200000	27249999	0.5222155795523808	0.5222155795523808	0.0
27250000	27299999	0.5222155795523808	0.5222155795523808	0.0
27300000	27349999	0.5222155795523808	0.5222155795523808	0.0
27350000	27399999	0.5222155795523808	0.5222155795523808	0.0
27400000	27449999	0.5222155795523808	0.5222155795523808	0.0
27450000	27499999	0.5222155795523808	0.5222155795523808	0.0
27500000	27549999	0.5222155795523808	0.5222155795523808	0.0
27550000	27599999	0.5222155795523808	0.5222155795523808	0.0
27600000	27649999	0.5222155795523808	0.5222155795523808	0.0
27650000	27699999	0.5222155795523808	0.5222155795523808	0.0
27700000	27749999	0.5222155795523808	0.5222155795523808	0.0
27750000	27799999	0.5222155795523808	0.5222155795523808	0.0
27800000	27849999	0.5222155795523808	0.5222155795523808	0.0
27850000	27899999	0.5222155795523808	0.5222155795523808	0.0
27900000	27949999	0.5222155795523808	0.5222155795523808	0.0
27950000	27999999	0.5222155795523808	0.5222155795523808	0.0
28000000	28049999	0.5222155795523808	0.5222155795523808	0.0
28050000	28099999	0.5222155795523808	0.5222155795523808	0.0
28100000	28149999	0.5222155795523808	0.5222155795523808	0.0
28150000	28199999	0.5222155795523808	0.5222155795523808	0.0
28200000	28249999	0.5222155795523808	0.5222155795523808	0.0
28250000	28299999	0.5222155795523808	0.5222155795523808	0.0
28300000	28349999	0.5222155795523808	0.5222155795523808	0.0
28350000	28399999	0.5222155795523808	0.5222155795523808	0.0
28400000	28449999	0.5222155795523808	0.5222155795523808	0.0
28450000	28499999	0.5222155795523808	0.5222155795523808	0.0
28500000	28549999	0.5222155795523808	0.5222155795523808	0.0
28550000	28599999	0.5222155795523808	0.5222155795523808	0.0
28600000	28649999	0.5222155795523808	0.5222155795523808	0.0
28650000	28699999	0.5222155795523808	0.5222155795523808	0.0
28700000	28749999	0.5222155795523808	0.5222155795523808	0.0
28750000	28799999	0.5222155795523808	0.5222155795523808	0.0
28800000	28849999	0.5222155795523808	0.5222155795523808	0.0
28850000	28899999	0.5222155795523808	0.5222155795523808	0.0
28900000	28949999	0.5200791164333333	0.5222155795523808	-0.0021364631190475825
28950000	28999999	0.5365125335809523	0.5222155795523808	0.014296954028571451
29000000	29049999	0.5471637040428571	0.5222155795523808	0.02494812449047623
29050000	29099999	0.5951003441428571	0.5222155795523808	0.07288476459047621
29100000	29149999	0.665739069890476	0.5222155795523808	0.1435234903380952
29150000	29199999	0.7407951839190475	0.5222155795523808	0.21857960436666668
29200000	29249999	0.7407951839190475	0.5222155795523808	0.21857960436666668
29250000	29299999	0.7407951839190475	0.5222155795523808	0.21857960436666668
29300000	29349999	0.7336996472523809	0.5222155795523808	0.21148406770000006
29350000	29399999	0.7194153079904761	0.5222155795523808	0.1971997284380953
29400000	29449999	0.7124991817380951	0.5222155795523808	0.19028360218571427
29450000	29499999	0.7055668195380951	0.5222155795523808	0.18335123998571423
29500000	29549999	0.7003621710238095	0.5222155795523808	0.17814659147142864
29550000	29599999	0.6953669868666665	0.5222155795523808	0.1731514073142857
29600000	29649999	0.6999817710809523	0.5222155795523808	0.17776619152857143
29650000	29699999	0.7033299341999999	0.5222155795523808	0.18111435464761905
29700000	29749999	0.714547677095238	0.5222155795523808	0.19233209754285718
29750000	29799999	0.7305005266285713	0.5222155795523808	0.2082849470761905
29800000	29849999	0.745159269347619	0.5222155795523808	0.22294368979523815
29850000	29899999	0.7565986197714285	0.5222155795523808	0.23438304021904766
29900000	29949999	0.7634090411619047	0.5222155795523808	0.24119346160952382
29950000	29999999	0.7680187011190475	0.5222155795523808	0.24580312156666662
30000000	30049999	0.7490851946142856	0.5222155795523808	0.22686961506190473
30050000	30099999	0.7459945955095237	0.5222155795523808	0.2237790159571429
30100000	30149999	0.7009415579571427	0.5222155795523808	0.1787259784047619
30150000	30199999	0.634794351447619	0.5222155795523808	0.11257877189523813
30200000	30249999	0.5634847531285714	0.5222155795523808	0.04126917357619053
30250000	30299999	0.5665344425761903	0.5222155795523808	0.044318863023809496
30300000	30349999	0.5774062315571428	0.5222155795523808	0.05519065200476192
30350000	30399999	0.5969402604428571	0.5222155795523808	0.07472468089047624
30400000	30449999	0.6200007217714285	0.5222155795523808	0.09778514221904766
30450000	30499999	0.6430984655047618	0.5222155795523808	0.12088288595238095
30500000	30549999	0.6518002275809522	0.5222155795523808	0.1295846480285714
30550000	30599999	0.6579722681761904	0.5222155795523808	0.13575668862380952
30600000	30649999	0.6751361611619047	0.5222155795523808	0.15292058160952382
30650000	30699999	0.682018393795238	0.5222155795523808	0.15980281424285714
30700000	30749999	0.6954169172095237	0.5222155795523808	0.17320133765714285
30750000	30799999	0.6955575526285713	0.5222155795523808	0.17334197307619048
30800000	30849999	0.6917056921904761	0.5222155795523808	0.16949011263809521
30850000	30899999	0.6845817225571428	0.5222155795523808	0.16236614300476193
30900000	30949999	0.6857978630809523	0.5222155795523808	0.1635822835285714
30950000	30999999	0.6833750228238094	0.5222155795523808	0.1611594432714285
31000000	31049999	0.6869147913523809	0.5222155795523808	0.16469921180000002
31050000	31099999	0.6902735742761904	0.5222155795523808	0.16805799472380956
31100000	31149999	0.6793957854142856	0.5222155795523808	0.15718020586190473
31150000	31199999	0.6716314246190476	0.5222155795523808	0.14941584506666672
31200000	31249999	0.6660346364809523	0.5222155795523808	0.14381905692857144
31250000	31299999	0.6604132499523808	0.5222155795523808	0.13819767039999997
31300000	31349999	0.6662735437619046	0.5222155795523808	0.14405796420952377
31350000	31399999	0.6604576205761904	0.5222155795523808	0.13824204102380955
31400000	31449999	0.6625430769857141	0.5222155795523808	0.14032749743333328
31450000	31499999	0.6580857649857141	0.5222155795523808	0.1358701854333333
31500000	31549999	0.6540475394190475	0.5222155795523808	0.13183195986666663
31550000	31599999	0.659764456495238	0.5222155795523808	0.1375488769428571
31600000	31649999	0.6729978735809523	0.5222155795523808	0.15078229402857146
31650000	31699999	0.6759010162095237	0.5222155795523808	0.15368543665714285
31700000	31749999	0.6626746681857142	0.5222155795523808	0.14045908863333334
31750000	31799999	0.6468270072047618	0.5222155795523808	0.12461142765238098
31800000	31849999	0.6431628259380952	0.5222155795523808	0.1209472463857143
31850000	31899999	0.6421080410333333	0.5222155795523808	0.11989246148095245
31900000	31949999	0.6489515041714284	0.5222155795523808	0.1267359246190476
31950000	31999999	0.6443797468619047	0.5222155795523808	0.12216416730952384
32000000	32049999	0.6444478666095237	0.5222155795523808	0.12223228705714284
32050000	32099999	0.6455275450142856	0.5222155795523808	0.1233119654619047
32100000	32149999	0.6629929384380951	0.5222155795523808	0.1407773588857143
32150000	32199999	0.6813702826095237	0.5222155795523808	0.15915470305714285
32200000	32249999	0.7021342031142856	0.5222155795523808	0.1799186235619048
32250000	32299999	0.7146975612571428	0.5222155795523808	0.19248198170476194
32300000	32349999	0.7192944661714284	0.5222155795523808	0.1970788866190476
32350000	32399999	0.712814148142857	0.5222155795523808	0.1905985685904762
32400000	32449999	0.7206704173476189	0.5222155795523808	0.1984548377952381
32450000	32499999	0.718542554095238	0.5222155795523808	0.1963269745428572
32500000	32549999	0.7349971536285713	0.5222155795523808	0.21278157407619047
32550000	32599999	0.7434478117380952	0.5222155795523808	0.2212322321857143
32600000	32649999	0.7426872127095236	0.5222155795523808	0.2204716331571428
32650000	32699999	0.7322275527238093	0.5222155795523808	0.2100119731714285
32700000	32749999	0.7236549094809523	0.5222155795523808	0.2014393299285715
32750000	32799999	0.7287571104238094	0.5222155795523808	0.20654153087142857
32800000	32849999	0.7445331832476189	0.5222155795523808	0.222317603695238
32850000	32899999	0.7585989864333332	0.5222155795523808	0.23638340688095238
32900000	32949999	0.7570107830190476	0.5222155795523808	0.2347952034666667
32950000	32999999	0.7535148088285712	0.5222155795523808	0.2312992292761904
33000000	33049999	0.7578967567571429	0.5222155795523808	0.235681177204762
33050000	33099999	0.7563073943857141	0.5222155795523808	0.2340918148333333
33100000	33149999	0.7594382819857142	0.5222155795523808	0.23722270243333332
33150000	33199999	0.7599410359714285	0.5222155795523808	0.23772545641904763
33200000	33249999	0.7538334503047618	0.5222155795523808	0.23161787075238094
33250000	33299999	0.7515419060666666	0.5222155795523808	0.22932632651428575
33300000	33349999	0.7458043726714284	0.5222155795523808	0.22358879311904756
33350000	33399999	0.7466923091380951	0.5222155795523808	0.2244767295857143
33400000	33449999	0.7649401772523807	0.5222155795523808	0.24272459769999988
33450000	33499999	0.7557722281190475	0.5222155795523808	0.2335566485666667
33500000	33549999	0.7459886907714284	0.5222155795523808	0.22377311121904753
33550000	33599999	0.726057519695238	0.5222155795523808	0.20384194014285717
33600000	33649999	0.7034539448238094	0.5222155795523808	0.18123836527142856
33650000	33699999	0.7033033346761903	0.5222155795523808	0.18108775512380948
33700000	33749999	0.7100011020571427	0.5222155795523808	0.18778552250476188
33750000	33799999	0.7110316438333332	0.5222155795523808	0.18881606428095232
33800000	33849999	0.7241741299761904	0.5222155795523808	0.2019585504238095
33850000	33899999	0.7169991344095237	0.5222155795523808	0.19478355485714283
33900000	33949999	0.7073686577238094	0.5222155795523808	0.18515307817142856
33950000	33999999	0.7151144162238094	0.5222155795523808	0.1928988366714286
34000000	34049999	0.715684299147619	0.5222155795523808	0.19346871959523815
34050000	34099999	0.7157843333761904	0.5222155795523808	0.19356875382380956
34100000	34149999	0.7222422187095238	0.5222155795523808	0.20002663915714292
34150000	34199999	0.7183045973761903	0.5222155795523808	0.1960890178238095
34200000	34249999	0.707144857347619	0.5222155795523808	0.18492927779523816
34250000	34299999	0.7105128445761903	0.5222155795523808	0.1882972650238095
34300000	34349999	0.7016791070523809	0.5222155795523808	0.17946352750000005
34350000	34399999	0.6926100706238094	0.5222155795523808	0.17039449107142857
34400000	34449999	0.6634291695999999	0.5222155795523808	0.14121359004761902
34450000	34499999	0.6386758924285714	0.5222155795523808	0.11646031287619052
34500000	34549999	0.6355448014523809	0.5222155795523808	0.11332922190000005
34550000	34599999	0.639441703842857	0.5222155795523808	0.11722612429047619
34600000	34649999	0.6389447708238094	0.5222155795523808	0.11672919127142856
34650000	34699999	0.6428437953761904	0.5222155795523808	0.12062821582380956
34700000	34749999	0.644417231795238	0.5222155795523808	0.12220165224285717
34750000	34799999	0.6416434715142857	0.5222155795523808	0.11942789196190484
34800000	34849999	0.648773241547619	0.5222155795523808	0.1265576619952381
34850000	34899999	0.6389522314523809	0.5222155795523808	0.11673665190000004
34900000	34949999	0.6312813837571428	0.5222155795523808	0.10906580420476197
34950000	34999999	0.6210887293190476	0.5222155795523808	0.09887314976666672
35000000	35049999	0.6133404178761904	0.5222155795523808	0.09112483832380958
35050000	35099999	0.6093991768047619	0.5222155795523808	0.087183597252381
35100000	35149999	0.6007381428142856	0.5222155795523808	0.07852256326190477
35150000	35199999	0.6037274696380951	0.5222155795523808	0.08151189008571424
35200000	35249999	0.6116486727333332	0.5222155795523808	0.08943309318095238
35250000	35299999	0.6145467584857142	0.5222155795523808	0.09233117893333331
35300000	35349999	0.6167453196523809	0.5222155795523808	0.09452974010000004
35350000	35399999	0.629292958795238	0.5222155795523808	0.1070773792428572
35400000	35449999	0.6485549929809523	0.5222155795523808	0.12633941342857147
35450000	35499999	0.6856741295571427	0.5222155795523808	0.16345855000476184
35500000	35549999	0.6894373522047618	0.5222155795523808	0.16722177265238092
35550000	35599999	0.679411009995238	0.5222155795523808	0.1571954304428571
35600000	35649999	0.6823637349571428	0.5222155795523808	0.1601481554047619
35650000	35699999	0.6921056777523809	0.5222155795523808	0.1698900982
35700000	35749999	0.6904911472428571	0.5222155795523808	0.16827556769047625
35750000	35799999	0.688160067942857	0.5222155795523808	0.16594448839047615
35800000	35849999	0.6831220483285714	0.5222155795523808	0.16090646877619053
35850000	35899999	0.6896772097523809	0.5222155795523808	0.16746163020000004
35900000	35949999	0.7105530333523808	0.5222155795523808	0.1883374538
35950000	35999999	0.7193479159047618	0.5222155795523808	0.19713233635238092
36000000	36049999	0.7189597821619047	0.5222155795523808	0.19674420260952385
36050000	36099999	0.7054251734238095	0.5222155795523808	0.18320959387142866
36100000	36149999	0.7112356001523809	0.5222155795523808	0.1890200206
36150000	36199999	0.727869728047619	0.5222155795523808	0.2056541484952381
36200000	36249999	0.7335059137714285	0.5222155795523808	0.21129033421904764
36250000	36299999	0.7380617132142856	0.5222155795523808	0.21584613366190475
36300000	36349999	0.7348930096047619	0.5222155795523808	0.21267743005238104
36350000	36399999	0.7218645130238094	0.5222155795523808	0.19964893347142854
36400000	36449999	0.708996498295238	0.5222155795523808	0.18678091874285718
36450000	36499999	0.7017996261380952	0.5222155795523808	0.17958404658571436
36500000	36549999	0.7007348850904761	0.5222155795523808	0.17851930553809525
36550000	36599999	0.7095146572238095	0.5222155795523808	0.18729907767142862
36600000	36649999	0.7395788224809523	0.5222155795523808	0.21736324292857145
36650000	36699999	0.7662667841142856	0.5222155795523808	0.24405120456190477
36700000	36749999	0.7560471431095237	0.5222155795523808	0.23383156355714285
36750000	36799999	0.7646719881714285	0.5222155795523808	0.2424564086190476
36800000	36849999	0.7698220826142856	0.5222155795523808	0.2476065030619048
36850000	36899999	0.7784785083761904	0.5222155795523808	0.2562629288238095
36900000	36949999	0.7584442475047619	0.5222155795523808	0.23622866795238107
36950000	36999999	0.7453314772761903	0.5222155795523808	0.22311589772380946
37000000	37049999	0.7387204311761904	0.5222155795523808	0.2165048516238095
37050000	37099999	0.7501876874380952	0.5222155795523808	0.22797210788571431
37100000	37149999	0.7847250205142855	0.5222155795523808	0.26250944096190465
37150000	37199999	0.7757888054666666	0.5222155795523808	0.25357322591428577
37200000	37249999	0.7548502090142857	0.5222155795523808	0.23263462946190483
37250000	37299999	0.7341601442095237	0.5222155795523808	0.21194456465714284
37300000	37349999	0.7180686857904761	0.5222155795523808	0.19585310623809526
37350000	37399999	0.6993734941333333	0.5222155795523808	0.17715791458095242
37400000	37449999	0.6853957612095237	0.5222155795523808	0.16318018165714288
37450000	37499999	0.6774650965190475	0.5222155795523808	0.15524951696666667
37500000	37549999	0.657395470047619	0.5222155795523808	0.13517989049523815
37550000	37599999	0.6416867300666665	0.5222155795523808	0.1194711505142857
37600000	37649999	0.6144295035333333	0.5222155795523808	0.0922139239809524
37650000	37699999	0.5823441080857141	0.5222155795523808	0.06012852853333328
37700000	37749999	0.5320714396428571	0.5222155795523808	0.009855860090476232
37750000	37799999	0.5149790932761904	0.5222155795523808	-0.007236486276190446
37800000	37849999	0.4954539327333332	0.5222155795523808	-0.026761646819047635
37850000	37899999	0.46983431094285705	0.5222155795523808	-0.0523812686095238
37900000	37949999	0.43780773173333326	0.5222155795523808	-0.08440784781904759
37950000	37999999	0.41767721971904753	0.5222155795523808	-0.10453835983333332
38000000	38049999	0.39185345032857133	0.5222155795523808	-0.13036212922380952
38050000	38099999	0.37259971952380944	0.5222155795523808	-0.1496158600285714
38100000	38149999	0.35153801142857133	0.5222155795523808	-0.17067756812380952
38150000	38199999	0.32163862998571424	0.5222155795523808	-0.2005769495666666
38200000	38249999	0.29876243062857133	0.5222155795523808	-0.22345314892380952
38250000	38299999	0.2934157541095237	0.5222155795523808	-0.22879982544285715
38300000	38349999	0.28829785320476187	0.5222155795523808	-0.23391772634761898
38350000	38399999	0.2689137484333332	0.5222155795523808	-0.25330183111904764
38400000	38449999	0.2640316803666666	0.5222155795523808	-0.25818389918571427
38450000	38499999	0.2688497886809522	0.5222155795523808	-0.25336579087142863
38500000	38549999	0.2731954963047617	0.5222155795523808	-0.24902008324761915
38550000	38599999	0.27549839093809503	0.5222155795523808	-0.24671718861428582
38600000	38649999	0.2681774014333332	0.5222155795523808	-0.25403817811904766
38650000	38699999	0.2744386953999999	0.5222155795523808	-0.24777688415238097
38700000	38749999	0.28138259426190465	0.5222155795523808	-0.2408329852904762
38750000	38799999	0.27882949015714276	0.5222155795523808	-0.2433860893952381
38800000	38849999	0.2960349434285714	0.5222155795523808	-0.22618063612380945
38850000	38899999	0.3043215277571427	0.5222155795523808	-0.21789405179523813
38900000	38949999	0.32488895736666656	0.5222155795523808	-0.19732662218571428
38950000	38999999	0.34728030643333324	0.5222155795523808	-0.1749352731190476
39000000	39049999	0.36168712292857136	0.5222155795523808	-0.1605284566238095
39050000	39099999	0.37367780042857135	0.5222155795523808	-0.1485377791238095
39100000	39149999	0.4028468947190475	0.5222155795523808	-0.11936868483333335
39150000	39199999	0.4377243266285713	0.5222155795523808	-0.08449125292380955
39200000	39249999	0.47284935864761896	0.5222155795523808	-0.04936622090476189
39250000	39299999	0.49685114236666655	0.5222155795523808	-0.025364437185714295
39300000	39349999	0.5106217878047619	0.5222155795523808	-0.011593791747618987
39350000	39399999	0.5267453482904761	0.5222155795523808	0.004529768738095297
39400000	39449999	0.5536846857190475	0.5222155795523808	0.03146910616666665
39450000	39499999	0.5729771844428571	0.5222155795523808	0.05076160489047621
39500000	39549999	0.579720772342857	0.5222155795523808	0.05750519279047617
39550000	39599999	0.5951329865238094	0.5222155795523808	0.07291740697142857
39600000	39649999	0.6388178870904762	0.5222155795523808	0.1166023075380953
39650000	39699999	0.661959544647619	0.5222155795523808	0.13974396509523812
39700000	39749999	0.685672357147619	0.5222155795523808	0.16345677759523813
39750000	39799999	0.7045302574571428	0.5222155795523808	0.18231467790476197
39800000	39849999	0.7356655737619047	0.5222155795523808	0.21344999420952382
39850000	39899999	0.731598080447619	0.5222155795523808	0.20938250089523813
39900000	39949999	0.7285146241809523	0.5222155795523808	0.2062990446285714
39950000	39999999	0.7230666804904761	0.5222155795523808	0.20085110093809522
40000000	40049999	0.7231572789714285	0.5222155795523808	0.2009416994190476
40050000	40099999	0.7250521122285714	0.5222155795523808	0.2028365326761905
40100000	40149999	0.7180273858238094	0.5222155795523808	0.19581180627142858
40150000	40199999	0.7018115267904761	0.5222155795523808	0.17959594723809524
40200000	40249999	0.666639492390476	0.5222155795523808	0.1444239128380952
40250000	40299999	0.6226926790476189	0.5222155795523808	0.10047709949523809
40300000	40349999	0.6109375908333332	0.5222155795523808	0.08872201128095236
40350000	40399999	0.594294618390476	0.5222155795523808	0.07207903883809519
40400000	40449999	0.583377149795238	0.5222155795523808	0.06116157024285718
40450000	40499999	0.5592753699999999	0.5222155795523808	0.03705979044761909
40500000	40549999	0.5472382659619046	0.5222155795523808	0.025022686409523764
40550000	40599999	0.5398709485238095	0.5222155795523808	0.01765536897142861
40600000	40649999	0.5262326710238094	0.5222155795523808	0.004017091471428591
40650000	40699999	0.4839879101809523	0.5222155795523808	-0.038227669371428574
40700000	40749999	0.45004216835238087	0.5222155795523808	-0.07217341119999998
40750000	40799999	0.4256472289904761	0.5222155795523808	-0.09656835056190477
40800000	40849999	0.39998016803333325	0.5222155795523808	-0.1222354115190476
40850000	40899999	0.3849881842857142	0.5222155795523808	-0.13722739526666666
40900000	40949999	0.37915157786666653	0.5222155795523808	-0.14306400168571431
40950000	40999999	0.3763157081428571	0.5222155795523808	-0.14589987140952376
41000000	41049999	0.3643041605428571	0.5222155795523808	-0.15791141900952377
41050000	41099999	0.353104650047619	0.5222155795523808	-0.16911092950476186
41100000	41149999	0.3483902532285713	0.5222155795523808	-0.17382532632380954
41150000	41199999	0.3446352598142856	0.5222155795523808	-0.17758031973809524
41200000	41249999	0.34127459575238084	0.5222155795523808	-0.1809409838
41250000	41299999	0.34494878045238087	0.5222155795523808	-0.17726679909999998
41300000	41349999	0.3469015535190475	0.5222155795523808	-0.17531402603333335
41350000	41399999	0.3496496676761903	0.5222155795523808	-0.17256591187619053
41400000	41449999	0.35147434454285703	0.5222155795523808	-0.17074123500952382
41450000	41499999	0.34738116474761893	0.5222155795523808	-0.17483441480476192
41500000	41549999	0.3561118606476189	0.5222155795523808	-0.16610371890476194
41550000	41599999	0.3700442419285713	0.5222155795523808	-0.15217133762380952
41600000	41649999	0.3809054968333332	0.5222155795523808	-0.14131008271904766
41650000	41699999	0.3830085413999999	0.5222155795523808	-0.13920703815238095
41700000	41749999	0.3978890552190475	0.5222155795523808	-0.12432652433333335
41750000	41799999	0.4288527756476189	0.5222155795523808	-0.09336280390476193
41800000	41849999	0.4406281420095237	0.5222155795523808	-0.08158743754285713
41850000	41899999	0.4499506048999999	0.5222155795523808	-0.07226497465238096
41900000	41949999	0.45432516354285707	0.5222155795523808	-0.06789041600952378
41950000	41999999	0.4649053207142856	0.5222155795523808	-0.05731025883809526
42000000	42049999	0.4670016269142856	0.5222155795523808	-0.055213952638095254
42050000	42099999	0.4807695525714285	0.5222155795523808	-0.041446026980952344
42100000	42149999	0.49522153863333324	0.5222155795523808	-0.026994040919047613
42150000	42199999	0.4981983809476189	0.5222155795523808	-0.024017198604761925
42200000	42249999	0.5059317996428571	0.5222155795523808	-0.016283779909523788
42250000	42299999	0.5081811739904761	0.5222155795523808	-0.014034405561904717
42300000	42349999	0.5199225702571427	0.5222155795523808	-0.0022930092952381242
42350000	42399999	0.5200539912047618	0.5222155795523808	-0.0021615883476190367
42400000	42449999	0.5218885597238094	0.5222155795523808	-0.00032701982857141765
42450000	42499999	0.5196948331333332	0.5222155795523808	-0.002520746419047648
42500000	42549999	0.5308666374761903	0.5222155795523808	0.008651057923809491
42550000	42599999	0.5411693287428571	0.5222155795523808	0.01895374919047621
42600000	42649999	0.5413695651333332	0.5222155795523808	0.019153985580952382
42650000	42699999	0.553349265395238	0.5222155795523808	0.03113368584285714
42700000	42749999	0.5487625796523808	0.5222155795523808	0.026547000099999996
42750000	42799999	0.547146750347619	0.5222155795523808	0.0249311707952381
42800000	42849999	0.537486934690476	0.5222155795523808	0.015271355138095188
42850000	42899999	0.5337107570619046	0.5222155795523808	0.01149517750952378
42900000	42949999	0.5318746862761904	0.5222155795523808	0.00965910672380954
42950000	42999999	0.5410046912999998	0.5222155795523808	0.01878911174761899
43000000	43049999	0.5478647373523808	0.5222155795523808	0.02564915779999999
43050000	43099999	0.5658593003142856	0.5222155795523808	0.0436437207619047
43100000	43149999	0.6014164136380952	0.5222155795523808	0.07920083408571432
43150000	43199999	0.6357242170523808	0.5222155795523808	0.11350863749999995
43200000	43249999	0.6516829639333332	0.5222155795523808	0.1294673843809524
43250000	43299999	0.6694588473619046	0.5222155795523808	0.1472432678095238
43300000	43349999	0.6785976448619047	0.5222155795523808	0.1563820653095238
43350000	43399999	0.6903955929476189	0.5222155795523808	0.16818001339523803
43400000	43449999	0.697258187942857	0.5222155795523808	0.17504260839047614
43450000	43499999	0.7053778208333332	0.5222155795523808	0.18316224128095238
43500000	43549999	0.7190073546142857	0.5222155795523808	0.19679177506190482
43550000	43599999	0.7196007147857142	0.5222155795523808	0.19738513523333334
43600000	43649999	0.7252788519238094	0.5222155795523808	0.20306327237142852
43650000	43699999	0.7333118312238094	0.5222155795523808	0.21109625167142854
43700000	43749999	0.7273334111142856	0.5222155795523808	0.20511783156190477
43750000	43799999	0.7420899466761904	0.5222155795523808	0.2198743671238096
43800000	43849999	0.7431196021904761	0.5222155795523808	0.22090402263809528
43850000	43899999	0.7532525968857142	0.5222155795523808	0.23103701733333337
43900000	43949999	0.7693176572142856	0.5222155795523808	0.24710207766190473
43950000	43999999	0.7789008604333332	0.5222155795523808	0.2566852808809523
44000000	44049999	0.7788079375190475	0.5222155795523808	0.2565923579666667
44050000	44099999	0.7770510519380951	0.5222155795523808	0.25483547238571425
44100000	44149999	0.7682855733857141	0.5222155795523808	0.24606999383333328
44150000	44199999	0.7407760656857142	0.5222155795523808	0.21856048613333334
44200000	44249999	0.7136228887428571	0.5222155795523808	0.19140730919047622
44250000	44299999	0.7089272880285713	0.5222155795523808	0.18671170847619045
44300000	44349999	0.6942992582476188	0.5222155795523808	0.172083678695238
44350000	44399999	0.6969225709476189	0.5222155795523808	0.17470699139523804
44400000	44449999	0.6780813029047618	0.5222155795523808	0.1558657233523809
44450000	44499999	0.6834408568047617	0.5222155795523808	0.1612252772523809
44500000	44549999	0.6837951133380951	0.5222155795523808	0.1615795337857142
44550000	44599999	0.6897795738333332	0.5222155795523808	0.16756399428095237
44600000	44649999	0.7039129216285713	0.5222155795523808	0.18169734207619048
44650000	44699999	0.7012233200809523	0.5222155795523808	0.1790077405285715
44700000	44749999	0.695201812895238	0.5222155795523808	0.17298623334285712
44750000	44799999	0.6957869119333332	0.5222155795523808	0.17357133238095235
44800000	44849999	0.6959504123380951	0.5222155795523808	0.17373483278571422
44850000	44899999	0.695573224595238	0.5222155795523808	0.1733576450428571
44900000	44949999	0.6848128838523808	0.5222155795523808	0.16259730429999997
44950000	44999999	0.679168427495238	0.5222155795523808	0.15695284794285713
45000000	45049999	0.6702187613238094	0.5222155795523808	0.14800318177142857
45050000	45099999	0.6625226976857141	0.5222155795523808	0.1403071181333333
45100000	45149999	0.6616896952809523	0.5222155795523808	0.1394741157285715
45150000	45199999	0.6646652078904761	0.5222155795523808	0.14244962833809527
45200000	45249999	0.6581168672142856	0.5222155795523808	0.1359012876619048
45250000	45299999	0.656751583690476	0.5222155795523808	0.1345360041380952
45300000	45349999	0.6572580027333332	0.5222155795523808	0.1350424231809524
45350000	45399999	0.6591034913476189	0.5222155795523808	0.13688791179523807
45400000	45449999	0.6622367015666666	0.5222155795523808	0.14002112201428574
45450000	45499999	0.6811771708095238	0.5222155795523808	0.15896159125714293
45500000	45549999	0.6898152335571428	0.5222155795523808	0.16759965400476196
45550000	45599999	0.694556813147619	0.5222155795523808	0.17234123359523812
45600000	45649999	0.6977488381904761	0.5222155795523808	0.1755332586380952
45650000	45699999	0.6956458047523808	0.5222155795523808	0.17343022519999995
45700000	45749999	0.7162125880380952	0.5222155795523808	0.19399700848571433
45750000	45799999	0.7144992283380951	0.5222155795523808	0.19228364878571425
45800000	45849999	0.7086558993095237	0.5222155795523808	0.18644031975714281
45850000	45899999	0.6939410533428569	0.5222155795523808	0.1717254737904761
45900000	45949999	0.6799158260333332	0.5222155795523808	0.15770024648095238
45950000	45999999	0.6701181962238094	0.5222155795523808	0.14790261667142857
46000000	46049999	0.6635170841380952	0.5222155795523808	0.14130150458571433
46050000	46099999	0.6581431793047617	0.5222155795523808	0.1359275997523809
46100000	46149999	0.6456050460571428	0.5222155795523808	0.1233894665047619
46150000	46199999	0.638930826342857	0.5222155795523808	0.11671524679047618
46200000	46249999	0.634126760995238	0.5222155795523808	0.11191118144285717
46250000	46299999	0.6329625652380951	0.5222155795523808	0.11074698568571428
46300000	46349999	0.6180755512904761	0.5222155795523808	0.09585997173809524
46350000	46399999	0.6049721872047618	0.5222155795523808	0.08275660765238091
46400000	46449999	0.604848778695238	0.5222155795523808	0.08263319914285716
46450000	46499999	0.5821011663761904	0.5222155795523808	0.05988558682380951
46500000	46549999	0.5545047017476189	0.5222155795523808	0.03228912219523805
46550000	46599999	0.5324500093809522	0.5222155795523808	0.010234429828571368
46600000	46649999	0.5234018972761904	0.5222155795523808	0.0011863177238095046
46650000	46699999	0.502181910642857	0.5222155795523808	-0.02003366890952385
46700000	46749999	0.4806999077333332	0.5222155795523808	-0.04151567181904764
46750000	46799999	0.45232598993809514	0.5222155795523808	-0.06988958961428571
46800000	46849999	0.45588130913333325	0.5222155795523808	-0.0663342704190476
46850000	46899999	0.4488809748761904	0.5222155795523808	-0.07333460467619046
46900000	46949999	0.45189219328095226	0.5222155795523808	-0.07032338627142859
46950000	46999999	0.4752993969904761	0.5222155795523808	-0.04691618256190477
47000000	47049999	0.49921461116190463	0.5222155795523808	-0.023000968390476217
47050000	47099999	0.5040621681047618	0.5222155795523808	-0.01815341144761906
47100000	47149999	0.516520167547619	0.5222155795523808	-0.005695412004761868
47150000	47199999	0.5377390850619047	0.5222155795523808	0.01552350550952386
47200000	47249999	0.5527008311571427	0.5222155795523808	0.030485251604761898
47250000	47299999	0.5650690769999999	0.5222155795523808	0.042853497447619016
47300000	47349999	0.5679037518571428	0.5222155795523808	0.045688172304761965
47350000	47399999	0.5763811226999999	0.5222155795523808	0.05416554314761901
47400000	47449999	0.5933766546095237	0.5222155795523808	0.07116107505714286
47450000	47499999	0.5960633079809523	0.5222155795523808	0.07384772842857146
47500000	47549999	0.6222907360761903	0.5222155795523808	0.1000751565238095
47550000	47599999	0.6356742837238094	0.5222155795523808	0.11345870417142856
47600000	47649999	0.6406386675190475	0.5222155795523808	0.11842308796666667
47650000	47699999	0.6384916180714285	0.5222155795523808	0.11627603851904766
47700000	47749999	0.6494195494333332	0.5222155795523808	0.1272039698809524
47750000	47799999	0.6687629941047618	0.5222155795523808	0.14654741455238096
47800000	47849999	0.6804619292904761	0.5222155795523808	0.15824634973809526
47850000	47899999	0.6794574714714284	0.5222155795523808	0.15724189191904758
47900000	47949999	0.6938708172523809	0.5222155795523808	0.17165523770000002
47950000	47999999	0.7032266756666665	0.5222155795523808	0.18101109611428567
48000000	48049999	0.6858863104047619	0.5222155795523808	0.16367073085238104
48050000	48099999	0.6785924134714285	0.5222155795523808	0.15637683391904766
48100000	48149999	0.6809235862333333	0.5222155795523808	0.15870800668095242
48150000	48199999	0.6828710643523809	0.5222155795523808	0.16065548480000003
48200000	48249999	0.6802244350047618	0.5222155795523808	0.15800885545238097
48250000	48299999	0.6780410556857142	0.5222155795523808	0.1558254761333333
48300000	48349999	0.6646862793523809	0.5222155795523808	0.14247069980000004
48350000	48399999	0.671090291147619	0.5222155795523808	0.14887471159523813
48400000	48449999	0.6781261876190475	0.5222155795523808	0.15591060806666668
48450000	48499999	0.6792981288190475	0.5222155795523808	0.15708254926666665
48500000	48549999	0.6814256463142856	0.5222155795523808	0.15921006676190474
48550000	48599999	0.6815715897809522	0.5222155795523808	0.15935601022857138
48600000	48649999	0.6984313146714285	0.5222155795523808	0.17621573511904765
48650000	48699999	0.7136125219619046	0.5222155795523808	0.19139694240952376
48700000	48749999	0.7124767340095237	0.5222155795523808	0.19026115445714287
48750000	48799999	0.7158106464190475	0.5222155795523808	0.1935950668666666
48800000	48849999	0.7135163082428571	0.5222155795523808	0.1913007286904762
48850000	48899999	0.714458752695238	0.5222155795523808	0.1922431731428571
48900000	48949999	0.7202811862047618	0.5222155795523808	0.19806560665238093
48950000	48999999	0.7117660483190474	0.5222155795523808	0.1895504687666666
49000000	49049999	0.7099760454190475	0.5222155795523808	0.18776046586666661
49050000	49099999	0.7176457543095237	0.5222155795523808	0.19543017475714286
49100000	49149999	0.7185632650904761	0.5222155795523808	0.19634768553809523
49150000	49199999	0.7226827391619046	0.5222155795523808	0.20046715960952377
49200000	49249999	0.7192754388714284	0.5222155795523808	0.19705985931904757
49250000	49299999	0.7136345870571428	0.5222155795523808	0.19141900750476193
49300000	49349999	0.7013170142666666	0.5222155795523808	0.17910143471428575
49350000	49399999	0.6976791372142856	0.5222155795523808	0.1754635576619048
49400000	49449999	0.6878233156999999	0.5222155795523808	0.16560773614761903
49450000	49499999	0.6819363502666667	0.5222155795523808	0.1597207707142858
49500000	49549999	0.6736218559761904	0.5222155795523808	0.15140627642380955
49550000	49599999	0.6733772740142856	0.5222155795523808	0.15116169446190475
49600000	49649999	0.6625534785571427	0.5222155795523808	0.1403378990047619
49650000	49699999	0.6407054762142856	0.5222155795523808	0.11848989666190479
49700000	49749999	0.6310703542476189	0.5222155795523808	0.10885477469523808
49750000	49799999	0.6324327642095238	0.5222155795523808	0.11021718465714292
49800000	49849999	0.6252305676142856	0.5222155795523808	0.10301498806190479
49850000	49899999	0.6018653586285714	0.5222155795523808	0.07964977907619053
49900000	49949999	0.5849684855809523	0.5222155795523808	0.06275290602857142
49950000	49999999	0.5709210862285714	0.5222155795523808	0.04870550667619056
50000000	50049999	0.5677198301666666	0.5222155795523808	0.04550425061428576
50050000	50099999	0.5719745132714285	0.5222155795523808	0.049758933719047604
50100000	50149999	0.5646264292571428	0.5222155795523808	0.042410849704761944
50150000	50199999	0.558471891590476	0.5222155795523808	0.036256312038095206
50200000	50249999	0.5477335005380951	0.5222155795523808	0.02551792098571426
50250000	50299999	0.5443570220619047	0.5222155795523808	0.02214144250952388
50300000	50349999	0.536084885395238	0.5222155795523808	0.013869305842857171
50350000	50399999	0.5371943949238094	0.5222155795523808	0.014978815371428533
50400000	50449999	0.5388281174285713	0.5222155795523808	0.016612537876190436
50450000	50499999	0.545032896795238	0.5222155795523808	0.022817317242857182
50500000	50549999	0.5362151587904761	0.5222155795523808	0.01399957923809525
50550000	50599999	0.5240056857904761	0.5222155795523808	0.0017901062380952792
50600000	50649999	0.5121937742333332	0.5222155795523808	-0.010021805319047616
50650000	50699999	0.5004203513571428	0.5222155795523808	-0.021795228195238048
50700000	50749999	0.49442441974285706	0.5222155795523808	-0.02779115980952379
50750000	50799999	0.48986809670476184	0.5222155795523808	-0.032347482847619013
50800000	50849999	0.4832392619333332	0.5222155795523808	-0.03897631761904763
50850000	50899999	0.48659854904285704	0.5222155795523808	-0.035617030509523806
50900000	50949999	0.4982152476238094	0.5222155795523808	-0.024000331928571428
50950000	50999999	0.4932601948761904	0.5222155795523808	-0.028955384676190465
51000000	51049999	0.491494712247619	0.5222155795523808	-0.030720867304761867
51050000	51099999	0.4923493845095237	0.5222155795523808	-0.029866195042857147
51100000	51149999	0.4794497304809523	0.5222155795523808	-0.04276584907142855
51150000	51199999	0.48954200296666656	0.5222155795523808	-0.03267357658571429
51200000	51249999	0.49411070683333325	0.5222155795523808	-0.028104872719047602
51250000	51299999	0.5215364110142856	0.5222155795523808	-0.0006791685380952428
51300000	51349999	0.5301402438571428	0.5222155795523808	0.007924664304761908
51350000	51399999	0.5400500016380951	0.5222155795523808	0.017834422085714285
51400000	51449999	0.5486846076285713	0.5222155795523808	0.02646902807619045
51450000	51499999	0.555725001947619	0.5222155795523808	0.03350942239523813
51500000	51549999	0.5449459056285714	0.5222155795523808	0.02273032607619052
51550000	51599999	0.5458218340142856	0.5222155795523808	0.023606254461904785
51600000	51649999	0.5502423244333332	0.5222155795523808	0.02802674488095236
51650000	51699999	0.5615348765904761	0.5222155795523808	0.039319297038095224
51700000	51749999	0.5835616400666666	0.5222155795523808	0.061346060514285705
51750000	51799999	0.6039096718476189	0.5222155795523808	0.08169409229523805
51800000	51849999	0.6098711006238094	0.5222155795523808	0.0876555210714286
51850000	51899999	0.6304793695285713	0.5222155795523808	0.10826378997619046
51900000	51949999	0.636283366695238	0.5222155795523808	0.11406778714285715
51950000	51999999	0.638769068842857	0.5222155795523808	0.11655348929047615
52000000	52049999	0.6511946849095237	0.5222155795523808	0.12897910535714285
52050000	52099999	0.6624618126333333	0.5222155795523808	0.1402462330809524
52100000	52149999	0.664659988590476	0.5222155795523808	0.1424444090380952
52150000	52199999	0.6697380585095237	0.5222155795523808	0.14752247895714288
52200000	52249999	0.6624207706047618	0.5222155795523808	0.14020519105238094
52250000	52299999	0.6624178071666665	0.5222155795523808	0.1402022276142857
52300000	52349999	0.6383204917142856	0.5222155795523808	0.11610491216190477
52350000	52399999	0.625328482547619	0.5222155795523808	0.10311290299523812
52400000	52449999	0.6090465440047618	0.5222155795523808	0.08683096445238092
52450000	52499999	0.5915066395047618	0.5222155795523808	0.06929105995238094
52500000	52549999	0.5861514318142856	0.5222155795523808	0.06393585226190479
52550000	52599999	0.5691086355952379	0.5222155795523808	0.046893056042857095
52600000	52649999	0.5559444069047618	0.5222155795523808	0.03372882735238092
52650000	52699999	0.545668671347619	0.5222155795523808	0.023453091795238135
52700000	52749999	0.5269473319666665	0.5222155795523808	0.004731752414285695
52750000	52799999	0.501096260290476	0.5222155795523808	-0.0211193192619048
52800000	52849999	0.47481969345238084	0.5222155795523808	-0.047395886100000006
52850000	52899999	0.4557162124809523	0.5222155795523808	-0.06649936707142856
52900000	52949999	0.42762148701904756	0.5222155795523808	-0.09459409253333328
52950000	52999999	0.40418017707619036	0.5222155795523808	-0.11803540247619049
53000000	53049999	0.3886915413190475	0.5222155795523808	-0.13352403823333336
53050000	53099999	0.372487577947619	0.5222155795523808	-0.14972800160476185
53100000	53149999	0.36741217813333327	0.5222155795523808	-0.15480340141904758
53150000	53199999	0.3564434760047618	0.5222155795523808	-0.16577210354761907
53200000	53249999	0.3562794237571427	0.5222155795523808	-0.16593615579523813
53250000	53299999	0.3459294919238094	0.5222155795523808	-0.17628608762857145
53300000	53349999	0.33439665780952366	0.5222155795523808	-0.1878189217428572
53350000	53399999	0.3176389534095237	0.5222155795523808	-0.20457662614285715
53400000	53449999	0.3120884668238094	0.5222155795523808	-0.21012711272857143
53450000	53499999	0.30500660263333323	0.5222155795523808	-0.2172089769190476
53500000	53549999	0.30653202886666653	0.5222155795523808	-0.21568355068571432
53550000	53599999	0.2999718518095237	0.5222155795523808	-0.22224372774285717
53600000	53649999	0.30176794572380944	0.5222155795523808	-0.2204476338285714
53650000	53699999	0.30956354801428565	0.5222155795523808	-0.2126520315380952
53700000	53749999	0.3092032182714285	0.5222155795523808	-0.21301236128095236
53750000	53799999	0.3033105526666666	0.5222155795523808	-0.21890502688571423
53800000	53849999	0.30341306938095225	0.5222155795523808	-0.2188025101714286
53850000	53899999	0.29501136104761894	0.5222155795523808	-0.2272042185047619
53900000	53949999	0.29377256106190464	0.5222155795523808	-0.2284430184904762
53950000	53999999	0.29064029303809513	0.5222155795523808	-0.23157528651428572
54000000	54049999	0.2879694990142856	0.5222155795523808	-0.23424608053809526
54050000	54099999	0.2783901111904761	0.5222155795523808	-0.24382546836190477
54100000	54149999	0.2809682848190475	0.5222155795523808	-0.24124729473333334
54150000	54199999	0.26121760577619035	0.5222155795523808	-0.2609979737761905
54200000	54249999	0.25434033344761897	0.5222155795523808	-0.2678752461047619
54250000	54299999	0.23247338313333327	0.5222155795523808	-0.2897421964190476
54300000	54349999	0.22443290898571416	0.5222155795523808	-0.2977826705666667
54350000	54399999	0.22203305438571413	0.5222155795523808	-0.3001825251666667
54400000	54449999	0.23912728627619034	0.5222155795523808	-0.2830882932761905
54450000	54499999	0.2679741177809523	0.5222155795523808	-0.25424146177142853
54500000	54549999	0.2908471309761903	0.5222155795523808	-0.23136844857619054
54550000	54599999	0.30104742248095234	0.5222155795523808	-0.2211681570714285
54600000	54649999	0.31078299515238084	0.5222155795523808	-0.2114325844
54650000	54699999	0.3248478658142856	0.5222155795523808	-0.19736771373809525
54700000	54749999	0.3211924056142855	0.5222155795523808	-0.20102317393809532
54750000	54799999	0.32667435618095225	0.5222155795523808	-0.1955412233714286
54800000	54849999	0.3344990428095237	0.5222155795523808	-0.18771653674285715
54850000	54899999	0.33556414621428565	0.5222155795523808	-0.1866514333380952
54900000	54949999	0.35428704909999986	0.5222155795523808	-0.167928530452381
54950000	54999999	0.35924106242380943	0.5222155795523808	-0.16297451712857142
55000000	55049999	0.3707500097047618	0.5222155795523808	-0.15146556984761905
55050000	55099999	0.3991752935666666	0.5222155795523808	-0.12304028598571426
55100000	55149999	0.42061872236666653	0.5222155795523808	-0.10159685718571432
55150000	55199999	0.43372679384285706	0.5222155795523808	-0.08848878570952379
55200000	55249999	0.44651941061428563	0.5222155795523808	-0.07569616893809522
55250000	55299999	0.4552718830380951	0.5222155795523808	-0.06694369651428572
55300000	55349999	0.46316512146666655	0.5222155795523808	-0.0590504580857143
55350000	55399999	0.478024157895238	0.5222155795523808	-0.04419142165714285
55400000	55449999	0.4980562069142856	0.5222155795523808	-0.024159372638095256
55450000	55499999	0.5050729481238094	0.5222155795523808	-0.01714263142857142
55500000	55549999	0.4986289615904761	0.5222155795523808	-0.023586617961904754
55550000	55599999	0.5001890506047618	0.5222155795523808	-0.02202652894761903
55600000	55649999	0.5040653995571428	0.5222155795523808	-0.018150179995238047
55650000	55699999	0.5135990797666665	0.5222155795523808	-0.008616499785714327
55700000	55749999	0.5115923964047618	0.5222155795523808	-0.010623183147619009
55750000	55799999	0.5154609749714284	0.5222155795523808	-0.00675460458095245
55800000	55849999	0.5179377791142856	0.5222155795523808	-0.004277800438095225
55850000	55899999	0.5237641165095237	0.5222155795523808	0.0015485369571428542
55900000	55949999	0.5178304807095236	0.5222155795523808	-0.004385098842857205
55950000	55999999	0.5074312457809522	0.5222155795523808	-0.014784333771428626
56000000	56049999	0.5135377177380951	0.5222155795523808	-0.008677861814285759
56050000	56099999	0.5066064871666666	0.5222155795523808	-0.015609092385714285
56100000	56149999	0.49261434159047607	0.5222155795523808	-0.02960123796190478
56150000	56199999	0.491268434442857	0.5222155795523808	-0.030947145109523844
56200000	56249999	0.48619535729999985	0.5222155795523808	-0.036020222252380996
56250000	56299999	0.48701049265714275	0.5222155795523808	-0.0352050868952381
56300000	56349999	0.5059093930999998	0.5222155795523808	-0.016306186452381022
56350000	56399999	0.5231382495333332	0.5222155795523808	0.000922669980952362
56400000	56449999	0.5397497784333332	0.5222155795523808	0.017534198880952312
56450000	56499999	0.5401515910047617	0.5222155795523808	0.017936011452380884
56500000	56549999	0.5310410873999999	0.5222155795523808	0.00882550784761904
56550000	56599999	0.518580188590476	0.5222155795523808	-0.003635390961904794
56600000	56649999	0.5113571193523808	0.5222155795523808	-0.01085846020000003
56650000	56699999	0.5019050763666666	0.5222155795523808	-0.020310503185714257
56700000	56749999	0.4905011542333332	0.5222155795523808	-0.03171442531904767
56750000	56799999	0.48655807866666656	0.5222155795523808	-0.03565750088571429
56800000	56849999	0.4954811980476189	0.5222155795523808	-0.026734381504761928
56850000	56899999	0.49276621036190466	0.5222155795523808	-0.029449369190476193
56900000	56949999	0.4928568465476189	0.5222155795523808	-0.02935873300476194
56950000	56999999	0.5050319734285713	0.5222155795523808	-0.017183606123809536
57000000	57049999	0.522063004495238	0.5222155795523808	-0.00015257505714283415
57050000	57099999	0.532327034142857	0.5222155795523808	0.010111454590476132
57100000	57149999	0.5587837021999998	0.5222155795523808	0.036568122647618995
57150000	57199999	0.5630526473714285	0.5222155795523808	0.04083706781904761
57200000	57249999	0.5611770925285713	0.5222155795523808	0.03896151297619044
57250000	57299999	0.5553304712142856	0.5222155795523808	0.03311489166190473
57300000	57349999	0.5573618780809523	0.5222155795523808	0.03514629852857143
57350000	57399999	0.5446559449809523	0.5222155795523808	0.022440365428571418
57400000	57449999	0.5266349742809523	0.5222155795523808	0.004419394728571446
57450000	57499999	0.5027611434619046	0.5222155795523808	-0.019454436090476257
57500000	57549999	0.4826245034285713	0.5222155795523808	-0.03959107612380952
57550000	57599999	0.4777644137333332	0.5222155795523808	-0.04445116581904762
57600000	57649999	0.4694435915095237	0.5222155795523808	-0.052771988042857154
57650000	57699999	0.4613743236190475	0.5222155795523808	-0.06084125593333334
57700000	57749999	0.44591908732380936	0.5222155795523808	-0.07629649222857149
57750000	57799999	0.4393177252999999	0.5222155795523808	-0.08289785425238094
57800000	57849999	0.43763388135714276	0.5222155795523808	-0.08458169819523809
57850000	57899999	0.4268249662047618	0.5222155795523808	-0.09539061334761906
57900000	57949999	0.427203339542857	0.5222155795523808	-0.09501224000952385
57950000	57999999	0.457069280642857	0.5222155795523808	-0.06514629890952384
58000000	58049999	0.45734591586666656	0.5222155795523808	-0.06486966368571428
58050000	58099999	0.44400637354285705	0.5222155795523808	-0.0782092060095238
58100000	58149999	0.4288038988380951	0.5222155795523808	-0.09341168071428574
58150000	58199999	0.40184214055714274	0.5222155795523808	-0.12037343899523811
58200000	58249999	0.39110930097142843	0.5222155795523808	-0.13110627858095242
58250000	58299999	0.38218713481904754	0.5222155795523808	-0.1400284447333333
58300000	58349999	0.37485489518571413	0.5222155795523808	-0.14736068436666672
58350000	58399999	0.35654591914285705	0.5222155795523808	-0.1656696604095238
58400000	58449999	0.3427201698619047	0.5222155795523808	-0.17949540969047617
58450000	58499999	0.338401244095238	0.5222155795523808	-0.18381433545714287
58500000	58549999	0.33727226742380945	0.5222155795523808	-0.1849433121285714
58550000	58599999	0.33271844694285707	0.5222155795523808	-0.18949713260952378
58600000	58649999	0.321840855547619	0.5222155795523808	-0.20037472400476186
58650000	58699999	0.31417583785714276	0.5222155795523808	-0.2080397416952381
58700000	58749999	0.30184057642380946	0.5222155795523808	-0.2203750031285714
58750000	58799999	0.31244018832857134	0.5222155795523808	-0.2097753912238095
58800000	58849999	0.30197179817619035	0.5222155795523808	-0.2202437813761905
58850000	58899999	0.3002852001238094	0.5222155795523808	-0.22193037942857147
58900000	58949999	0.29253247934761895	0.5222155795523808	-0.2296831002047619
58950000	58999999	0.2862847330666666	0.5222155795523808	-0.23593084648571427
59000000	59049999	0.24439081459999995	0.5222155795523808	-0.2778247649523809
59050000	59099999	0.22988076900952376	0.5222155795523808	-0.2923348105428571
59100000	59149999	0.22141471588571415	0.5222155795523808	-0.3008008636666667
59150000	59199999	0.2163945846666666	0.5222155795523808	-0.30582099488571424
59200000	59249999	0.21123654322857133	0.5222155795523808	-0.3109790363238095
59250000	59299999	0.20676969286190466	0.5222155795523808	-0.3154458866904762
59300000	59349999	0.19637058045714273	0.5222155795523808	-0.3258449990952381
59350000	59399999	0.1939568252190475	0.5222155795523808	-0.32825875433333335
59400000	59449999	0.1982835388666666	0.5222155795523808	-0.32393204068571424
59450000	59499999	0.19870634164761897	0.5222155795523808	-0.3235092379047619
59500000	59549999	0.20078750469523798	0.5222155795523808	-0.32142807485714286
59550000	59599999	0.2024651300714284	0.5222155795523808	-0.31975044948095244
59600000	59649999	0.20655390770476179	0.5222155795523808	-0.31566167184761906
59650000	59699999	0.2071831038476189	0.5222155795523808	-0.31503247570476195
59700000	59749999	0.21279202167142847	0.5222155795523808	-0.3094235578809524
59750000	59799999	0.22067390080952365	0.5222155795523808	-0.3015416787428572
59800000	59849999	0.21044355550476174	0.5222155795523808	-0.3117720240476191
59850000	59899999	0.21087273636190462	0.5222155795523808	-0.3113428431904762
59900000	59949999	0.21534885499047607	0.5222155795523808	-0.3068667245619048
59950000	59999999	0.23464067502857128	0.5222155795523808	-0.28757490452380957
60000000	60049999	0.2322478259714285	0.5222155795523808	-0.28996775358095234
60050000	60099999	0.23675164393333326	0.5222155795523808	-0.2854639356190476
60100000	60149999	0.24588119756190469	0.5222155795523808	-0.27633438199047616
60150000	60199999	0.26033564722380936	0.5222155795523808	-0.2618799323285715
60200000	60249999	0.2739244165047618	0.5222155795523808	-0.24829116304761906
60250000	60299999	0.2869886545238094	0.5222155795523808	-0.23522692502857145
60300000	60349999	0.297306197942857	0.5222155795523808	-0.22490938160952384
60350000	60399999	0.3099274510285713	0.5222155795523808	-0.21228812852380957
60400000	60449999	0.3194074254714284	0.5222155795523808	-0.20280815408095243
60450000	60499999	0.33807933336190465	0.5222155795523808	-0.1841362461904762
60500000	60549999	0.35247485572380943	0.5222155795523808	-0.16974072382857142
60550000	60599999	0.34042342340476184	0.5222155795523808	-0.181792156147619
60600000	60649999	0.354554667895238	0.5222155795523808	-0.16766091165714286
60650000	60699999	0.36875266946190466	0.5222155795523808	-0.1534629100904762
60700000	60749999	0.39577267485714274	0.5222155795523808	-0.1264429046952381
60750000	60799999	0.3878927782238094	0.5222155795523808	-0.13432280132857144
60800000	60849999	0.4023998153142856	0.5222155795523808	-0.11981576423809526
60850000	60899999	0.42500555133809514	0.5222155795523808	-0.0972100282142857
60900000	60949999	0.44307731116190463	0.5222155795523808	-0.07913826839047622
60950000	60999999	0.4430568418285713	0.5222155795523808	-0.07915873772380955
61000000	61049999	0.4346667301142856	0.5222155795523808	-0.08754884943809527
61050000	61099999	0.4424937440857142	0.5222155795523808	-0.07972183546666667
61100000	61149999	0.4435523886380951	0.5222155795523808	-0.07866319091428575
61150000	61199999	0.44191908733333324	0.5222155795523808	-0.08029649221904761
61200000	61249999	0.43602178614761894	0.5222155795523808	-0.08619379340476191
61250000	61299999	0.4250940571666666	0.5222155795523808	-0.09712152238571425
61300000	61349999	0.42209017316190467	0.5222155795523808	-0.10012540639047618
61350000	61399999	0.4289108254619047	0.5222155795523808	-0.09330475409047617
61400000	61449999	0.4301881830095237	0.5222155795523808	-0.09202739654285713
61450000	61499999	0.4233382653190475	0.5222155795523808	-0.09887731423333335
61500000	61549999	0.4046439749904761	0.5222155795523808	-0.11757160456190474
61550000	61599999	0.3974829096142856	0.5222155795523808	-0.12473266993809523
61600000	61649999	0.4102240318761904	0.5222155795523808	-0.11199154767619046
61650000	61699999	0.4106488629428571	0.5222155795523808	-0.11156671660952378
61700000	61749999	0.39826650986190465	0.5222155795523808	-0.1239490696904762
61750000	61799999	0.37884099349523803	0.5222155795523808	-0.14337458605714282
61800000	61849999	0.3955607379999999	0.5222155795523808	-0.12665484155238094
61850000	61899999	0.3799966368380951	0.5222155795523808	-0.14221894271428576
61900000	61949999	0.36765056356666653	0.5222155795523808	-0.15456501598571432
61950000	61999999	0.36290641489523795	0.5222155795523808	-0.1593091646571429
62000000	62049999	0.3697504697190475	0.5222155795523808	-0.15246510983333333
62050000	62099999	0.3727677490666666	0.5222155795523808	-0.14944783048571425
62100000	62149999	0.3754518047190475	0.5222155795523808	-0.14676377483333336
62150000	62199999	0.38859056787619034	0.5222155795523808	-0.1336250116761905
62200000	62249999	0.40994424647142846	0.5222155795523808	-0.11227133308095238
62250000	62299999	0.398860034042857	0.5222155795523808	-0.12335554550952382
62300000	62349999	0.4004543232809523	0.5222155795523808	-0.12176125627142853
62350000	62399999	0.4004169989238094	0.5222155795523808	-0.12179858062857146
62400000	62449999	0.38987072924761895	0.5222155795523808	-0.1323448503047619
62450000	62499999	0.4003078514142856	0.5222155795523808	-0.12190772813809525
62500000	62549999	0.3676873934619046	0.5222155795523808	-0.15452818609047625
62550000	62599999	0.37451259388238084	0.5222155795523808	-0.14770298567
62600000	62649999	0.37448445296290717	0.5222155795523808	-0.14773112658947368
62650000	62699999	0.3769168705523808	0.5222155795523808	-0.14529870900000003
62700000	62749999	0.3612588985464985	0.5222155795523808	-0.16095668100588234
62750000	62799999	0.36275730978363085	0.5222155795523808	-0.15945826976875
62800000	62849999	0.36161197858571414	0.5222155795523808	-0.1606036009666667
62850000	62899999	0.3538390035238094	0.5222155795523808	-0.16837657602857142
62900000	62949999	0.36111042066776544	0.5222155795523808	-0.1611051588846154
62950000	62999999	0.36126248518571413	0.5222155795523808	-0.16095309436666672
63000000	63049999	0.3505908997160172	0.5222155795523808	-0.17162467983636365
