start	end	obs	exp	var
0	49999	0.5909233215666666	0.5909233215666666	0.0
50000	99999	0.5909233215666666	0.5909233215666666	0.0
100000	149999	0.5909233215666666	0.5909233215666666	0.0
150000	199999	0.5909233215666666	0.5909233215666666	0.0
200000	249999	0.5909233215666666	0.5909233215666666	0.0
250000	299999	0.5909233215666666	0.5909233215666666	0.0
300000	349999	0.5909233215666666	0.5909233215666666	0.0
350000	399999	0.5909233215666666	0.5909233215666666	0.0
400000	449999	0.5909233215666666	0.5909233215666666	0.0
450000	499999	0.5909233215666666	0.5909233215666666	0.0
500000	549999	0.5909233215666666	0.5909233215666666	0.0
550000	599999	0.5909233215666666	0.5909233215666666	0.0
600000	649999	0.5909233215666666	0.5909233215666666	0.0
650000	699999	0.5909233215666666	0.5909233215666666	0.0
700000	749999	0.5909233215666666	0.5909233215666666	0.0
750000	799999	0.5909233215666666	0.5909233215666666	0.0
800000	849999	0.5909233215666666	0.5909233215666666	0.0
850000	899999	0.5909233215666666	0.5909233215666666	0.0
900000	949999	0.5909233215666666	0.5909233215666666	0.0
950000	999999	0.5909233215666666	0.5909233215666666	0.0
1000000	1049999	0.5909233215666666	0.5909233215666666	0.0
1050000	1099999	0.5909233215666666	0.5909233215666666	0.0
1100000	1149999	0.5909233215666666	0.5909233215666666	0.0
1150000	1199999	0.5909233215666666	0.5909233215666666	0.0
1200000	1249999	0.5909233215666666	0.5909233215666666	0.0
1250000	1299999	0.5909233215666666	0.5909233215666666	0.0
1300000	1349999	0.5909233215666666	0.5909233215666666	0.0
1350000	1399999	0.5909233215666666	0.5909233215666666	0.0
1400000	1449999	0.5909233215666666	0.5909233215666666	0.0
1450000	1499999	0.5909233215666666	0.5909233215666666	0.0
1500000	1549999	0.5909233215666666	0.5909233215666666	0.0
1550000	1599999	0.5909233215666666	0.5909233215666666	0.0
1600000	1649999	0.5909233215666666	0.5909233215666666	0.0
1650000	1699999	0.5909233215666666	0.5909233215666666	0.0
1700000	1749999	0.5909233215666666	0.5909233215666666	0.0
1750000	1799999	0.5909233215666666	0.5909233215666666	0.0
1800000	1849999	0.5909233215666666	0.5909233215666666	0.0
1850000	1899999	0.5909233215666666	0.5909233215666666	0.0
1900000	1949999	0.5909233215666666	0.5909233215666666	0.0
1950000	1999999	0.5909233215666666	0.5909233215666666	0.0
2000000	2049999	0.5909233215666666	0.5909233215666666	0.0
2050000	2099999	0.5909233215666666	0.5909233215666666	0.0
2100000	2149999	0.5909233215666666	0.5909233215666666	0.0
2150000	2199999	0.5909233215666666	0.5909233215666666	0.0
2200000	2249999	0.5909233215666666	0.5909233215666666	0.0
2250000	2299999	0.5909233215666666	0.5909233215666666	0.0
2300000	2349999	0.5909233215666666	0.5909233215666666	0.0
2350000	2399999	0.5909233215666666	0.5909233215666666	0.0
2400000	2449999	0.5909233215666666	0.5909233215666666	0.0
2450000	2499999	0.5909233215666666	0.5909233215666666	0.0
2500000	2549999	0.5909233215666666	0.5909233215666666	0.0
2550000	2599999	0.5909233215666666	0.5909233215666666	0.0
2600000	2649999	0.5909233215666666	0.5909233215666666	0.0
2650000	2699999	0.5909233215666666	0.5909233215666666	0.0
2700000	2749999	0.5909233215666666	0.5909233215666666	0.0
2750000	2799999	0.5909233215666666	0.5909233215666666	0.0
2800000	2849999	0.5909233215666666	0.5909233215666666	0.0
2850000	2899999	0.5909233215666666	0.5909233215666666	0.0
2900000	2949999	0.5909233215666666	0.5909233215666666	0.0
2950000	2999999	0.5909233215666666	0.5909233215666666	0.0
3000000	3049999	0.5909233215666666	0.5909233215666666	0.0
3050000	3099999	0.5909233215666666	0.5909233215666666	0.0
3100000	3149999	0.5909233215666666	0.5909233215666666	0.0
3150000	3199999	0.5909233215666666	0.5909233215666666	0.0
3200000	3249999	0.5909233215666666	0.5909233215666666	0.0
3250000	3299999	0.5909233215666666	0.5909233215666666	0.0
3300000	3349999	0.5909233215666666	0.5909233215666666	0.0
3350000	3399999	0.5909233215666666	0.5909233215666666	0.0
3400000	3449999	0.5909233215666666	0.5909233215666666	0.0
3450000	3499999	0.5909233215666666	0.5909233215666666	0.0
3500000	3549999	0.5909233215666666	0.5909233215666666	0.0
3550000	3599999	0.5909233215666666	0.5909233215666666	0.0
3600000	3649999	0.5909233215666666	0.5909233215666666	0.0
3650000	3699999	0.5909233215666666	0.5909233215666666	0.0
3700000	3749999	0.5909233215666666	0.5909233215666666	0.0
3750000	3799999	0.5909233215666666	0.5909233215666666	0.0
3800000	3849999	0.5909233215666666	0.5909233215666666	0.0
3850000	3899999	0.5909233215666666	0.5909233215666666	0.0
3900000	3949999	0.5909233215666666	0.5909233215666666	0.0
3950000	3999999	0.5909233215666666	0.5909233215666666	0.0
4000000	4049999	0.5909233215666666	0.5909233215666666	0.0
4050000	4099999	0.5909233215666666	0.5909233215666666	0.0
4100000	4149999	0.5909233215666666	0.5909233215666666	0.0
4150000	4199999	0.5909233215666666	0.5909233215666666	0.0
4200000	4249999	0.5909233215666666	0.5909233215666666	0.0
4250000	4299999	0.5909233215666666	0.5909233215666666	0.0
4300000	4349999	0.5909233215666666	0.5909233215666666	0.0
4350000	4399999	0.5909233215666666	0.5909233215666666	0.0
4400000	4449999	0.5909233215666666	0.5909233215666666	0.0
4450000	4499999	0.5909233215666666	0.5909233215666666	0.0
4500000	4549999	0.5909233215666666	0.5909233215666666	0.0
4550000	4599999	0.5909233215666666	0.5909233215666666	0.0
4600000	4649999	0.5909233215666666	0.5909233215666666	0.0
4650000	4699999	0.5909233215666666	0.5909233215666666	0.0
4700000	4749999	0.5909233215666666	0.5909233215666666	0.0
4750000	4799999	0.5909233215666666	0.5909233215666666	0.0
4800000	4849999	0.5909233215666666	0.5909233215666666	0.0
4850000	4899999	0.5909233215666666	0.5909233215666666	0.0
4900000	4949999	0.5909233215666666	0.5909233215666666	0.0
4950000	4999999	0.5909233215666666	0.5909233215666666	0.0
5000000	5049999	0.5909233215666666	0.5909233215666666	0.0
5050000	5099999	0.5909233215666666	0.5909233215666666	0.0
5100000	5149999	0.5909233215666666	0.5909233215666666	0.0
5150000	5199999	0.5909233215666666	0.5909233215666666	0.0
5200000	5249999	0.5909233215666666	0.5909233215666666	0.0
5250000	5299999	0.5909233215666666	0.5909233215666666	0.0
5300000	5349999	0.5909233215666666	0.5909233215666666	0.0
5350000	5399999	0.5909233215666666	0.5909233215666666	0.0
5400000	5449999	0.5909233215666666	0.5909233215666666	0.0
5450000	5499999	0.5909233215666666	0.5909233215666666	0.0
5500000	5549999	0.5909233215666666	0.5909233215666666	0.0
5550000	5599999	0.5909233215666666	0.5909233215666666	0.0
5600000	5649999	0.5909233215666666	0.5909233215666666	0.0
5650000	5699999	0.5909233215666666	0.5909233215666666	0.0
5700000	5749999	0.5909233215666666	0.5909233215666666	0.0
5750000	5799999	0.5909233215666666	0.5909233215666666	0.0
5800000	5849999	0.5909233215666666	0.5909233215666666	0.0
5850000	5899999	0.5909233215666666	0.5909233215666666	0.0
5900000	5949999	0.5909233215666666	0.5909233215666666	0.0
5950000	5999999	0.5909233215666666	0.5909233215666666	0.0
6000000	6049999	0.5909233215666666	0.5909233215666666	0.0
6050000	6099999	0.5909233215666666	0.5909233215666666	0.0
6100000	6149999	0.5909233215666666	0.5909233215666666	0.0
6150000	6199999	0.5909233215666666	0.5909233215666666	0.0
6200000	6249999	0.5909233215666666	0.5909233215666666	0.0
6250000	6299999	0.5909233215666666	0.5909233215666666	0.0
6300000	6349999	0.5909233215666666	0.5909233215666666	0.0
6350000	6399999	0.5909233215666666	0.5909233215666666	0.0
6400000	6449999	0.5909233215666666	0.5909233215666666	0.0
6450000	6499999	0.5909233215666666	0.5909233215666666	0.0
6500000	6549999	0.5909233215666666	0.5909233215666666	0.0
6550000	6599999	0.5909233215666666	0.5909233215666666	0.0
6600000	6649999	0.5909233215666666	0.5909233215666666	0.0
6650000	6699999	0.5909233215666666	0.5909233215666666	0.0
6700000	6749999	0.5909233215666666	0.5909233215666666	0.0
6750000	6799999	0.5909233215666666	0.5909233215666666	0.0
6800000	6849999	0.5909233215666666	0.5909233215666666	0.0
6850000	6899999	0.5909233215666666	0.5909233215666666	0.0
6900000	6949999	0.5909233215666666	0.5909233215666666	0.0
6950000	6999999	0.5909233215666666	0.5909233215666666	0.0
7000000	7049999	0.5909233215666666	0.5909233215666666	0.0
7050000	7099999	0.5909233215666666	0.5909233215666666	0.0
7100000	7149999	0.5909233215666666	0.5909233215666666	0.0
7150000	7199999	0.5909233215666666	0.5909233215666666	0.0
7200000	7249999	0.5909233215666666	0.5909233215666666	0.0
7250000	7299999	0.5909233215666666	0.5909233215666666	0.0
7300000	7349999	0.5909233215666666	0.5909233215666666	0.0
7350000	7399999	0.5909233215666666	0.5909233215666666	0.0
7400000	7449999	0.5909233215666666	0.5909233215666666	0.0
7450000	7499999	0.5909233215666666	0.5909233215666666	0.0
7500000	7549999	0.5909233215666666	0.5909233215666666	0.0
7550000	7599999	0.5909233215666666	0.5909233215666666	0.0
7600000	7649999	0.5909233215666666	0.5909233215666666	0.0
7650000	7699999	0.5909233215666666	0.5909233215666666	0.0
7700000	7749999	0.5909233215666666	0.5909233215666666	0.0
7750000	7799999	0.5909233215666666	0.5909233215666666	0.0
7800000	7849999	0.5909233215666666	0.5909233215666666	0.0
7850000	7899999	0.5909233215666666	0.5909233215666666	0.0
7900000	7949999	0.5909233215666666	0.5909233215666666	0.0
7950000	7999999	0.5909233215666666	0.5909233215666666	0.0
8000000	8049999	0.5909233215666666	0.5909233215666666	0.0
8050000	8099999	0.5909233215666666	0.5909233215666666	0.0
8100000	8149999	0.5909233215666666	0.5909233215666666	0.0
8150000	8199999	0.5909233215666666	0.5909233215666666	0.0
8200000	8249999	0.5909233215666666	0.5909233215666666	0.0
8250000	8299999	0.5909233215666666	0.5909233215666666	0.0
8300000	8349999	0.5909233215666666	0.5909233215666666	0.0
8350000	8399999	0.5909233215666666	0.5909233215666666	0.0
8400000	8449999	0.5909233215666666	0.5909233215666666	0.0
8450000	8499999	0.5909233215666666	0.5909233215666666	0.0
8500000	8549999	0.5909233215666666	0.5909233215666666	0.0
8550000	8599999	0.5909233215666666	0.5909233215666666	0.0
8600000	8649999	0.5909233215666666	0.5909233215666666	0.0
8650000	8699999	0.5909233215666666	0.5909233215666666	0.0
8700000	8749999	0.5909233215666666	0.5909233215666666	0.0
8750000	8799999	0.5909233215666666	0.5909233215666666	0.0
8800000	8849999	0.5909233215666666	0.5909233215666666	0.0
8850000	8899999	0.5909233215666666	0.5909233215666666	0.0
8900000	8949999	0.5909233215666666	0.5909233215666666	0.0
8950000	8999999	0.5909233215666666	0.5909233215666666	0.0
9000000	9049999	0.5909233215666666	0.5909233215666666	0.0
9050000	9099999	0.5909233215666666	0.5909233215666666	0.0
9100000	9149999	0.5909233215666666	0.5909233215666666	0.0
9150000	9199999	0.5909233215666666	0.5909233215666666	0.0
9200000	9249999	0.5909233215666666	0.5909233215666666	0.0
9250000	9299999	0.5909233215666666	0.5909233215666666	0.0
9300000	9349999	0.5909233215666666	0.5909233215666666	0.0
9350000	9399999	0.5909233215666666	0.5909233215666666	0.0
9400000	9449999	0.5909233215666666	0.5909233215666666	0.0
9450000	9499999	0.5909233215666666	0.5909233215666666	0.0
9500000	9549999	0.5909233215666666	0.5909233215666666	0.0
9550000	9599999	0.5909233215666666	0.5909233215666666	0.0
9600000	9649999	0.5909233215666666	0.5909233215666666	0.0
9650000	9699999	0.5909233215666666	0.5909233215666666	0.0
9700000	9749999	0.5909233215666666	0.5909233215666666	0.0
9750000	9799999	0.5909233215666666	0.5909233215666666	0.0
9800000	9849999	0.5909233215666666	0.5909233215666666	0.0
9850000	9899999	0.5909233215666666	0.5909233215666666	0.0
9900000	9949999	0.5909233215666666	0.5909233215666666	0.0
9950000	9999999	0.5909233215666666	0.5909233215666666	0.0
10000000	10049999	0.5909233215666666	0.5909233215666666	0.0
10050000	10099999	0.5909233215666666	0.5909233215666666	0.0
10100000	10149999	0.5909233215666666	0.5909233215666666	0.0
10150000	10199999	0.5909233215666666	0.5909233215666666	0.0
10200000	10249999	0.5909233215666666	0.5909233215666666	0.0
10250000	10299999	0.5909233215666666	0.5909233215666666	0.0
10300000	10349999	0.5909233215666666	0.5909233215666666	0.0
10350000	10399999	0.5909233215666666	0.5909233215666666	0.0
10400000	10449999	0.5909233215666666	0.5909233215666666	0.0
10450000	10499999	0.5909233215666666	0.5909233215666666	0.0
10500000	10549999	0.5909233215666666	0.5909233215666666	0.0
10550000	10599999	0.5909233215666666	0.5909233215666666	0.0
10600000	10649999	0.5909233215666666	0.5909233215666666	0.0
10650000	10699999	0.5909233215666666	0.5909233215666666	0.0
10700000	10749999	0.5909233215666666	0.5909233215666666	0.0
10750000	10799999	0.5909233215666666	0.5909233215666666	0.0
10800000	10849999	0.5909233215666666	0.5909233215666666	0.0
10850000	10899999	0.5909233215666666	0.5909233215666666	0.0
10900000	10949999	0.5909233215666666	0.5909233215666666	0.0
10950000	10999999	0.5909233215666666	0.5909233215666666	0.0
11000000	11049999	0.5909233215666666	0.5909233215666666	0.0
11050000	11099999	0.5909233215666666	0.5909233215666666	0.0
11100000	11149999	0.5909233215666666	0.5909233215666666	0.0
11150000	11199999	0.5909233215666666	0.5909233215666666	0.0
11200000	11249999	0.5909233215666666	0.5909233215666666	0.0
11250000	11299999	0.5909233215666666	0.5909233215666666	0.0
11300000	11349999	0.5909233215666666	0.5909233215666666	0.0
11350000	11399999	0.5909233215666666	0.5909233215666666	0.0
11400000	11449999	0.5909233215666666	0.5909233215666666	0.0
11450000	11499999	0.5909233215666666	0.5909233215666666	0.0
11500000	11549999	0.5909233215666666	0.5909233215666666	0.0
11550000	11599999	0.5909233215666666	0.5909233215666666	0.0
11600000	11649999	0.5909233215666666	0.5909233215666666	0.0
11650000	11699999	0.5909233215666666	0.5909233215666666	0.0
11700000	11749999	0.5909233215666666	0.5909233215666666	0.0
11750000	11799999	0.5909233215666666	0.5909233215666666	0.0
11800000	11849999	0.5909233215666666	0.5909233215666666	0.0
11850000	11899999	0.5909233215666666	0.5909233215666666	0.0
11900000	11949999	0.5909233215666666	0.5909233215666666	0.0
11950000	11999999	0.5909233215666666	0.5909233215666666	0.0
12000000	12049999	0.5909233215666666	0.5909233215666666	0.0
12050000	12099999	0.5909233215666666	0.5909233215666666	0.0
12100000	12149999	0.5909233215666666	0.5909233215666666	0.0
12150000	12199999	0.5909233215666666	0.5909233215666666	0.0
12200000	12249999	0.5909233215666666	0.5909233215666666	0.0
12250000	12299999	0.5909233215666666	0.5909233215666666	0.0
12300000	12349999	0.5909233215666666	0.5909233215666666	0.0
12350000	12399999	0.5909233215666666	0.5909233215666666	0.0
12400000	12449999	0.5909233215666666	0.5909233215666666	0.0
12450000	12499999	0.5909233215666666	0.5909233215666666	0.0
12500000	12549999	0.5909233215666666	0.5909233215666666	0.0
12550000	12599999	0.5909233215666666	0.5909233215666666	0.0
12600000	12649999	0.5909233215666666	0.5909233215666666	0.0
12650000	12699999	0.5909233215666666	0.5909233215666666	0.0
12700000	12749999	0.5909233215666666	0.5909233215666666	0.0
12750000	12799999	0.5909233215666666	0.5909233215666666	0.0
12800000	12849999	0.5909233215666666	0.5909233215666666	0.0
12850000	12899999	0.5909233215666666	0.5909233215666666	0.0
12900000	12949999	0.5909233215666666	0.5909233215666666	0.0
12950000	12999999	0.5909233215666666	0.5909233215666666	0.0
13000000	13049999	0.5909233215666666	0.5909233215666666	0.0
13050000	13099999	0.5909233215666666	0.5909233215666666	0.0
13100000	13149999	0.5909233215666666	0.5909233215666666	0.0
13150000	13199999	0.5909233215666666	0.5909233215666666	0.0
13200000	13249999	0.5909233215666666	0.5909233215666666	0.0
13250000	13299999	0.5909233215666666	0.5909233215666666	0.0
13300000	13349999	0.5909233215666666	0.5909233215666666	0.0
13350000	13399999	0.5909233215666666	0.5909233215666666	0.0
13400000	13449999	0.5909233215666666	0.5909233215666666	0.0
13450000	13499999	0.5909233215666666	0.5909233215666666	0.0
13500000	13549999	0.5909233215666666	0.5909233215666666	0.0
13550000	13599999	0.5909233215666666	0.5909233215666666	0.0
13600000	13649999	0.5909233215666666	0.5909233215666666	0.0
13650000	13699999	0.5909233215666666	0.5909233215666666	0.0
13700000	13749999	0.5909233215666666	0.5909233215666666	0.0
13750000	13799999	0.5909233215666666	0.5909233215666666	0.0
13800000	13849999	0.5909233215666666	0.5909233215666666	0.0
13850000	13899999	0.5909233215666666	0.5909233215666666	0.0
13900000	13949999	0.5909233215666666	0.5909233215666666	0.0
13950000	13999999	0.5909233215666666	0.5909233215666666	0.0
14000000	14049999	0.5909233215666666	0.5909233215666666	0.0
14050000	14099999	0.5909233215666666	0.5909233215666666	0.0
14100000	14149999	0.5909233215666666	0.5909233215666666	0.0
14150000	14199999	0.5909233215666666	0.5909233215666666	0.0
14200000	14249999	0.5909233215666666	0.5909233215666666	0.0
14250000	14299999	0.5909233215666666	0.5909233215666666	0.0
14300000	14349999	0.5909233215666666	0.5909233215666666	0.0
14350000	14399999	0.5909233215666666	0.5909233215666666	0.0
14400000	14449999	0.5909233215666666	0.5909233215666666	0.0
14450000	14499999	0.5909233215666666	0.5909233215666666	0.0
14500000	14549999	0.5909233215666666	0.5909233215666666	0.0
14550000	14599999	0.5909233215666666	0.5909233215666666	0.0
14600000	14649999	0.5909233215666666	0.5909233215666666	0.0
14650000	14699999	0.5909233215666666	0.5909233215666666	0.0
14700000	14749999	0.5909233215666666	0.5909233215666666	0.0
14750000	14799999	0.5909233215666666	0.5909233215666666	0.0
14800000	14849999	0.5909233215666666	0.5909233215666666	0.0
14850000	14899999	0.5909233215666666	0.5909233215666666	0.0
14900000	14949999	0.5909233215666666	0.5909233215666666	0.0
14950000	14999999	0.5909233215666666	0.5909233215666666	0.0
15000000	15049999	0.5909233215666666	0.5909233215666666	0.0
15050000	15099999	0.5909233215666666	0.5909233215666666	0.0
15100000	15149999	0.5909233215666666	0.5909233215666666	0.0
15150000	15199999	0.5909233215666666	0.5909233215666666	0.0
15200000	15249999	0.5909233215666666	0.5909233215666666	0.0
15250000	15299999	0.5909233215666666	0.5909233215666666	0.0
15300000	15349999	0.5909233215666666	0.5909233215666666	0.0
15350000	15399999	0.5909233215666666	0.5909233215666666	0.0
15400000	15449999	0.5909233215666666	0.5909233215666666	0.0
15450000	15499999	0.5909233215666666	0.5909233215666666	0.0
15500000	15549999	0.5909233215666666	0.5909233215666666	0.0
15550000	15599999	0.5604252450857142	0.5909233215666666	-0.030498076480952374
15600000	15649999	0.5612201176523809	0.5909233215666666	-0.029703203914285714
15650000	15699999	0.5313568411857142	0.5909233215666666	-0.05956648038095236
15700000	15749999	0.5023035068285714	0.5909233215666666	-0.08861981473809522
15750000	15799999	0.4820657358809523	0.5909233215666666	-0.1088575856857143
15800000	15849999	0.45448101705714283	0.5909233215666666	-0.13644230450952377
15850000	15899999	0.437973621947619	0.5909233215666666	-0.15294969961904759
15900000	15949999	0.4197268418238095	0.5909233215666666	-0.17119647974285712
15950000	15999999	0.3839036270904761	0.5909233215666666	-0.2070196944761905
16000000	16049999	0.33935723720476185	0.5909233215666666	-0.25156608436190475
16050000	16099999	0.29407695347142854	0.5909233215666666	-0.29684636809523807
16100000	16149999	0.25249814517619046	0.5909233215666666	-0.33842517639047615
16150000	16199999	0.22208309269047616	0.5909233215666666	-0.36884022887619045
16200000	16249999	0.22208309269047616	0.5909233215666666	-0.36884022887619045
16250000	16299999	0.2220830926904761	0.5909233215666666	-0.3688402288761905
16300000	16349999	0.23360593064761898	0.5909233215666666	-0.35731739091904763
16350000	16399999	0.36333675209047617	0.5909233215666666	-0.22758656947619044
16400000	16449999	0.7874791331047619	0.5909233215666666	0.19655581153809532
16450000	16499999	0.8444358940428571	0.5909233215666666	0.2535125724761905
16500000	16549999	0.9544465980714285	0.5909233215666666	0.3635232765047619
16550000	16599999	1.0951866333380953	0.5909233215666666	0.5042633117714287
16600000	16649999	1.3128626358904762	0.5909233215666666	0.7219393143238096
16650000	16699999	1.3141030298047618	0.5909233215666666	0.7231797082380952
16700000	16749999	1.4705775219142856	0.5909233215666666	0.879654200347619
16750000	16799999	1.5471216502047618	0.5909233215666666	0.9561983286380952
16800000	16849999	1.563390671404762	0.5909233215666666	0.9724673498380955
16850000	16899999	1.6324746938380952	0.5909233215666666	1.0415513722714285
16900000	16949999	1.6429400700809524	0.5909233215666666	1.0520167485142857
16950000	16999999	1.6598243735238096	0.5909233215666666	1.068901051957143
17000000	17049999	1.7064194673	0.5909233215666666	1.1154961457333332
17050000	17099999	1.7538033510190476	0.5909233215666666	1.162880029452381
17100000	17149999	1.7942189081809525	0.5909233215666666	1.2032955866142858
17150000	17199999	1.8428827873666664	0.5909233215666666	1.2519594657999997
17200000	17249999	1.8748479773285713	0.5909233215666666	1.2839246557619046
17250000	17299999	1.8757122897333334	0.5909233215666666	1.2847889681666667
17300000	17349999	1.8810299884095238	0.5909233215666666	1.2901066668428571
17350000	17399999	1.8744085917190478	0.5909233215666666	1.2834852701523811
17400000	17449999	1.7525867952714287	0.5909233215666666	1.161663473704762
17450000	17499999	1.3419979514571427	0.5909233215666666	0.7510746298904761
17500000	17549999	1.3009228402666664	0.5909233215666666	0.7099995186999998
17550000	17599999	1.2008295836809522	0.5909233215666666	0.6099062621142856
17600000	17649999	1.0842537345142855	0.5909233215666666	0.4933304129476189
17650000	17699999	0.9245086913761904	0.5909233215666666	0.3335853698095238
17700000	17749999	0.9321360246952382	0.5909233215666666	0.34121270312857155
17750000	17799999	0.8171490226095237	0.5909233215666666	0.2262257010428571
17800000	17849999	0.784685637647619	0.5909233215666666	0.1937623160809524
17850000	17899999	0.8001397977285714	0.5909233215666666	0.20921647616190475
17900000	17949999	0.7775483817095237	0.5909233215666666	0.18662506014285707
17950000	17999999	0.7957954694428571	0.5909233215666666	0.20487214787619046
18000000	18049999	0.8132734898857142	0.5909233215666666	0.22235016831904764
18050000	18099999	0.8106740502952381	0.5909233215666666	0.2197507287285715
18100000	18149999	0.8091330212380952	0.5909233215666666	0.21820969967142856
18150000	18199999	0.810453464495238	0.5909233215666666	0.21953014292857143
18200000	18249999	0.7823733661904761	0.5909233215666666	0.19145004462380955
18250000	18299999	0.7568507543476191	0.5909233215666666	0.16592743278095246
18300000	18349999	0.7699058938428571	0.5909233215666666	0.17898257227619052
18350000	18399999	0.7695378000523809	0.5909233215666666	0.17861447848571432
18400000	18449999	0.7640690245238095	0.5909233215666666	0.17314570295714293
18450000	18499999	0.8354095151571428	0.5909233215666666	0.2444861935904762
18500000	18549999	0.9017747535857142	0.5909233215666666	0.31085143201904764
18550000	18599999	0.9926556388999999	0.5909233215666666	0.40173231733333326
18600000	18649999	1.0976593531571428	0.5909233215666666	0.5067360315904762
18650000	18699999	1.210706146752381	0.5909233215666666	0.6197828251857144
18700000	18749999	1.3170138156285713	0.5909233215666666	0.7260904940619047
18750000	18799999	1.468570237290476	0.5909233215666666	0.8776469157238095
18800000	18849999	1.6053428328142854	0.5909233215666666	1.0144195112476186
18850000	18899999	1.7306651429619047	0.5909233215666666	1.139741821395238
18900000	18949999	1.8532825967619049	0.5909233215666666	1.2623592751952382
18950000	18999999	1.9455240619142855	0.5909233215666666	1.3546007403476188
19000000	19049999	2.025862763147619	0.5909233215666666	1.4349394415809522
19050000	19099999	2.124589427185714	0.5909233215666666	1.5336661056190475
19100000	19149999	2.259620778409524	0.5909233215666666	1.6686974568428572
19150000	19199999	2.4098615940285715	0.5909233215666666	1.8189382724619048
19200000	19249999	2.607808334314286	0.5909233215666666	2.016885012747619
19250000	19299999	2.785085268285714	0.5909233215666666	2.1941619467190474
19300000	19349999	2.937598584147619	0.5909233215666666	2.3466752625809524
19350000	19399999	3.0520585542666665	0.5909233215666666	2.4611352327
19400000	19449999	3.1815804282428575	0.5909233215666666	2.5906571066761908
19450000	19499999	3.308243407004762	0.5909233215666666	2.7173200854380952
19500000	19549999	3.3691187441428574	0.5909233215666666	2.7781954225761907
19550000	19599999	3.3924096714619045	0.5909233215666666	2.801486349895238
19600000	19649999	3.4324081077714284	0.5909233215666666	2.8414847862047616
19650000	19699999	3.426736849861905	0.5909233215666666	2.835813528295238
19700000	19749999	3.4380144650095237	0.5909233215666666	2.847091143442857
19750000	19799999	3.4039572234666666	0.5909233215666666	2.8130339019
19800000	19849999	3.3399905415761904	0.5909233215666666	2.7490672200095236
19850000	19899999	3.1667499130476195	0.5909233215666666	2.575826591480953
19900000	19949999	3.001252649890476	0.5909233215666666	2.4103293283238094
19950000	19999999	2.8411675682523807	0.5909233215666666	2.250244246685714
20000000	20049999	2.6881015975761904	0.5909233215666666	2.0971782760095237
20050000	20099999	2.5955578274761906	0.5909233215666666	2.004634505909524
20100000	20149999	2.450695987890476	0.5909233215666666	1.8597726663238094
20150000	20199999	2.2813006198523804	0.5909233215666666	1.6903772982857137
20200000	20249999	2.2388217871095235	0.5909233215666666	1.6478984655428568
20250000	20299999	2.1704899989714286	0.5909233215666666	1.5795666774047619
20300000	20349999	2.1760616542714284	0.5909233215666666	1.5851383327047617
20350000	20399999	2.1871000753666667	0.5909233215666666	1.5961767538
20400000	20449999	2.197020124447619	0.5909233215666666	1.6060968028809524
20450000	20499999	2.1899716145761903	0.5909233215666666	1.5990482930095236
20500000	20549999	2.190322237719047	0.5909233215666666	1.5993989161523805
20550000	20599999	2.173096009233333	0.5909233215666666	1.5821726876666662
20600000	20649999	2.1980476307571424	0.5909233215666666	1.6071243091904757
20650000	20699999	2.212958291042857	0.5909233215666666	1.6220349694761902
20700000	20749999	2.2519971913809522	0.5909233215666666	1.6610738698142855
20750000	20799999	2.2787423320619045	0.5909233215666666	1.6878190104952377
20800000	20849999	2.340288400809524	0.5909233215666666	1.7493650792428572
20850000	20899999	2.3818412431238096	0.5909233215666666	1.790917921557143
20900000	20949999	2.5252577498761903	0.5909233215666666	1.9343344283095236
20950000	20999999	2.597254365119048	0.5909233215666666	2.006331043552381
21000000	21049999	2.619228947909524	0.5909233215666666	2.028305626342857
21050000	21099999	2.7105233961809523	0.5909233215666666	2.1196000746142856
21100000	21149999	2.7392784828714283	0.5909233215666666	2.1483551613047616
21150000	21199999	2.761544015104762	0.5909233215666666	2.1706206935380954
21200000	21249999	2.7749973323285717	0.5909233215666666	2.184074010761905
21250000	21299999	2.6740874934285714	0.5909233215666666	2.0831641718619047
21300000	21349999	2.575864345204762	0.5909233215666666	1.984941023638095
21350000	21399999	2.3916863778190476	0.5909233215666666	1.8007630562523809
21400000	21449999	2.398334182095238	0.5909233215666666	1.8074108605285715
21450000	21499999	2.4193795862190477	0.5909233215666666	1.828456264652381
21500000	21549999	2.4636747907380956	0.5909233215666666	1.8727514691714289
21550000	21599999	2.5042511738285715	0.5909233215666666	1.9133278522619048
21600000	21649999	2.574390106295238	0.5909233215666666	1.9834667847285714
21650000	21699999	2.7035117718476194	0.5909233215666666	2.1125884502809527
21700000	21749999	2.723935897852381	0.5909233215666666	2.133012576285714
21750000	21799999	2.748183279447619	0.5909233215666666	2.157259957880952
21800000	21849999	2.7375106361095236	0.5909233215666666	2.146587314542857
21850000	21899999	2.8242929474476193	0.5909233215666666	2.2333696258809526
21900000	21949999	2.8940174620809525	0.5909233215666666	2.3030941405142857
21950000	21999999	2.9266219374619045	0.5909233215666666	2.3356986158952378
22000000	22049999	3.0841610285142855	0.5909233215666666	2.493237706947619
22050000	22099999	3.231424835490476	0.5909233215666666	2.6405015139238093
22100000	22149999	3.418313441219047	0.5909233215666666	2.8273901196523803
22150000	22199999	3.509451235771428	0.5909233215666666	2.9185279142047613
22200000	22249999	3.6878559592095232	0.5909233215666666	3.0969326376428565
22250000	22299999	3.867245483995238	0.5909233215666666	3.2763221624285714
22300000	22349999	4.073508258671429	0.5909233215666666	3.482584937104762
22350000	22399999	4.271863259633333	0.5909233215666666	3.6809399380666665
22400000	22449999	4.5531686467476185	0.5909233215666666	3.9622453251809517
22450000	22499999	4.6363297400476196	0.5909233215666666	4.045406418480953
22500000	22549999	4.7216569574	0.5909233215666666	4.130733635833333
22550000	22599999	4.831124011790476	0.5909233215666666	4.240200690223809
22600000	22649999	4.957855778257143	0.5909233215666666	4.366932456690476
22650000	22699999	5.103970949204761	0.5909233215666666	4.513047627638095
22700000	22749999	5.085127673061904	0.5909233215666666	4.494204351495237
22750000	22799999	5.1879550051428565	0.5909233215666666	4.59703168357619
22800000	22849999	5.38715123214762	0.5909233215666666	4.796227910580953
22850000	22899999	5.49540252364762	0.5909233215666666	4.904479202080953
22900000	22949999	5.497252754195238	0.5909233215666666	4.906329432628572
22950000	22999999	5.569463744257143	0.5909233215666666	4.978540422690476
23000000	23049999	5.727897189757143	0.5909233215666666	5.136973868190476
23050000	23099999	5.855438896814285	0.5909233215666666	5.264515575247619
23100000	23149999	5.896794033838096	0.5909233215666666	5.305870712271429
23150000	23199999	5.650047741804761	0.5909233215666666	5.059124420238095
23200000	23249999	5.506103558033333	0.5909233215666666	4.915180236466666
23250000	23299999	5.32113500677619	0.5909233215666666	4.7302116852095235
23300000	23349999	5.136781920571429	0.5909233215666666	4.545858599004762
23350000	23399999	4.90892785762381	0.5909233215666666	4.318004536057143
23400000	23449999	4.667317549404762	0.5909233215666666	4.076394227838096
23450000	23499999	4.393679606990476	0.5909233215666666	3.8027562854238095
23500000	23549999	4.1488178825	0.5909233215666666	3.5578945609333337
23550000	23599999	3.893855077071429	0.5909233215666666	3.3029317555047624
23600000	23649999	3.5995758393857145	0.5909233215666666	3.0086525178190477
23650000	23699999	3.290009920104762	0.5909233215666666	2.6990865985380954
23700000	23749999	2.9383918708428567	0.5909233215666666	2.34746854927619
23750000	23799999	2.675521119890476	0.5909233215666666	2.0845977983238093
23800000	23849999	2.3596649397619047	0.5909233215666666	1.768741618195238
23850000	23899999	1.9769996584523812	0.5909233215666666	1.3860763368857145
23900000	23949999	1.6873003947238097	0.5909233215666666	1.096377073157143
23950000	23999999	1.4203554156190474	0.5909233215666666	0.8294320940523808
24000000	24049999	1.128552563795238	0.5909233215666666	0.5376292422285714
24050000	24099999	0.7983712378047618	0.5909233215666666	0.20744791623809522
24100000	24149999	0.45496950813809517	0.5909233215666666	-0.13595381342857144
24150000	24199999	0.2662530879238094	0.5909233215666666	-0.3246702336428572
24200000	24249999	0.2690205343428571	0.5909233215666666	-0.3219027872238095
24250000	24299999	0.2878082312238095	0.5909233215666666	-0.3031150903428571
24300000	24349999	0.29607590630952374	0.5909233215666666	-0.29484741525714286
24350000	24399999	0.3032141669666666	0.5909233215666666	-0.2877091546
24400000	24449999	0.305742045095238	0.5909233215666666	-0.2851812764714286
24450000	24499999	0.3036251899	0.5909233215666666	-0.2872981316666666
24500000	24549999	0.34041283722380944	0.5909233215666666	-0.25051048434285716
24550000	24599999	0.3488329994904762	0.5909233215666666	-0.2420903220761904
24600000	24649999	0.3516970535428571	0.5909233215666666	-0.23922626802380953
24650000	24699999	0.35359864020476184	0.5909233215666666	-0.23732468136190477
24700000	24749999	0.35200785591904754	0.5909233215666666	-0.23891546564761906
24750000	24799999	0.3476769681428571	0.5909233215666666	-0.2432463534238095
24800000	24849999	0.35266626332380946	0.5909233215666666	-0.23825705824285714
24850000	24899999	0.36423613542380945	0.5909233215666666	-0.22668718614285716
24900000	24949999	0.3357356473428571	0.5909233215666666	-0.2551876742238095
24950000	24999999	0.32932982728571425	0.5909233215666666	-0.26159349428095235
25000000	25049999	0.32547046693809517	0.5909233215666666	-0.26545285462857143
25050000	25099999	0.31717707454761895	0.5909233215666666	-0.27374624701904765
25100000	25149999	0.3167507168714285	0.5909233215666666	-0.27417260469523813
25150000	25199999	0.31035422059999995	0.5909233215666666	-0.28056910096666665
25200000	25249999	0.2995669771809524	0.5909233215666666	-0.2913563443857142
25250000	25299999	0.29532922426190467	0.5909233215666666	-0.29559409730476194
25300000	25349999	0.28578126549047617	0.5909233215666666	-0.30514205607619044
25350000	25399999	0.2785878944238095	0.5909233215666666	-0.3123354271428571
25400000	25449999	0.27751268330476186	0.5909233215666666	-0.31341063826190474
25450000	25499999	0.2822334365428571	0.5909233215666666	-0.3086898850238095
25500000	25549999	0.2957798990571428	0.5909233215666666	-0.2951434225095238
25550000	25599999	0.27251322131904754	0.5909233215666666	-0.31841010024761907
25600000	25649999	0.2713753352238095	0.5909233215666666	-0.3195479863428571
25650000	25699999	0.26464020401904753	0.5909233215666666	-0.3262831175476191
25700000	25749999	0.25852441929047615	0.5909233215666666	-0.33239890227619046
25750000	25799999	0.2699114909142856	0.5909233215666666	-0.321011830652381
25800000	25849999	0.2757640227190476	0.5909233215666666	-0.315159298847619
25850000	25899999	0.28427511475238093	0.5909233215666666	-0.3066482068142857
25900000	25949999	0.2860339904523809	0.5909233215666666	-0.3048893311142857
25950000	25999999	0.31677264624285706	0.5909233215666666	-0.27415067532380955
26000000	26049999	0.3267932205333333	0.5909233215666666	-0.2641301010333333
26050000	26099999	0.33287180449523807	0.5909233215666666	-0.25805151707142854
26100000	26149999	0.33640796248095234	0.5909233215666666	-0.25451535908571427
26150000	26199999	0.3429681239809523	0.5909233215666666	-0.24795519758571433
26200000	26249999	0.3481338935523809	0.5909233215666666	-0.2427894280142857
26250000	26299999	0.3540341132095237	0.5909233215666666	-0.2368892083571429
26300000	26349999	0.35760940010952375	0.5909233215666666	-0.23331392145714286
26350000	26399999	0.3662828661142856	0.5909233215666666	-0.22464045545238098
26400000	26449999	0.3698118837333333	0.5909233215666666	-0.2211114378333333
26450000	26499999	0.37439597149523807	0.5909233215666666	-0.21652735007142854
26500000	26549999	0.3753489392285714	0.5909233215666666	-0.21557438233809523
26550000	26599999	0.3745800071333332	0.5909233215666666	-0.21634331443333338
26600000	26649999	0.361774367395238	0.5909233215666666	-0.2291489541714286
26650000	26699999	0.35450793274761894	0.5909233215666666	-0.23641538881904767
26700000	26749999	0.3575839696904761	0.5909233215666666	-0.23333935187619048
26750000	26799999	0.36161807549523806	0.5909233215666666	-0.22930524607142855
26800000	26849999	0.3537672090714285	0.5909233215666666	-0.2371561124952381
26850000	26899999	0.3521892093857142	0.5909233215666666	-0.23873411218095242
26900000	26949999	0.34855001015238085	0.5909233215666666	-0.24237331141428575
26950000	26999999	0.35012349819047606	0.5909233215666666	-0.24079982337619055
27000000	27049999	0.3403643549380952	0.5909233215666666	-0.2505589666285714
27050000	27099999	0.3390521095380952	0.5909233215666666	-0.2518712120285714
27100000	27149999	0.3383151307238095	0.5909233215666666	-0.2526081908428571
27150000	27199999	0.34063505288095236	0.5909233215666666	-0.25028826868571424
27200000	27249999	0.3412204439142857	0.5909233215666666	-0.24970287765238092
27250000	27299999	0.3330122033238095	0.5909233215666666	-0.2579111182428571
27300000	27349999	0.3270517724095237	0.5909233215666666	-0.2638715491571429
27350000	27399999	0.3176575534809523	0.5909233215666666	-0.2732657680857143
27400000	27449999	0.3048148303333333	0.5909233215666666	-0.2861084912333333
27450000	27499999	0.2995680302666667	0.5909233215666666	-0.29135529129999993
27500000	27549999	0.2887115890714285	0.5909233215666666	-0.3022117324952381
27550000	27599999	0.28221661294285705	0.5909233215666666	-0.30870670862380956
27600000	27649999	0.2730289309142857	0.5909233215666666	-0.3178943906523809
27650000	27699999	0.2659935308809523	0.5909233215666666	-0.3249297906857143
27700000	27749999	0.2460269093904761	0.5909233215666666	-0.3448964121761905
27750000	27799999	0.24964950886190473	0.5909233215666666	-0.34127381270476187
27800000	27849999	0.25908287500476185	0.5909233215666666	-0.33184044656190476
27850000	27899999	0.25657085570476185	0.5909233215666666	-0.33435246586190476
27900000	27949999	0.2508987360333333	0.5909233215666666	-0.3400245855333333
27950000	27999999	0.25553068276190466	0.5909233215666666	-0.33539263880476194
28000000	28049999	0.26892700908095235	0.5909233215666666	-0.32199631248571425
28050000	28099999	0.27950232785238094	0.5909233215666666	-0.31142099371428567
28100000	28149999	0.2961497205857142	0.5909233215666666	-0.2947736009809524
28150000	28199999	0.3243485273761904	0.5909233215666666	-0.2665747941904762
28200000	28249999	0.3446605273952381	0.5909233215666666	-0.2462627941714285
28250000	28299999	0.355272079747619	0.5909233215666666	-0.23565124181904762
28300000	28349999	0.3857965107	0.5909233215666666	-0.20512681086666662
28350000	28399999	0.4089197281333333	0.5909233215666666	-0.18200359343333328
28400000	28449999	0.4234715467	0.5909233215666666	-0.16745177486666663
28450000	28499999	0.45497007560952374	0.5909233215666666	-0.13595324595714287
28500000	28549999	0.47866029656190473	0.5909233215666666	-0.11226302500476187
28550000	28599999	0.4960092749238095	0.5909233215666666	-0.09491404664285713
28600000	28649999	0.5016907545095237	0.5909233215666666	-0.08923256705714289
28650000	28699999	0.5047387857619047	0.5909233215666666	-0.08618453580476193
28700000	28749999	0.5188827872047619	0.5909233215666666	-0.07204053436190472
28750000	28799999	0.5477093318714286	0.5909233215666666	-0.04321398969523804
28800000	28849999	0.5496433866428571	0.5909233215666666	-0.04127993492380955
28850000	28899999	0.5425312798047619	0.5909233215666666	-0.0483920417619047
28900000	28949999	0.5490122790047618	0.5909233215666666	-0.04191104256190481
28950000	28999999	0.5576802487714285	0.5909233215666666	-0.03324307279523808
29000000	29049999	0.5564710685047618	0.5909233215666666	-0.0344522530619048
29050000	29099999	0.5497060909761904	0.5909233215666666	-0.04121723059047622
29100000	29149999	0.5411068098428571	0.5909233215666666	-0.04981651172380952
29150000	29199999	0.5229052678476189	0.5909233215666666	-0.06801805371904768
29200000	29249999	0.4955051700666666	0.5909233215666666	-0.09541815149999999
29250000	29299999	0.480191735995238	0.5909233215666666	-0.11073158557142859
29300000	29349999	0.4755134874380952	0.5909233215666666	-0.11540983412857142
29350000	29399999	0.45110495626666663	0.5909233215666666	-0.13981836529999997
29400000	29449999	0.4324491988714285	0.5909233215666666	-0.15847412269523808
29450000	29499999	0.429122308547619	0.5909233215666666	-0.1618010130190476
29500000	29549999	0.41199044649047617	0.5909233215666666	-0.17893287507619043
29550000	29599999	0.39326629803333324	0.5909233215666666	-0.19765702353333336
29600000	29649999	0.3821322759190475	0.5909233215666666	-0.20879104564761908
29650000	29699999	0.378970071847619	0.5909233215666666	-0.2119532497190476
29700000	29749999	0.38155181723809517	0.5909233215666666	-0.20937150432857143
29750000	29799999	0.3802110587333333	0.5909233215666666	-0.21071226283333333
29800000	29849999	0.3966546831095238	0.5909233215666666	-0.19426863845714282
29850000	29899999	0.406846968847619	0.5909233215666666	-0.1840763527190476
29900000	29949999	0.4106288190619046	0.5909233215666666	-0.18029450250476198
29950000	29999999	0.4112557117333332	0.5909233215666666	-0.1796676098333334
30000000	30049999	0.42943108384285705	0.5909233215666666	-0.16149223772380955
30050000	30099999	0.4392691059666666	0.5909233215666666	-0.15165421560000003
30100000	30149999	0.4372562909999999	0.5909233215666666	-0.1536670305666667
30150000	30199999	0.4435541880666666	0.5909233215666666	-0.14736913350000003
30200000	30249999	0.44923399791428564	0.5909233215666666	-0.14168932365238096
30250000	30299999	0.4505689701857142	0.5909233215666666	-0.14035435138095242
30300000	30349999	0.45279128724285705	0.5909233215666666	-0.13813203432380955
30350000	30399999	0.44747889890476183	0.5909233215666666	-0.14344442266190477
30400000	30449999	0.4517828357238095	0.5909233215666666	-0.1391404858428571
30450000	30499999	0.4449565484380952	0.5909233215666666	-0.14596677312857143
30500000	30549999	0.44236629524285703	0.5909233215666666	-0.14855702632380957
30550000	30599999	0.43999766549047614	0.5909233215666666	-0.15092565607619046
30600000	30649999	0.4450320970619047	0.5909233215666666	-0.14589122450476188
30650000	30699999	0.4454728697142857	0.5909233215666666	-0.14545045185238092
30700000	30749999	0.4398739236333333	0.5909233215666666	-0.15104939793333333
30750000	30799999	0.4310313558714285	0.5909233215666666	-0.15989196569523811
30800000	30849999	0.42619321720476183	0.5909233215666666	-0.16473010436190477
30850000	30899999	0.41008443893809515	0.5909233215666666	-0.18083888262857145
30900000	30949999	0.39155727524761896	0.5909233215666666	-0.19936604631904764
30950000	30999999	0.39172237558095235	0.5909233215666666	-0.19920094598571425
31000000	31049999	0.3887383608142856	0.5909233215666666	-0.20218496075238102
31050000	31099999	0.37048655142857134	0.5909233215666666	-0.22043677013809526
31100000	31149999	0.36087698206190466	0.5909233215666666	-0.23004633950476194
31150000	31199999	0.3595462971714285	0.5909233215666666	-0.2313770243952381
31200000	31249999	0.3581165348380952	0.5909233215666666	-0.2328067867285714
31250000	31299999	0.3634854732619047	0.5909233215666666	-0.22743784830476188
31300000	31349999	0.3647170756714285	0.5909233215666666	-0.22620624589523808
31350000	31399999	0.35899967249047615	0.5909233215666666	-0.23192364907619045
31400000	31449999	0.3641156019619047	0.5909233215666666	-0.22680771960476193
31450000	31499999	0.3608492046809523	0.5909233215666666	-0.23007411688571433
31500000	31549999	0.3624790124142857	0.5909233215666666	-0.2284443091523809
31550000	31599999	0.3615777453809524	0.5909233215666666	-0.22934557618571422
31600000	31649999	0.36331849755714285	0.5909233215666666	-0.22760482400952375
31650000	31699999	0.3630270179428571	0.5909233215666666	-0.22789630362380953
31700000	31749999	0.3630038512666666	0.5909233215666666	-0.22791947029999998
31750000	31799999	0.36859038895238083	0.5909233215666666	-0.22233293261428577
31800000	31849999	0.37899145016190466	0.5909233215666666	-0.21193187140476194
31850000	31899999	0.3779926708619048	0.5909233215666666	-0.2129306507047618
31900000	31949999	0.3715386221666666	0.5909233215666666	-0.2193846994
31950000	31999999	0.3748749795190476	0.5909233215666666	-0.21604834204761902
32000000	32049999	0.36243700949047614	0.5909233215666666	-0.22848631207619047
32050000	32099999	0.35293086956666664	0.5909233215666666	-0.23799245199999997
32100000	32149999	0.34367561470952374	0.5909233215666666	-0.24724770685714287
32150000	32199999	0.33774883221428564	0.5909233215666666	-0.25317448935238096
32200000	32249999	0.3239909602857143	0.5909233215666666	-0.2669323612809523
32250000	32299999	0.321213306147619	0.5909233215666666	-0.2697100154190476
32300000	32349999	0.31893650319523803	0.5909233215666666	-0.2719868183714286
32350000	32399999	0.3239959597238095	0.5909233215666666	-0.2669273618428571
32400000	32449999	0.32015850127619044	0.5909233215666666	-0.27076482029047616
32450000	32499999	0.31486706685714283	0.5909233215666666	-0.2760562547095238
32500000	32549999	0.31615975749047615	0.5909233215666666	-0.27476356407619046
32550000	32599999	0.2922442016238095	0.5909233215666666	-0.2986791199428571
32600000	32649999	0.28834190875238086	0.5909233215666666	-0.30258141281428574
32650000	32699999	0.2747024162333333	0.5909233215666666	-0.3162209053333333
32700000	32749999	0.2715227774428571	0.5909233215666666	-0.3194005441238095
32750000	32799999	0.27415665048095234	0.5909233215666666	-0.31676667108571427
32800000	32849999	0.26561735321428565	0.5909233215666666	-0.32530596835238096
32850000	32899999	0.2528557395857142	0.5909233215666666	-0.3380675819809524
32900000	32949999	0.24680549436190474	0.5909233215666666	-0.34411782720476186
32950000	32999999	0.23991203643809517	0.5909233215666666	-0.35101128512857144
33000000	33049999	0.22817933760952375	0.5909233215666666	-0.36274398395714286
33050000	33099999	0.23121871477142847	0.5909233215666666	-0.35970460679523814
33100000	33149999	0.23256941639999995	0.5909233215666666	-0.35835390516666665
33150000	33199999	0.22501075254761893	0.5909233215666666	-0.3659125690190477
33200000	33249999	0.2166217337333332	0.5909233215666666	-0.3743015878333334
33250000	33299999	0.21594740672857138	0.5909233215666666	-0.3749759148380952
33300000	33349999	0.20225887482857136	0.5909233215666666	-0.38866444673809525
33350000	33399999	0.18182278114285716	0.5909233215666666	-0.40910054042380944
33400000	33449999	0.16151422044285713	0.5909233215666666	-0.4294091011238095
33450000	33499999	0.1498787571809524	0.5909233215666666	-0.4410445643857142
33500000	33549999	0.1312303788238095	0.5909233215666666	-0.4596929427428571
33550000	33599999	0.1140317797380952	0.5909233215666666	-0.4768915418285714
33600000	33649999	0.12362861601904762	0.5909233215666666	-0.467294705547619
33650000	33699999	0.10888271293809515	0.5909233215666666	-0.48204060862857145
33700000	33749999	0.09847914004285713	0.5909233215666666	-0.4924441815238095
33750000	33799999	0.07855458999999998	0.5909233215666666	-0.5123687315666666
33800000	33849999	0.05857915194285712	0.5909233215666666	-0.5323441696238095
33850000	33899999	0.04832709482857145	0.5909233215666666	-0.5425962267380952
33900000	33949999	0.040473571661904795	0.5909233215666666	-0.5504497499047618
33950000	33999999	0.030940869914285685	0.5909233215666666	-0.5599824516523809
34000000	34049999	0.02331566810952368	0.5909233215666666	-0.5676076534571429
34050000	34099999	0.019594537704761827	0.5909233215666666	-0.5713287838619048
34100000	34149999	0.011814556595238113	0.5909233215666666	-0.5791087649714285
34150000	34199999	0.006304680971428445	0.5909233215666666	-0.5846186405952382
34200000	34249999	0.0024960272952381235	0.5909233215666666	-0.5884272942714285
34250000	34299999	0.0	0.5909233215666666	-0.5909233215666666
34300000	34349999	0.0011425945142856664	0.5909233215666666	-0.5897807270523809
34350000	34399999	0.006835940652380912	0.5909233215666666	-0.5840873809142857
34400000	34449999	0.005745299719047692	0.5909233215666666	-0.5851780218476189
34450000	34499999	0.005677992057142811	0.5909233215666666	-0.5852453295095238
34500000	34549999	0.005676520857142875	0.5909233215666666	-0.5852468007095237
34550000	34599999	0.01203920219523813	0.5909233215666666	-0.5788841193714285
34600000	34649999	0.019035803752380898	0.5909233215666666	-0.5718875178142857
34650000	34699999	0.02298130456666647	0.5909233215666666	-0.5679420170000001
34700000	34749999	0.02745194734761902	0.5909233215666666	-0.5634713742190476
34750000	34799999	0.03542526572380944	0.5909233215666666	-0.5554980558428572
34800000	34849999	0.040763940066666615	0.5909233215666666	-0.5501593815
34850000	34899999	0.0496316956142856	0.5909233215666666	-0.541291625952381
34900000	34949999	0.05718412888095237	0.5909233215666666	-0.5337391926857142
34950000	34999999	0.07313059524761889	0.5909233215666666	-0.5177927263190477
35000000	35049999	0.09047929299047608	0.5909233215666666	-0.5004440285761905
35050000	35099999	0.10283664120000002	0.5909233215666666	-0.4880866803666666
35100000	35149999	0.11949551273809517	0.5909233215666666	-0.47142780882857144
35150000	35199999	0.1303994734333333	0.5909233215666666	-0.4605238481333333
35200000	35249999	0.14203442475238093	0.5909233215666666	-0.4488888968142857
35250000	35299999	0.16168232629047619	0.5909233215666666	-0.4292409952761904
35300000	35349999	0.17590479307619034	0.5909233215666666	-0.41501852849047627
35350000	35399999	0.18802821907142842	0.5909233215666666	-0.4028951024952382
35400000	35449999	0.19741876062380942	0.5909233215666666	-0.3935045609428572
35450000	35499999	0.21079946770952374	0.5909233215666666	-0.38012385385714287
35500000	35549999	0.2235027506285714	0.5909233215666666	-0.3674205709380952
35550000	35599999	0.23614115380476192	0.5909233215666666	-0.3547821677619047
35600000	35649999	0.2543705423285714	0.5909233215666666	-0.3365527792380952
35650000	35699999	0.2827881939857143	0.5909233215666666	-0.3081351275809523
35700000	35749999	0.30999027741904756	0.5909233215666666	-0.28093304414761905
35750000	35799999	0.33126031304761894	0.5909233215666666	-0.25966300851904767
35800000	35849999	0.3547336013809523	0.5909233215666666	-0.23618972018571432
35850000	35899999	0.3835892150619047	0.5909233215666666	-0.20733410650476192
35900000	35949999	0.3920365482523808	0.5909233215666666	-0.19888677331428578
35950000	35999999	0.4070519433809523	0.5909233215666666	-0.1838713781857143
36000000	36049999	0.4103186726047618	0.5909233215666666	-0.1806046489619048
36050000	36099999	0.4135423203380952	0.5909233215666666	-0.17738100122857142
36100000	36149999	0.42616176723333327	0.5909233215666666	-0.16476155433333334
36150000	36199999	0.4240604711095237	0.5909233215666666	-0.16686285045714289
36200000	36249999	0.4266041187666666	0.5909233215666666	-0.1643192028
36250000	36299999	0.44178057973809515	0.5909233215666666	-0.14914274182857146
36300000	36349999	0.44316783957142847	0.5909233215666666	-0.14775548199523814
36350000	36399999	0.4453154488571428	0.5909233215666666	-0.1456078727095238
36400000	36449999	0.44867211494761894	0.5909233215666666	-0.14225120661904767
36450000	36499999	0.44703146269523797	0.5909233215666666	-0.14389185887142864
36500000	36549999	0.45154064373809516	0.5909233215666666	-0.13938267782857144
36550000	36599999	0.44940374296666663	0.5909233215666666	-0.14151957859999997
36600000	36649999	0.44797546806666655	0.5909233215666666	-0.14294785350000005
36650000	36699999	0.43913170649047617	0.5909233215666666	-0.15179161507619043
36700000	36749999	0.4179886614523809	0.5909233215666666	-0.1729346601142857
36750000	36799999	0.4020130199142856	0.5909233215666666	-0.18891030165238099
36800000	36849999	0.3879934379904761	0.5909233215666666	-0.20292988357619052
36850000	36899999	0.37053392227619036	0.5909233215666666	-0.22038939929047624
36900000	36949999	0.35217471998571415	0.5909233215666666	-0.23874860158095246
36950000	36999999	0.3483079630333332	0.5909233215666666	-0.24261535853333338
37000000	37049999	0.3408630699714285	0.5909233215666666	-0.2500602515952381
37050000	37099999	0.33943856287619045	0.5909233215666666	-0.25148475869047615
37100000	37149999	0.33833321369047614	0.5909233215666666	-0.25259010787619046
37150000	37199999	0.32666033998095234	0.5909233215666666	-0.26426298158571426
37200000	37249999	0.32279810454285707	0.5909233215666666	-0.26812521702380954
37250000	37299999	0.3222203350095237	0.5909233215666666	-0.2687029865571429
37300000	37349999	0.3069565816523809	0.5909233215666666	-0.2839667399142857
37350000	37399999	0.3046252165809523	0.5909233215666666	-0.2862981049857143
37400000	37449999	0.30172001568095236	0.5909233215666666	-0.28920330588571425
37450000	37499999	0.3014103399761905	0.5909233215666666	-0.2895129815904761
37500000	37549999	0.304350012647619	0.5909233215666666	-0.2865733089190476
37550000	37599999	0.3044669902333333	0.5909233215666666	-0.2864563313333333
37600000	37649999	0.30871092755714286	0.5909233215666666	-0.28221239400952375
37650000	37699999	0.3090242293333333	0.5909233215666666	-0.2818990922333333
37700000	37749999	0.3122195679	0.5909233215666666	-0.2787037536666666
37750000	37799999	0.3207592332380952	0.5909233215666666	-0.2701640883285714
37800000	37849999	0.3189244813380952	0.5909233215666666	-0.2719988402285714
37850000	37899999	0.3200781573095237	0.5909233215666666	-0.2708451642571429
37900000	37949999	0.3222898265047618	0.5909233215666666	-0.2686334950619048
37950000	37999999	0.3218935220857142	0.5909233215666666	-0.2690297994809524
38000000	38049999	0.324542038295238	0.5909233215666666	-0.2663812832714286
38050000	38099999	0.3274626345809523	0.5909233215666666	-0.2634606869857143
38100000	38149999	0.3215573199619047	0.5909233215666666	-0.26936600160476193
38150000	38199999	0.32003617627142855	0.5909233215666666	-0.27088714529523805
38200000	38249999	0.3220123893714285	0.5909233215666666	-0.2689109321952381
38250000	38299999	0.3335840508619047	0.5909233215666666	-0.2573392707047619
38300000	38349999	0.3321230694523809	0.5909233215666666	-0.2588002521142857
38350000	38399999	0.3280555954380952	0.5909233215666666	-0.2628677261285714
38400000	38449999	0.33056143039999997	0.5909233215666666	-0.26036189116666664
38450000	38499999	0.33536394786190465	0.5909233215666666	-0.25555937370476195
38500000	38549999	0.33029110624285707	0.5909233215666666	-0.26063221532380954
38550000	38599999	0.3276832557809523	0.5909233215666666	-0.2632400657857143
38600000	38649999	0.32788846285714274	0.5909233215666666	-0.26303485870952387
38650000	38699999	0.325163457595238	0.5909233215666666	-0.2657598639714286
38700000	38749999	0.32425006750952373	0.5909233215666666	-0.26667325405714287
38750000	38799999	0.3185377854714285	0.5909233215666666	-0.2723855360952381
38800000	38849999	0.3123128704714286	0.5909233215666666	-0.278610451095238
38850000	38899999	0.3109513854666666	0.5909233215666666	-0.2799719361
38900000	38949999	0.31648201581428564	0.5909233215666666	-0.27444130575238096
38950000	38999999	0.31766385946190473	0.5909233215666666	-0.2732594621047619
39000000	39049999	0.3144249314095237	0.5909233215666666	-0.2764983901571429
39050000	39099999	0.3100158015571428	0.5909233215666666	-0.2809075200095238
39100000	39149999	0.3076501362190476	0.5909233215666666	-0.283273185347619
39150000	39199999	0.3094881741047619	0.5909233215666666	-0.2814351474619047
39200000	39249999	0.3113247878285714	0.5909233215666666	-0.2795985337380952
39250000	39299999	0.31379786338095234	0.5909233215666666	-0.27712545818571427
39300000	39349999	0.30199880354285713	0.5909233215666666	-0.2889245180238095
39350000	39399999	0.3117451830666666	0.5909233215666666	-0.2791781385
39400000	39449999	0.32163802127142843	0.5909233215666666	-0.2692853002952382
39450000	39499999	0.3160302967761904	0.5909233215666666	-0.2748930247904762
39500000	39549999	0.3163991212714286	0.5909233215666666	-0.274524200295238
39550000	39599999	0.31600606133333325	0.5909233215666666	-0.27491726023333335
39600000	39649999	0.31998134376666665	0.5909233215666666	-0.27094197779999996
39650000	39699999	0.3428571223380953	0.5909233215666666	-0.24806619922857132
39700000	39749999	0.3640136041904762	0.5909233215666666	-0.22690971737619042
39750000	39799999	0.38541545091428564	0.5909233215666666	-0.20550787065238096
39800000	39849999	0.4040339093666666	0.5909233215666666	-0.1868894122
39850000	39899999	0.40996615749047616	0.5909233215666666	-0.18095716407619045
39900000	39949999	0.4214038751714285	0.5909233215666666	-0.16951944639523808
39950000	39999999	0.4372084835857142	0.5909233215666666	-0.15371483798095242
40000000	40049999	0.44048525125238086	0.5909233215666666	-0.15043807031428574
40050000	40099999	0.45257422692857135	0.5909233215666666	-0.13834909463809525
40100000	40149999	0.4643544694047618	0.5909233215666666	-0.12656885216190478
40150000	40199999	0.46934906796666664	0.5909233215666666	-0.12157425359999996
40200000	40249999	0.47709103830952376	0.5909233215666666	-0.11383228325714284
40250000	40299999	0.47835329253333325	0.5909233215666666	-0.11257002903333335
40300000	40349999	0.4691393548380952	0.5909233215666666	-0.12178396672857139
40350000	40399999	0.47738206570952374	0.5909233215666666	-0.11354125585714286
40400000	40449999	0.47492852711904754	0.5909233215666666	-0.11599479444761907
40450000	40499999	0.47983942233333327	0.5909233215666666	-0.11108389923333334
40500000	40549999	0.48988084140476185	0.5909233215666666	-0.10104248016190476
40550000	40599999	0.48997813840476184	0.5909233215666666	-0.10094518316190476
40600000	40649999	0.49606838673333326	0.5909233215666666	-0.09485493483333335
40650000	40699999	0.49732250838571423	0.5909233215666666	-0.09360081318095237
40700000	40749999	0.4795335240666666	0.5909233215666666	-0.1113897975
40750000	40799999	0.46950180880476183	0.5909233215666666	-0.12142151276190477
40800000	40849999	0.4575684117619047	0.5909233215666666	-0.1333549098047619
40850000	40899999	0.4461743510047618	0.5909233215666666	-0.14474897056190478
40900000	40949999	0.4395443756238095	0.5909233215666666	-0.1513789459428571
40950000	40999999	0.4336007066809523	0.5909233215666666	-0.1573226148857143
41000000	41049999	0.4168284112523809	0.5909233215666666	-0.1740949103142857
41050000	41099999	0.41209559509999993	0.5909233215666666	-0.17882772646666667
41100000	41149999	0.3955229959333333	0.5909233215666666	-0.19540032563333332
41150000	41199999	0.38632312051428563	0.5909233215666666	-0.20460020105238097
41200000	41249999	0.38101786372380947	0.5909233215666666	-0.20990545784285713
41250000	41299999	0.3720961474714285	0.5909233215666666	-0.2188271740952381
41300000	41349999	0.3706693680619047	0.5909233215666666	-0.2202539535047619
41350000	41399999	0.3824771309809524	0.5909233215666666	-0.20844619058571423
41400000	41449999	0.3826383939047619	0.5909233215666666	-0.2082849276619047
41450000	41499999	0.37548176369999997	0.5909233215666666	-0.21544155786666663
41500000	41549999	0.36712766394285706	0.5909233215666666	-0.22379565762380954
41550000	41599999	0.3633722890285713	0.5909233215666666	-0.22755103253809528
41600000	41649999	0.36957769709047616	0.5909233215666666	-0.22134562447619044
41650000	41699999	0.3703183489904761	0.5909233215666666	-0.2206049725761905
41700000	41749999	0.3706473022571428	0.5909233215666666	-0.22027601930952379
41750000	41799999	0.3638144509333333	0.5909233215666666	-0.2271088706333333
41800000	41849999	0.3490046258047619	0.5909233215666666	-0.24191869576190472
41850000	41899999	0.3414084385047618	0.5909233215666666	-0.24951488306190478
41900000	41949999	0.3416108652190475	0.5909233215666666	-0.24931245634761912
41950000	41999999	0.3387608059047618	0.5909233215666666	-0.2521625156619048
42000000	42049999	0.3313168686904761	0.5909233215666666	-0.2596064528761905
42050000	42099999	0.33186150301904754	0.5909233215666666	-0.25906181854761906
42100000	42149999	0.33528885076190473	0.5909233215666666	-0.25563447080476187
42150000	42199999	0.3421159451095237	0.5909233215666666	-0.2488073764571429
42200000	42249999	0.3441979869285714	0.5909233215666666	-0.2467253346380952
42250000	42299999	0.3428875219142857	0.5909233215666666	-0.24803579965238093
42300000	42349999	0.34983105959999994	0.5909233215666666	-0.24109226196666667
42350000	42399999	0.3481526440285714	0.5909233215666666	-0.24277067753809523
42400000	42449999	0.3419509801857143	0.5909233215666666	-0.2489723413809523
42450000	42499999	0.32914299760476196	0.5909233215666666	-0.26178032396190465
42500000	42549999	0.3287097538238095	0.5909233215666666	-0.2622135677428571
42550000	42599999	0.3295936370666666	0.5909233215666666	-0.2613296845
42600000	42649999	0.3267991673666666	0.5909233215666666	-0.2641241542
42650000	42699999	0.3156958435523809	0.5909233215666666	-0.2752274780142857
42700000	42749999	0.31754706293809515	0.5909233215666666	-0.27337625862857146
42750000	42799999	0.3132554223428571	0.5909233215666666	-0.2776678992238095
42800000	42849999	0.3110965440714285	0.5909233215666666	-0.2798267774952381
42850000	42899999	0.3169395757190475	0.5909233215666666	-0.2739837458476191
42900000	42949999	0.31890335068095227	0.5909233215666666	-0.27201997088571434
42950000	42999999	0.3219291336904761	0.5909233215666666	-0.2689941878761905
43000000	43049999	0.3267149392904761	0.5909233215666666	-0.2642083822761905
43050000	43099999	0.3316790247571428	0.5909233215666666	-0.2592442968095238
43100000	43149999	0.33799887392380945	0.5909233215666666	-0.25292444764285715
43150000	43199999	0.3381473016523808	0.5909233215666666	-0.2527760199142858
43200000	43249999	0.3345513448761904	0.5909233215666666	-0.2563719766904762
43250000	43299999	0.3288796800285713	0.5909233215666666	-0.2620436415380953
43300000	43349999	0.3239572185190475	0.5909233215666666	-0.2669661030476191
43350000	43399999	0.3069518595238095	0.5909233215666666	-0.2839714620428571
43400000	43449999	0.2946097954571428	0.5909233215666666	-0.29631352610952383
43450000	43499999	0.28465008229999994	0.5909233215666666	-0.30627323926666666
43500000	43549999	0.2840731491428571	0.5909233215666666	-0.3068501724238095
43550000	43599999	0.2862974517190476	0.5909233215666666	-0.304625869847619
43600000	43649999	0.27841876706666663	0.5909233215666666	-0.3125045545
43650000	43699999	0.2759412786380952	0.5909233215666666	-0.3149820429285714
43700000	43749999	0.2695951126904761	0.5909233215666666	-0.3213282088761905
43750000	43799999	0.2550136532761904	0.5909233215666666	-0.3359096682904762
43800000	43849999	0.24757892437619045	0.5909233215666666	-0.34334439719047616
43850000	43899999	0.2474648729142857	0.5909233215666666	-0.3434584486523809
43900000	43949999	0.24797749726666662	0.5909233215666666	-0.3429458243
43950000	43999999	0.2461687671571428	0.5909233215666666	-0.3447545544095238
44000000	44049999	0.2312128859428571	0.5909233215666666	-0.3597104356238095
44050000	44099999	0.22140739705238094	0.5909233215666666	-0.36951592451428567
44100000	44149999	0.21437489596190468	0.5909233215666666	-0.3765484256047619
44150000	44199999	0.1960249731857142	0.5909233215666666	-0.3948983483809524
44200000	44249999	0.18550319713809515	0.5909233215666666	-0.40542012442857145
44250000	44299999	0.18380474499047617	0.5909233215666666	-0.40711857657619044
44300000	44349999	0.17778805595238084	0.5909233215666666	-0.41313526561428576
44350000	44399999	0.17770257282380947	0.5909233215666666	-0.41322074874285714
44400000	44449999	0.18199064860952374	0.5909233215666666	-0.40893267295714286
44450000	44499999	0.18570082654761894	0.5909233215666666	-0.40522249501904767
44500000	44549999	0.1850247348714285	0.5909233215666666	-0.4058985866952381
44550000	44599999	0.1900611814999999	0.5909233215666666	-0.4008621400666667
44600000	44649999	0.18370221977142853	0.5909233215666666	-0.40722110179523807
44650000	44699999	0.1804062491095238	0.5909233215666666	-0.4105170724571428
44700000	44749999	0.17206662857142846	0.5909233215666666	-0.41885669299523814
44750000	44799999	0.16970645545238083	0.5909233215666666	-0.42121686611428577
44800000	44849999	0.17012417889523807	0.5909233215666666	-0.42079914267142854
44850000	44899999	0.16798194321904758	0.5909233215666666	-0.422941378347619
44900000	44949999	0.16034926704285712	0.5909233215666666	-0.4305740545238095
44950000	44999999	0.15229963601428564	0.5909233215666666	-0.43862368555238096
45000000	45049999	0.15056910122857142	0.5909233215666666	-0.4403542203380952
45050000	45099999	0.15520397221428572	0.5909233215666666	-0.4357193493523809
45100000	45149999	0.15975522178095236	0.5909233215666666	-0.43116809978571424
45150000	45199999	0.1659348422857142	0.5909233215666666	-0.4249884792809524
45200000	45249999	0.16988122631904756	0.5909233215666666	-0.42104209524761904
45250000	45299999	0.1883940094952381	0.5909233215666666	-0.4025293120714285
45300000	45349999	0.18919074859047608	0.5909233215666666	-0.4017325729761905
45350000	45399999	0.19439143146190468	0.5909233215666666	-0.3965318901047619
45400000	45449999	0.19814741219523807	0.5909233215666666	-0.39277590937142853
45450000	45499999	0.2032689530095238	0.5909233215666666	-0.3876543685571428
45500000	45549999	0.20604654550476187	0.5909233215666666	-0.38487677606190474
45550000	45599999	0.22407048517619044	0.5909233215666666	-0.36685283639047617
45600000	45649999	0.2447222302571428	0.5909233215666666	-0.3462010913095238
45650000	45699999	0.24973100060952375	0.5909233215666666	-0.34119232095714286
45700000	45749999	0.2613457119047618	0.5909233215666666	-0.3295776096619048
45750000	45799999	0.2581662965333333	0.5909233215666666	-0.3327570250333333
45800000	45849999	0.2640295182857142	0.5909233215666666	-0.3268938032809524
45850000	45899999	0.27113824315714274	0.5909233215666666	-0.31978507840952386
45900000	45949999	0.28082276773333326	0.5909233215666666	-0.31010055383333335
45950000	45999999	0.28473169210476185	0.5909233215666666	-0.30619162946190476
46000000	46049999	0.2962111756190476	0.5909233215666666	-0.294712145947619
46050000	46099999	0.3013962565095238	0.5909233215666666	-0.2895270650571428
46100000	46149999	0.3033815534	0.5909233215666666	-0.2875417681666666
46150000	46199999	0.3049709144190476	0.5909233215666666	-0.285952407147619
46200000	46249999	0.3055647371	0.5909233215666666	-0.2853585844666666
46250000	46299999	0.30784230067619045	0.5909233215666666	-0.28308102089047615
46300000	46349999	0.29145436042857137	0.5909233215666666	-0.29946896113809524
46350000	46399999	0.29361274517619046	0.5909233215666666	-0.29731057639047614
46400000	46449999	0.29501051294761904	0.5909233215666666	-0.29591280861904756
46450000	46499999	0.2959416744285714	0.5909233215666666	-0.2949816471380952
46500000	46549999	0.29376962353333325	0.5909233215666666	-0.29715369803333336
46550000	46599999	0.2900184308904761	0.5909233215666666	-0.30090489067619053
46600000	46649999	0.2775332141238095	0.5909233215666666	-0.3133901074428571
46650000	46699999	0.25823697833333326	0.5909233215666666	-0.33268634323333335
46700000	46749999	0.2588867266714285	0.5909233215666666	-0.3320365948952381
46750000	46799999	0.2537732582238094	0.5909233215666666	-0.3371500633428572
46800000	46849999	0.26483345714761897	0.5909233215666666	-0.32608986441904764
46850000	46899999	0.26548076497619044	0.5909233215666666	-0.32544255659047616
46900000	46949999	0.26006016120952374	0.5909233215666666	-0.33086316035714286
46950000	46999999	0.2536241244380952	0.5909233215666666	-0.3372991971285714
47000000	47049999	0.2538357520904762	0.5909233215666666	-0.3370875694761904
47050000	47099999	0.2392845199666666	0.5909233215666666	-0.3516388016
47100000	47149999	0.22916668744285706	0.5909233215666666	-0.36175663412380954
47150000	47199999	0.2260150219999999	0.5909233215666666	-0.3649082995666667
47200000	47249999	0.22230119537142856	0.5909233215666666	-0.36862212619523804
47250000	47299999	0.21580361429047612	0.5909233215666666	-0.3751197072761905
47300000	47349999	0.20871710728095239	0.5909233215666666	-0.3822062142857142
47350000	47399999	0.20639717417142855	0.5909233215666666	-0.38452614739523805
47400000	47449999	0.20215093195238093	0.5909233215666666	-0.3887723896142857
47450000	47499999	0.19836693505714276	0.5909233215666666	-0.39255638650952385
47500000	47549999	0.19766423638095232	0.5909233215666666	-0.3932590851857143
47550000	47599999	0.20262405764761893	0.5909233215666666	-0.3882992639190477
47600000	47649999	0.20266736787619044	0.5909233215666666	-0.38825595369047616
47650000	47699999	0.20792133678571423	0.5909233215666666	-0.3830019847809524
47700000	47749999	0.2085243556285714	0.5909233215666666	-0.3823989659380952
47750000	47799999	0.2033846090619047	0.5909233215666666	-0.3875387125047619
47800000	47849999	0.19855846381428566	0.5909233215666666	-0.39236485775238095
47850000	47899999	0.19709508498571426	0.5909233215666666	-0.39382823658095234
47900000	47949999	0.19369313530476184	0.5909233215666666	-0.39723018626190476
47950000	47999999	0.19193170087619038	0.5909233215666666	-0.3989916206904762
48000000	48049999	0.18816226123333324	0.5909233215666666	-0.40276106033333336
48050000	48099999	0.18236329747619046	0.5909233215666666	-0.40856002409047615
48100000	48149999	0.1788184110047618	0.5909233215666666	-0.4121049105619048
48150000	48199999	0.17574296229523806	0.5909233215666666	-0.41518035927142855
48200000	48249999	0.16963428414761894	0.5909233215666666	-0.42128903741904766
48250000	48299999	0.16356664353333328	0.5909233215666666	-0.4273566780333333
48300000	48349999	0.15946692108571425	0.5909233215666666	-0.43145640048095235
48350000	48399999	0.15576079499999995	0.5909233215666666	-0.43516252656666665
48400000	48449999	0.15352457708571426	0.5909233215666666	-0.43739874448095234
48450000	48499999	0.1465641871857143	0.5909233215666666	-0.4443591343809523
48500000	48549999	0.1399974185714286	0.5909233215666666	-0.450925902995238
48550000	48599999	0.12856997662857134	0.5909233215666666	-0.46235334493809527
48600000	48649999	0.1159404732380952	0.5909233215666666	-0.4749828483285714
48650000	48699999	0.11090138215238088	0.5909233215666666	-0.4800219394142857
48700000	48749999	0.09645641046190484	0.5909233215666666	-0.49446691110476176
48750000	48799999	0.0808780813714286	0.5909233215666666	-0.510045240195238
48800000	48849999	0.06821564211904763	0.5909233215666666	-0.522707679447619
48850000	48899999	0.061076401590476115	0.5909233215666666	-0.5298469199761905
48900000	48949999	0.04940571041904751	0.5909233215666666	-0.5415176111476191
48950000	48999999	0.04293317651904749	0.5909233215666666	-0.5479901450476191
49000000	49049999	0.03841535642857119	0.5909233215666666	-0.5525079651380954
49050000	49099999	0.038515966461904694	0.5909233215666666	-0.5524073551047619
49100000	49149999	0.03845126456190473	0.5909233215666666	-0.5524720570047619
49150000	49199999	0.04151797171428562	0.5909233215666666	-0.549405349852381
49200000	49249999	0.04799006532380945	0.5909233215666666	-0.5429332562428572
49250000	49299999	0.05235270603333331	0.5909233215666666	-0.5385706155333333
49300000	49349999	0.056953937695238155	0.5909233215666666	-0.5339693838714284
49350000	49399999	0.05878264810476186	0.5909233215666666	-0.5321406734619047
49400000	49449999	0.06508754753333335	0.5909233215666666	-0.5258357740333333
49450000	49499999	0.06884230306190464	0.5909233215666666	-0.522081018504762
49500000	49549999	0.07238365412380932	0.5909233215666666	-0.5185396674428573
49550000	49599999	0.08384280878095218	0.5909233215666666	-0.5070805127857144
49600000	49649999	0.08417060920952368	0.5909233215666666	-0.5067527123571429
49650000	49699999	0.089162877290476	0.5909233215666666	-0.5017604442761906
49700000	49749999	0.09611056119523798	0.5909233215666666	-0.49481276037142863
49750000	49799999	0.10411190381904756	0.5909233215666666	-0.48681141774761905
49800000	49849999	0.1214338291	0.5909233215666666	-0.4694894924666666
49850000	49899999	0.13679141100476183	0.5909233215666666	-0.4541319105619048
49900000	49949999	0.17629931166666668	0.5909233215666666	-0.4146240098999999
49950000	49999999	0.18213586489047617	0.5909233215666666	-0.40878745667619043
50000000	50049999	0.19153572203809516	0.5909233215666666	-0.39938759952857145
50050000	50099999	0.20231951324285702	0.5909233215666666	-0.3886038083238096
50100000	50149999	0.2113772907190476	0.5909233215666666	-0.379546030847619
50150000	50199999	0.21602255500476186	0.5909233215666666	-0.37490076656190474
50200000	50249999	0.2328142169238095	0.5909233215666666	-0.3581091046428571
50250000	50299999	0.23007373474285708	0.5909233215666666	-0.3608495868238095
50300000	50349999	0.23522725251904758	0.5909233215666666	-0.355696069047619
50350000	50399999	0.2330507124333333	0.5909233215666666	-0.3578726091333333
50400000	50449999	0.24221676419047622	0.5909233215666666	-0.3487065573761904
50450000	50499999	0.24491183967142854	0.5909233215666666	-0.34601148189523806
50500000	50549999	0.2502620022190476	0.5909233215666666	-0.340661319347619
50550000	50599999	0.2591881098857143	0.5909233215666666	-0.3317352116809523
50600000	50649999	0.25122277965238093	0.5909233215666666	-0.33970054191428567
50650000	50699999	0.2544615809666666	0.5909233215666666	-0.3364617406
50700000	50749999	0.2713982646428571	0.5909233215666666	-0.3195250569238095
50750000	50799999	0.2907059753190475	0.5909233215666666	-0.3002173462476191
50800000	50849999	0.262463960295238	0.5909233215666666	-0.3284593612714286
50850000	50899999	0.25838466414666655	0.5909233215666666	-0.33253865742000005
50900000	50949999	0.2563490037561402	0.5909233215666666	-0.3345743178105264
50950000	50999999	0.22403773019999995	0.5909233215666666	-0.36688559136666665
51000000	51049999	0.2288485279372548	0.5909233215666666	-0.3620747936294118
51050000	51099999	0.2279608043604166	0.5909233215666666	-0.36296251720625
51100000	51149999	0.22562717849999991	0.5909233215666666	-0.3652961430666667
51150000	51199999	0.22049501528809518	0.5909233215666666	-0.37042830627857143
51200000	51249999	0.22338866368974353	0.5909233215666666	-0.3675346578769231
51250000	51299999	0.20606764763333324	0.5909233215666666	-0.38485567393333336
51300000	51349999	0.21086654169393937	0.5909233215666666	-0.38005677987272724
