start	end	obs	exp	var
0	49999	0.1556096304463203	0.4453745889190476	-0.28976495847272726
50000	99999	0.16700109214404762	0.4453745889190476	-0.27837349677499995
100000	149999	0.1775556419267399	0.4453745889190476	-0.2678189469923077
150000	199999	0.1893873253333333	0.4453745889190476	-0.2559872635857143
200000	249999	0.23493502584571427	0.4453745889190476	-0.2104395630733333
250000	299999	0.24599309555654758	0.4453745889190476	-0.1993814933625
300000	349999	0.2496270361778711	0.4453745889190476	-0.19574755274117647
350000	399999	0.2509517976079365	0.4453745889190476	-0.19442279131111107
400000	449999	0.263135412366416	0.4453745889190476	-0.18223917655263155
450000	499999	0.2675714316190476	0.4453745889190476	-0.17780315729999996
500000	549999	0.27751744714285714	0.4453745889190476	-0.16785714177619043
550000	599999	0.27440940934761904	0.4453745889190476	-0.17096517957142854
600000	649999	0.271282650447619	0.4453745889190476	-0.17409193847142856
650000	699999	0.27312536412857147	0.4453745889190476	-0.1722492247904761
700000	749999	0.3098757214047619	0.4453745889190476	-0.1354988675142857
750000	799999	0.35281763666666666	0.4453745889190476	-0.09255695225238092
800000	849999	0.3724984946571428	0.4453745889190476	-0.07287609426190478
850000	899999	0.3864171567714285	0.4453745889190476	-0.05895743214761906
900000	949999	0.39771309534285715	0.4453745889190476	-0.04766149357619043
950000	999999	0.4071943059380952	0.4453745889190476	-0.038180282980952385
1000000	1049999	0.4082237661238095	0.4453745889190476	-0.03715082279523807
1050000	1099999	0.40935454514761904	0.4453745889190476	-0.036020043771428534
1100000	1149999	0.4142476950571428	0.4453745889190476	-0.03112689386190476
1150000	1199999	0.4218854108095238	0.4453745889190476	-0.02348917810952378
1200000	1249999	0.4250206321809523	0.4453745889190476	-0.020353956738095258
1250000	1299999	0.4048366870333333	0.4453745889190476	-0.04053790188571427
1300000	1349999	0.41453607531428566	0.4453745889190476	-0.03083851360476192
1350000	1399999	0.42344816462380946	0.4453745889190476	-0.02192642429523811
1400000	1449999	0.4344810684428571	0.4453745889190476	-0.010893520476190466
1450000	1499999	0.4274476377428571	0.4453745889190476	-0.017926951176190475
1500000	1549999	0.42505597075238094	0.4453745889190476	-0.020318618166666635
1550000	1599999	0.4326346617047619	0.4453745889190476	-0.012739927214285685
1600000	1649999	0.4331498428428571	0.4453745889190476	-0.012224746076190451
1650000	1699999	0.4377545257285714	0.4453745889190476	-0.007620063190476201
1700000	1749999	0.4464862833857143	0.4453745889190476	0.0011116944666667017
1750000	1799999	0.4554387735380952	0.4453745889190476	0.010064184619047623
1800000	1849999	0.4469859999714285	0.4453745889190476	0.00161141105238094
1850000	1899999	0.4385002661190476	0.4453745889190476	-0.006874322799999999
1900000	1949999	0.43679696360952375	0.4453745889190476	-0.008577625309523829
1950000	1999999	0.43932025710952377	0.4453745889190476	-0.006054331809523805
2000000	2049999	0.44152610289999994	0.4453745889190476	-0.0038484860190476367
2050000	2099999	0.44017390530952377	0.4453745889190476	-0.005200683609523804
2100000	2149999	0.4420679933333333	0.4453745889190476	-0.003306595585714278
2150000	2199999	0.4453094550238095	0.4453745889190476	-6.513389523810087e-05
2200000	2249999	0.4419941125714285	0.4453745889190476	-0.003380476347619066
2250000	2299999	0.4435388060333333	0.4453745889190476	-0.0018357828857142877
2300000	2349999	0.43447678431428566	0.4453745889190476	-0.010897804604761918
2350000	2399999	0.42334002492857137	0.4453745889190476	-0.022034563990476208
2400000	2449999	0.4198863083333333	0.4453745889190476	-0.025488280585714285
2450000	2499999	0.432962149247619	0.4453745889190476	-0.012412439671428577
2500000	2549999	0.4461626336571428	0.4453745889190476	0.0007880447380952393
2550000	2599999	0.45762032209047615	0.4453745889190476	0.012245733171428574
2600000	2649999	0.44574578789523805	0.4453745889190476	0.0003711989761904788
2650000	2699999	0.44773649979523805	0.4453745889190476	0.002361910876190476
2700000	2749999	0.4390211930285714	0.4453745889190476	-0.006353395890476177
2750000	2799999	0.43755217496190474	0.4453745889190476	-0.007822413957142837
2800000	2849999	0.4292521178571428	0.4453745889190476	-0.016122471061904786
2850000	2899999	0.42743248768571424	0.4453745889190476	-0.01794210123333334
2900000	2949999	0.4318789240666666	0.4453745889190476	-0.013495664852380962
2950000	2999999	0.43239943486190474	0.4453745889190476	-0.012975154057142835
3000000	3049999	0.43888416989523804	0.4453745889190476	-0.006490419023809535
3050000	3099999	0.4449691029714285	0.4453745889190476	-0.0004054859476190775
3100000	3149999	0.44728644850476185	0.4453745889190476	0.0019118595857142706
3150000	3199999	0.44857110262857136	0.4453745889190476	0.003196513709523785
3200000	3249999	0.4549418836238095	0.4453745889190476	0.00956729470476192
3250000	3299999	0.4587126961666666	0.4453745889190476	0.013338107247619024
3300000	3349999	0.4596862754619047	0.4453745889190476	0.014311686542857138
3350000	3399999	0.46822929659523804	0.4453745889190476	0.022854707676190467
3400000	3449999	0.4701308194523809	0.4453745889190476	0.024756230533333312
3450000	3499999	0.46827031910952377	0.4453745889190476	0.022895730190476193
3500000	3549999	0.4401503418857142	0.4453745889190476	-0.005224247033333351
3550000	3599999	0.43206537008095236	0.4453745889190476	-0.013309218838095216
3600000	3649999	0.4293727960857142	0.4453745889190476	-0.01600179283333336
3650000	3699999	0.4354344327238095	0.4453745889190476	-0.009940156195238081
3700000	3749999	0.4480759665285714	0.4453745889190476	0.002701377609523825
3750000	3799999	0.4561753775619047	0.4453745889190476	0.010800788642857106
3800000	3849999	0.462111549995238	0.4453745889190476	0.016736961076190437
3850000	3899999	0.4682460327619047	0.4453745889190476	0.02287144384285711
3900000	3949999	0.4655947316666666	0.4453745889190476	0.02022014274761902
3950000	3999999	0.46397108743333326	0.4453745889190476	0.018596498514285686
4000000	4049999	0.4686745647809523	0.4453745889190476	0.023299975861904743
4050000	4099999	0.46196884897142854	0.4453745889190476	0.01659426005238096
4100000	4149999	0.4581870919761904	0.4453745889190476	0.012812503057142821
4150000	4199999	0.4550378242666666	0.4453745889190476	0.009663235347619037
4200000	4249999	0.45496125140476185	0.4453745889190476	0.00958666248571427
4250000	4299999	0.44850153381904756	0.4453745889190476	0.003126944899999984
4300000	4349999	0.45868165812380945	0.4453745889190476	0.013307069204761879
4350000	4399999	0.4723266825761904	0.4453745889190476	0.02695209365714285
4400000	4449999	0.4778492159619047	0.4453745889190476	0.03247462704285714
4450000	4499999	0.4844786331380952	0.4453745889190476	0.03910404421904762
4500000	4549999	0.4811303390047619	0.4453745889190476	0.0357557500857143
4550000	4599999	0.49281635522857137	0.4453745889190476	0.04744176630952379
4600000	4649999	0.5075263675238095	0.4453745889190476	0.062151778604761954
4650000	4699999	0.5096375869190476	0.4453745889190476	0.06426299800000002
4700000	4749999	0.5039242562999999	0.4453745889190476	0.05854966738095235
4750000	4799999	0.491442906447619	0.4453745889190476	0.046068317528571434
4800000	4849999	0.4950412345714285	0.4453745889190476	0.049666645652380936
4850000	4899999	0.4918011242380952	0.4453745889190476	0.04642653531904761
4900000	4949999	0.4844876134571428	0.4453745889190476	0.03911302453809523
4950000	4999999	0.491809429647619	0.4453745889190476	0.0464348407285714
5000000	5049999	0.49390341073333327	0.4453745889190476	0.048528821814285694
5050000	5099999	0.48590600612380946	0.4453745889190476	0.04053141720476189
5100000	5149999	0.49017213820476185	0.4453745889190476	0.04479754928571428
5150000	5199999	0.4837905673999999	0.4453745889190476	0.03841597848095235
5200000	5249999	0.4873236610333333	0.4453745889190476	0.041949072114285724
5250000	5299999	0.4870994217523809	0.4453745889190476	0.041724832833333336
5300000	5349999	0.4902094332190476	0.4453745889190476	0.04483484430000001
5350000	5399999	0.48208378569047616	0.4453745889190476	0.03670919677142859
5400000	5449999	0.47071332028095236	0.4453745889190476	0.025338731361904787
5450000	5499999	0.473546062747619	0.4453745889190476	0.028171473828571436
5500000	5549999	0.4702979243190476	0.4453745889190476	0.024923335400000024
5550000	5599999	0.48215139399523804	0.4453745889190476	0.036776805076190466
5600000	5649999	0.488636372947619	0.4453745889190476	0.04326178402857145
5650000	5699999	0.47481430439523803	0.4453745889190476	0.029439715476190453
5700000	5749999	0.4575818683761904	0.4453745889190476	0.012207279457142839
5750000	5799999	0.452598176947619	0.4453745889190476	0.007223588028571426
5800000	5849999	0.45217557968571426	0.4453745889190476	0.006800990766666681
5850000	5899999	0.4450645008666666	0.4453745889190476	-0.0003100880523809746
5900000	5949999	0.44015091072380946	0.4453745889190476	-0.005223678195238113
5950000	5999999	0.447449873947619	0.4453745889190476	0.0020752850285714053
6000000	6049999	0.44405326459047617	0.4453745889190476	-0.001321324328571405
6050000	6099999	0.44562642900476185	0.4453745889190476	0.0002518400857142722
6100000	6149999	0.46394134428095235	0.4453745889190476	0.018566755361904774
6150000	6199999	0.4657207101333333	0.4453745889190476	0.02034612121428575
6200000	6249999	0.4692119968523809	0.4453745889190476	0.023837407933333332
6250000	6299999	0.4653053722190476	0.4453745889190476	0.019930783300000032
6300000	6349999	0.4639678743571428	0.4453745889190476	0.01859328543809524
6350000	6399999	0.4653344561809523	0.4453745889190476	0.01995986726190474
6400000	6449999	0.45763897470952375	0.4453745889190476	0.012264385790476173
6450000	6499999	0.44972997196666664	0.4453745889190476	0.004355383047619066
6500000	6549999	0.4251323790571428	0.4453745889190476	-0.02024220986190478
6550000	6599999	0.4190738897523809	0.4453745889190476	-0.026300699166666663
6600000	6649999	0.4049576469809523	0.4453745889190476	-0.04041694193809525
6650000	6699999	0.3948824106857142	0.4453745889190476	-0.05049217823333335
6700000	6749999	0.3847670330285714	0.4453745889190476	-0.06060755589047617
6750000	6799999	0.3924939961571428	0.4453745889190476	-0.052880592761904766
6800000	6849999	0.36715331869999995	0.4453745889190476	-0.07822127021904762
6850000	6899999	0.3658370672523809	0.4453745889190476	-0.07953752166666667
6900000	6949999	0.3673889217523809	0.4453745889190476	-0.07798566716666666
6950000	6999999	0.37135272835714284	0.4453745889190476	-0.07402186056190474
7000000	7049999	0.38047074338571424	0.4453745889190476	-0.06490384553333334
7050000	7099999	0.38624997209999995	0.4453745889190476	-0.059124616819047626
7100000	7149999	0.3883931897999999	0.4453745889190476	-0.05698139911904765
7150000	7199999	0.371406655147619	0.4453745889190476	-0.07396793377142857
7200000	7249999	0.3699058397095238	0.4453745889190476	-0.07546874920952379
7250000	7299999	0.37119277549047613	0.4453745889190476	-0.07418181342857144
7300000	7349999	0.37071052644761904	0.4453745889190476	-0.07466406247142854
7350000	7399999	0.37292005398095235	0.4453745889190476	-0.07245453493809523
7400000	7449999	0.37146737319523804	0.4453745889190476	-0.07390721572380954
7450000	7499999	0.38776516727142857	0.4453745889190476	-0.05760942164761901
7500000	7549999	0.40212151101428567	0.4453745889190476	-0.043253077904761905
7550000	7599999	0.42672930612857135	0.4453745889190476	-0.018645282790476225
7600000	7649999	0.43766881166190474	0.4453745889190476	-0.007705777257142832
7650000	7699999	0.4441768758	0.4453745889190476	-0.0011977131190475943
7700000	7749999	0.4507088774190476	0.4453745889190476	0.005334288500000006
7750000	7799999	0.46681582063333327	0.4453745889190476	0.02144123171428569
7800000	7849999	0.47032996227142854	0.4453745889190476	0.02495537335238096
7850000	7899999	0.4983145225809523	0.4453745889190476	0.05293993366190475
7900000	7949999	0.5100911333571428	0.4453745889190476	0.06471654443809527
7950000	7999999	0.5119362392619047	0.4453745889190476	0.0665616503428571
8000000	8049999	0.5116126278238095	0.4453745889190476	0.06623803890476188
8050000	8099999	0.5040551486238095	0.4453745889190476	0.058680559704761937
8100000	8149999	0.5034377468285713	0.4453745889190476	0.058063157909523766
8150000	8199999	0.5161317201809523	0.4453745889190476	0.07075713126190475
8200000	8249999	0.5577132252761905	0.4453745889190476	0.11233863635714292
8250000	8299999	0.5509876012047619	0.4453745889190476	0.10561301228571429
8300000	8349999	0.5419708568761904	0.4453745889190476	0.09659626795714282
8350000	8399999	0.5258323795857143	0.4453745889190476	0.0804577906666667
8400000	8449999	0.5154594384095238	0.4453745889190476	0.07008484949047622
8450000	8499999	0.5050006250666665	0.4453745889190476	0.059626036147618966
8500000	8549999	0.4710273344333333	0.4453745889190476	0.025652745514285702
8550000	8599999	0.4453295598714285	0.4453745889190476	-4.502904761904958e-05
8600000	8649999	0.4225313644666666	0.4453745889190476	-0.02284322445238096
8650000	8699999	0.4127344852142857	0.4453745889190476	-0.03264010370476189
8700000	8749999	0.41928490033809523	0.4453745889190476	-0.02608968858095234
8750000	8799999	0.4073341504047619	0.4453745889190476	-0.03804043851428568
8800000	8849999	0.39773434667619045	0.4453745889190476	-0.04764024224285712
8850000	8899999	0.3907859567714285	0.4453745889190476	-0.054588632147619054
8900000	8949999	0.3904406798238095	0.4453745889190476	-0.0549339090952381
8950000	8999999	0.3824994005285714	0.4453745889190476	-0.06287518839047618
9000000	9049999	0.375037003347619	0.4453745889190476	-0.07033758557142855
9050000	9099999	0.37559851328095234	0.4453745889190476	-0.06977607563809524
9100000	9149999	0.3636636193523809	0.4453745889190476	-0.08171096956666668
9150000	9199999	0.3619894951380952	0.4453745889190476	-0.08338509378095238
9200000	9249999	0.3551549642428571	0.4453745889190476	-0.09021962467619049
9250000	9299999	0.3263893886904762	0.4453745889190476	-0.1189852002285714
9300000	9349999	0.3383265128523809	0.4453745889190476	-0.10704807606666666
9350000	9399999	0.35204789138571424	0.4453745889190476	-0.09332669753333334
9400000	9449999	0.37405373460952374	0.4453745889190476	-0.07132085430952384
9450000	9499999	0.3843022813428571	0.4453745889190476	-0.06107230757619048
9500000	9549999	0.3950361462333333	0.4453745889190476	-0.0503384426857143
9550000	9599999	0.41943596967619046	0.4453745889190476	-0.02593861924285712
9600000	9649999	0.4371671168238095	0.4453745889190476	-0.008207472095238089
9650000	9699999	0.4514326855333333	0.4453745889190476	0.006058096614285746
9700000	9749999	0.4506651100428571	0.4453745889190476	0.005290521123809511
9750000	9799999	0.4433717572333333	0.4453745889190476	-0.0020028316857143014
9800000	9849999	0.4543777741428571	0.4453745889190476	0.009003185223809551
9850000	9899999	0.46969243757619045	0.4453745889190476	0.02431784865714287
9900000	9949999	0.48504360686190473	0.4453745889190476	0.039669017942857154
9950000	9999999	0.4970393156428571	0.4453745889190476	0.051664726723809506
10000000	10049999	0.4974563378666666	0.4453745889190476	0.05208174894761902
10050000	10099999	0.5026402808904762	0.4453745889190476	0.05726569197142861
10100000	10149999	0.5112620128047618	0.4453745889190476	0.06588742388571422
10150000	10199999	0.5264504031904762	0.4453745889190476	0.08107581427142863
10200000	10249999	0.5359096816333333	0.4453745889190476	0.09053509271428573
10250000	10299999	0.5265041246809523	0.4453745889190476	0.08112953576190474
10300000	10349999	0.5294127468142856	0.4453745889190476	0.08403815789523805
10350000	10399999	0.529905217047619	0.4453745889190476	0.08453062812857137
10400000	10449999	0.5292873301857143	0.4453745889190476	0.0839127412666667
10450000	10499999	0.538893161295238	0.4453745889190476	0.09351857237619043
10500000	10549999	0.5405738669238095	0.4453745889190476	0.09519927800476191
10550000	10599999	0.5386132196190476	0.4453745889190476	0.09323863070000005
10600000	10649999	0.5315828194809523	0.4453745889190476	0.08620823056190474
10650000	10699999	0.5357066073904762	0.4453745889190476	0.09033201847142858
10700000	10749999	0.538515016147619	0.4453745889190476	0.09314042722857141
10750000	10799999	0.5430144215761904	0.4453745889190476	0.09763983265714282
10800000	10849999	0.5416010646380952	0.4453745889190476	0.09622647571904763
10850000	10899999	0.5392329223857143	0.4453745889190476	0.09385833346666672
10900000	10949999	0.5369040086285713	0.4453745889190476	0.09152941970952377
10950000	10999999	0.5378649019666666	0.4453745889190476	0.09249031304761901
11000000	11049999	0.5303031045238095	0.4453745889190476	0.08492851560476189
11050000	11099999	0.5246435995714285	0.4453745889190476	0.0792690106523809
11100000	11149999	0.5333394849285714	0.4453745889190476	0.08796489600952384
11150000	11199999	0.5358441081428571	0.4453745889190476	0.09046951922380952
11200000	11249999	0.5279875467761904	0.4453745889190476	0.08261295785714284
11250000	11299999	0.5173540453238095	0.4453745889190476	0.07197945640476189
11300000	11349999	0.5286522799809523	0.4453745889190476	0.08327769106190475
11350000	11399999	0.5305138060285715	0.4453745889190476	0.08513921710952388
11400000	11449999	0.5312185970809523	0.4453745889190476	0.08584400816190474
11450000	11499999	0.5379845934952381	0.4453745889190476	0.09261000457619051
11500000	11549999	0.5474403214285714	0.4453745889190476	0.10206573250952378
11550000	11599999	0.5407782588	0.4453745889190476	0.09540366988095239
11600000	11649999	0.5395429745666667	0.4453745889190476	0.09416838564761909
11650000	11699999	0.5383041378285713	0.4453745889190476	0.09292954890952376
11700000	11749999	0.5299073993666666	0.4453745889190476	0.08453281044761907
11750000	11799999	0.5263723873142857	0.4453745889190476	0.08099779839523813
11800000	11849999	0.5241760289999999	0.4453745889190476	0.07880144008095236
11850000	11899999	0.5238040999333333	0.4453745889190476	0.07842951101428575
11900000	11949999	0.5302093805047619	0.4453745889190476	0.08483479158571428
11950000	11999999	0.5239230450619047	0.4453745889190476	0.0785484561428571
12000000	12049999	0.5208625809999999	0.4453745889190476	0.07548799208095236
12050000	12099999	0.5218234968333333	0.4453745889190476	0.07644890791428571
12100000	12149999	0.5283985004238094	0.4453745889190476	0.08302391150476185
12150000	12199999	0.5330629483761904	0.4453745889190476	0.08768835945714282
12200000	12249999	0.5242615299333333	0.4453745889190476	0.07888694101428573
12250000	12299999	0.5265666508238095	0.4453745889190476	0.08119206190476191
12300000	12349999	0.5276938131809523	0.4453745889190476	0.08231922426190474
12350000	12399999	0.5287158919047619	0.4453745889190476	0.0833413029857143
12400000	12449999	0.5231350019809523	0.4453745889190476	0.07776041306190473
12450000	12499999	0.5153339402904762	0.4453745889190476	0.06995935137142861
12500000	12549999	0.507218643595238	0.4453745889190476	0.061844054676190474
12550000	12599999	0.487227862247619	0.4453745889190476	0.041853273328571416
12600000	12649999	0.49248469237142856	0.4453745889190476	0.04711010345238098
12650000	12699999	0.4925755615523809	0.4453745889190476	0.04720097263333334
12700000	12749999	0.5015900479238095	0.4453745889190476	0.05621545900476188
12750000	12799999	0.509723912047619	0.4453745889190476	0.06434932312857145
12800000	12849999	0.5107949016047619	0.4453745889190476	0.06542031268571435
12850000	12899999	0.5142346923809523	0.4453745889190476	0.06886010346190474
12900000	12949999	0.5191779791380952	0.4453745889190476	0.07380339021904758
12950000	12999999	0.5135033527095237	0.4453745889190476	0.06812876379047617
13000000	13049999	0.5087238637761904	0.4453745889190476	0.06334927485714281
13050000	13099999	0.5083279321190476	0.4453745889190476	0.06295334320000001
13100000	13149999	0.5109655526714285	0.4453745889190476	0.06559096375238094
13150000	13199999	0.5109674410238094	0.4453745889190476	0.06559285210476185
13200000	13249999	0.498269278147619	0.4453745889190476	0.052894689228571434
13250000	13299999	0.5021980457380952	0.4453745889190476	0.05682345681904766
13300000	13349999	0.5057598627666666	0.4453745889190476	0.06038527384761905
13350000	13399999	0.5086876968333333	0.4453745889190476	0.06331310791428568
13400000	13449999	0.5038688166238094	0.4453745889190476	0.05849422770476187
13450000	13499999	0.5077135403333333	0.4453745889190476	0.06233895141428569
13500000	13549999	0.5097646002999999	0.4453745889190476	0.06439001138095235
13550000	13599999	0.5070069451619047	0.4453745889190476	0.06163235624285712
13600000	13649999	0.5092904782142857	0.4453745889190476	0.06391588929523817
13650000	13699999	0.5133371445761905	0.4453745889190476	0.06796255565714293
13700000	13749999	0.5148066305619048	0.4453745889190476	0.06943204164285721
13750000	13799999	0.5084330935285714	0.4453745889190476	0.06305850460952378
13800000	13849999	0.5258365867619047	0.4453745889190476	0.08046199784285712
13850000	13899999	0.5513764598380952	0.4453745889190476	0.10600187091904767
13900000	13949999	0.5576944605238094	0.4453745889190476	0.11231987160476187
13950000	13999999	0.5688080637428571	0.4453745889190476	0.12343347482380951
14000000	14049999	0.5800831440333333	0.4453745889190476	0.1347085551142857
14050000	14099999	0.5758646922428572	0.4453745889190476	0.13049010332380961
14100000	14149999	0.5805888726904762	0.4453745889190476	0.13521428377142863
14150000	14199999	0.5835383606190476	0.4453745889190476	0.13816377170000005
14200000	14249999	0.5880743978571428	0.4453745889190476	0.1426998089380952
14250000	14299999	0.5929855693142857	0.4453745889190476	0.14761098039523812
14300000	14349999	0.589580120942857	0.4453745889190476	0.14420553202380948
14350000	14399999	0.5854625474714286	0.4453745889190476	0.140087958552381
14400000	14449999	0.5902164255380952	0.4453745889190476	0.1448418366190476
14450000	14499999	0.5970644639333333	0.4453745889190476	0.15168987501428577
14500000	14549999	0.5907190752380952	0.4453745889190476	0.14534448631904762
14550000	14599999	0.5814607598428571	0.4453745889190476	0.13608617092380948
14600000	14649999	0.5719689277380952	0.4453745889190476	0.12659433881904758
14650000	14699999	0.5720153650285714	0.4453745889190476	0.12664077610952384
14700000	14749999	0.5631343760047619	0.4453745889190476	0.11775978708571433
14750000	14799999	0.5558985954571428	0.4453745889190476	0.11052400653809524
14800000	14849999	0.5596179503809524	0.4453745889190476	0.11424336146190484
14850000	14899999	0.5335901048619047	0.4453745889190476	0.08821551594285715
14900000	14949999	0.5119592726571428	0.4453745889190476	0.06658468373809523
14950000	14999999	0.5023480657809524	0.4453745889190476	0.05697347686190479
15000000	15049999	0.48823839010476183	0.4453745889190476	0.042863801185714256
15050000	15099999	0.4764261130619047	0.4453745889190476	0.031051524142857112
15100000	15149999	0.47751396122857137	0.4453745889190476	0.032139372309523795
15150000	15199999	0.46656115939523807	0.4453745889190476	0.02118657047619049
15200000	15249999	0.46131785750476184	0.4453745889190476	0.015943268585714265
15250000	15299999	0.44176208896666663	0.4453745889190476	-0.003612499952380943
15300000	15349999	0.4383690879809523	0.4453745889190476	-0.007005500938095266
15350000	15399999	0.43488144279999996	0.4453745889190476	-0.010493146119047614
15400000	15449999	0.43440952072857136	0.4453745889190476	-0.010965068190476213
15450000	15499999	0.43166134248095234	0.4453745889190476	-0.013713246438095239
15500000	15549999	0.41034138919047614	0.4453745889190476	-0.03503319972857144
15550000	15599999	0.4055925850190476	0.4453745889190476	-0.039782003899999974
15600000	15649999	0.416986000047619	0.4453745889190476	-0.02838858887142859
15650000	15699999	0.4313929186571428	0.4453745889190476	-0.013981670261904777
15700000	15749999	0.43124695728571427	0.4453745889190476	-0.014127631633333304
15750000	15799999	0.4375819796857142	0.4453745889190476	-0.0077926092333333585
15800000	15849999	0.44507950131428564	0.4453745889190476	-0.0002950876047619344
15850000	15899999	0.4467986273238095	0.4453745889190476	0.001424038404761907
15900000	15949999	0.45205314992380946	0.4453745889190476	0.006678561004761885
15950000	15999999	0.45222103249523804	0.4453745889190476	0.006846443576190464
16000000	16049999	0.45412474550952375	0.4453745889190476	0.008750156590476177
16050000	16099999	0.46244458311428566	0.4453745889190476	0.01706999419523808
16100000	16149999	0.4613285970190476	0.4453745889190476	0.015954008100000028
16150000	16199999	0.47015779409047614	0.4453745889190476	0.02478320517142857
16200000	16249999	0.47337731308571424	0.4453745889190476	0.02800272416666666
16250000	16299999	0.48065574351428564	0.4453745889190476	0.03528115459523806
16300000	16349999	0.5045924467142857	0.4453745889190476	0.05921785779523814
16350000	16399999	0.5039275065047619	0.4453745889190476	0.05855291758571435
16400000	16449999	0.5106106770904761	0.4453745889190476	0.06523608817142856
16450000	16499999	0.5065822545190476	0.4453745889190476	0.061207665600000016
16500000	16549999	0.5057961342904761	0.4453745889190476	0.06042154537142852
16550000	16599999	0.5191960654285714	0.4453745889190476	0.07382147650952386
16600000	16649999	0.522949810047619	0.4453745889190476	0.0775752211285714
16650000	16699999	0.5248813197571428	0.4453745889190476	0.07950673083809523
16700000	16749999	0.521217053395238	0.4453745889190476	0.07584246447619047
16750000	16799999	0.5246902124761904	0.4453745889190476	0.07931562355714283
16800000	16849999	0.5248224395333333	0.4453745889190476	0.07944785061428572
16850000	16899999	0.5297782084619047	0.4453745889190476	0.08440361954285713
16900000	16949999	0.5436088679142856	0.4453745889190476	0.09823427899523807
16950000	16999999	0.5490302392333333	0.4453745889190476	0.1036556503142857
17000000	17049999	0.5534658828523809	0.4453745889190476	0.10809129393333328
17050000	17099999	0.5572749185619047	0.4453745889190476	0.11190032964285712
17100000	17149999	0.5641947386380952	0.4453745889190476	0.11882014971904764
17150000	17199999	0.5688184760619047	0.4453745889190476	0.12344388714285714
17200000	17249999	0.5666638424904761	0.4453745889190476	0.1212892535714285
17250000	17299999	0.5626704058047618	0.4453745889190476	0.11729581688571422
17300000	17349999	0.5603886055190476	0.4453745889190476	0.11501401659999999
17350000	17399999	0.5509145729666666	0.4453745889190476	0.105539984047619
17400000	17449999	0.5586243952428571	0.4453745889190476	0.11324980632380954
17450000	17499999	0.5603101647857143	0.4453745889190476	0.1149355758666667
17500000	17549999	0.5683915438142857	0.4453745889190476	0.12301695489523812
17550000	17599999	0.575910054642857	0.4453745889190476	0.13053546572380947
17600000	17649999	0.5753105366857142	0.4453745889190476	0.12993594776666662
17650000	17699999	0.5766183792523809	0.4453745889190476	0.13124379033333333
17700000	17749999	0.5747023070285713	0.4453745889190476	0.1293277181095237
17750000	17799999	0.5826835109190476	0.4453745889190476	0.137308922
17800000	17849999	0.5857085024714285	0.4453745889190476	0.1403339135523809
17850000	17899999	0.600818194347619	0.4453745889190476	0.15544360542857139
17900000	17949999	0.599950632595238	0.4453745889190476	0.15457604367619038
17950000	17999999	0.5888300603190475	0.4453745889190476	0.14345547139999992
18000000	18049999	0.5857930282571427	0.4453745889190476	0.14041843933809517
18050000	18099999	0.5880201230857142	0.4453745889190476	0.1426455341666666
18100000	18149999	0.5920527395428571	0.4453745889190476	0.1466781506238095
18150000	18199999	0.5901089400476189	0.4453745889190476	0.14473435112857136
18200000	18249999	0.5900099396238094	0.4453745889190476	0.14463535070476186
18250000	18299999	0.5940383595809523	0.4453745889190476	0.14866377066190473
18300000	18349999	0.6001598718238095	0.4453745889190476	0.1547852829047619
18350000	18399999	0.5920837082095237	0.4453745889190476	0.14670911929047614
18400000	18449999	0.5914374353190475	0.4453745889190476	0.1460628463999999
18450000	18499999	0.5850664345285714	0.4453745889190476	0.13969184560952386
18500000	18549999	0.577469681395238	0.4453745889190476	0.13209509247619045
18550000	18599999	0.5764708353857142	0.4453745889190476	0.13109624646666662
18600000	18649999	0.5654511085476189	0.4453745889190476	0.12007651962857135
18650000	18699999	0.572122724647619	0.4453745889190476	0.12674813572857146
18700000	18749999	0.5718588904190476	0.4453745889190476	0.1264843015
18750000	18799999	0.5735167226809523	0.4453745889190476	0.12814213376190475
18800000	18849999	0.5656852721666666	0.4453745889190476	0.12031068324761907
18850000	18899999	0.5549303306	0.4453745889190476	0.10955574168095239
18900000	18949999	0.5357599164047618	0.4453745889190476	0.09038532748571426
18950000	18999999	0.5416770910809523	0.4453745889190476	0.09630250216190472
19000000	19049999	0.5400666235619047	0.4453745889190476	0.09469203464285714
19050000	19099999	0.5368139780761905	0.4453745889190476	0.09143938915714289
19100000	19149999	0.5292487009095238	0.4453745889190476	0.08387411199047623
19150000	19199999	0.514327017395238	0.4453745889190476	0.06895242847619043
19200000	19249999	0.5002630369571428	0.4453745889190476	0.05488844803809523
19250000	19299999	0.49360643666190473	0.4453745889190476	0.04823184774285716
19300000	19349999	0.4910156442285714	0.4453745889190476	0.04564105530952384
19350000	19399999	0.48640277608571425	0.4453745889190476	0.041028187166666674
19400000	19449999	0.4905184669333333	0.4453745889190476	0.04514387801428571
19450000	19499999	0.4959190974095238	0.4453745889190476	0.0505445084904762
19500000	19549999	0.5156792834285714	0.4453745889190476	0.07030469450952381
19550000	19599999	0.5080440377904761	0.4453745889190476	0.06266944887142856
19600000	19649999	0.48972142519999995	0.4453745889190476	0.04434683628095237
19650000	19699999	0.47296292836190473	0.4453745889190476	0.027588339442857157
19700000	19749999	0.4477368682809523	0.4453745889190476	0.002362279361904751
19750000	19799999	0.4285634921190476	0.4453745889190476	-0.01681109679999998
19800000	19849999	0.41155454710476186	0.4453745889190476	-0.03382004181428572
19850000	19899999	0.40095729088571425	0.4453745889190476	-0.04441729803333333
19900000	19949999	0.388670309147619	0.4453745889190476	-0.056704279771428556
19950000	19999999	0.37166516641904757	0.4453745889190476	-0.07370942250000001
20000000	20049999	0.3292074648428571	0.4453745889190476	-0.11616712407619045
20050000	20099999	0.28563018789999994	0.4453745889190476	-0.15974440101904763
20100000	20149999	0.2501098821571428	0.4453745889190476	-0.19526470676190477
20150000	20199999	0.2144012321571428	0.4453745889190476	-0.23097335676190478
20200000	20249999	0.19682850610952374	0.4453745889190476	-0.24854608280952384
20250000	20299999	0.18894351475238091	0.4453745889190476	-0.25643107416666666
20300000	20349999	0.17987864511428575	0.4453745889190476	-0.2654959438047618
20350000	20399999	0.16969499309047614	0.4453745889190476	-0.27567959582857143
20400000	20449999	0.17201832925238092	0.4453745889190476	-0.27335625966666666
20450000	20499999	0.1662874227285714	0.4453745889190476	-0.2790871661904762
20500000	20549999	0.15888398677619042	0.4453745889190476	-0.28649060214285715
20550000	20599999	0.10500392706666661	0.4453745889190476	-0.34037066185238096
20600000	20649999	0.10585074000000005	0.4453745889190476	-0.3395238489190475
20650000	20699999	0.11136249942380955	0.4453745889190476	-0.33401208949523803
20700000	20749999	0.13478493901428573	0.4453745889190476	-0.31058964990476184
20750000	20799999	0.15215047371904766	0.4453745889190476	-0.2932241151999999
20800000	20849999	0.17009129431428566	0.4453745889190476	-0.2752832946047619
20850000	20899999	0.1825125138238095	0.4453745889190476	-0.26286207509523807
20900000	20949999	0.18329909317619048	0.4453745889190476	-0.2620754957428571
20950000	20999999	0.202327558347619	0.4453745889190476	-0.24304703057142857
21000000	21049999	0.21438241706190472	0.4453745889190476	-0.23099217185714285
21050000	21099999	0.24607379884285707	0.4453745889190476	-0.1993007900761905
21100000	21149999	0.2831821168142856	0.4453745889190476	-0.16219247210476195
21150000	21199999	0.30854449301428566	0.4453745889190476	-0.13683009590476192
21200000	21249999	0.33971025323333326	0.4453745889190476	-0.10566433568571432
21250000	21299999	0.3643154116999999	0.4453745889190476	-0.08105917721904765
21300000	21349999	0.38113927304761896	0.4453745889190476	-0.06423531587142861
21350000	21399999	0.39120601899523805	0.4453745889190476	-0.05416856992380953
21400000	21449999	0.39995477859999995	0.4453745889190476	-0.04541981031904763
21450000	21499999	0.3968597557904761	0.4453745889190476	-0.048514833128571466
21500000	21549999	0.38596352874761897	0.4453745889190476	-0.05941106017142861
21550000	21599999	0.36831951438571425	0.4453745889190476	-0.07705507453333332
21600000	21649999	0.38523422719999995	0.4453745889190476	-0.06014036171904763
21650000	21699999	0.3889837637619047	0.4453745889190476	-0.05639082515714289
21700000	21749999	0.37486373040476184	0.4453745889190476	-0.07051085851428573
21750000	21799999	0.3480897878857142	0.4453745889190476	-0.09728480103333337
21800000	21849999	0.333577827495238	0.4453745889190476	-0.11179676142380957
21850000	21899999	0.32240007576190466	0.4453745889190476	-0.12297451315714292
21900000	21949999	0.30155154387142846	0.4453745889190476	-0.1438230450476191
21950000	21999999	0.2929405798904761	0.4453745889190476	-0.15243400902857146
22000000	22049999	0.26419598221904755	0.4453745889190476	-0.18117860670000002
22050000	22099999	0.2659287245142856	0.4453745889190476	-0.17944586440476196
22100000	22149999	0.24137410983333324	0.4453745889190476	-0.20400047908571434
22150000	22199999	0.22170803611904757	0.4453745889190476	-0.2236665528
22200000	22249999	0.20943057682857133	0.4453745889190476	-0.23594401209047625
22250000	22299999	0.1853886954285714	0.4453745889190476	-0.2599858934904762
22300000	22349999	0.1642689573571428	0.4453745889190476	-0.28110563156190477
22350000	22399999	0.14130340593333335	0.4453745889190476	-0.30407118298571423
22400000	22449999	0.1186984246380951	0.4453745889190476	-0.3266761642809525
22450000	22499999	0.09535323624285708	0.4453745889190476	-0.3500213526761905
22500000	22549999	0.07940416872857137	0.4453745889190476	-0.3659704201904762
22550000	22599999	0.06982154569047616	0.4453745889190476	-0.3755530432285714
22600000	22649999	0.06278654345238088	0.4453745889190476	-0.3825880454666667
22650000	22699999	0.06617590310476185	0.4453745889190476	-0.37919868581428573
22700000	22749999	0.04338383291904757	0.4453745889190476	-0.401990756
22750000	22799999	0.041365876376190436	0.4453745889190476	-0.40400871254285714
22800000	22849999	0.040936783985714265	0.4453745889190476	-0.4044378049333333
22850000	22899999	0.031119765352380924	0.4453745889190476	-0.41425482356666665
22900000	22949999	0.01784714580000002	0.4453745889190476	-0.42752744311904756
22950000	22999999	0.015297420414285667	0.4453745889190476	-0.4300771685047619
23000000	23049999	0.013365104895238122	0.4453745889190476	-0.43200948402380945
23050000	23099999	0.013954047433333228	0.4453745889190476	-0.43142054148571435
23100000	23149999	0.0	0.4453745889190476	-0.4453745889190476
23150000	23199999	0.0022530645142856964	0.4453745889190476	-0.4431215244047619
23200000	23249999	0.0003126788428571836	0.4453745889190476	-0.4450619100761904
23250000	23299999	0.0051709863666665745	0.4453745889190476	-0.440203602552381
23300000	23349999	0.02233303286190469	0.4453745889190476	-0.4230415560571429
23350000	23399999	0.02815222548095231	0.4453745889190476	-0.41722236343809527
23400000	23449999	0.03732341663333327	0.4453745889190476	-0.4080511722857143
23450000	23499999	0.04574736029047621	0.4453745889190476	-0.39962722862857136
23500000	23549999	0.05035977613809517	0.4453745889190476	-0.3950148127809524
23550000	23599999	0.04515475458095236	0.4453745889190476	-0.4002198343380952
23600000	23649999	0.05650054889047623	0.4453745889190476	-0.38887404002857134
23650000	23699999	0.05993415629523807	0.4453745889190476	-0.3854404326238095
23700000	23749999	0.051922979133333325	0.4453745889190476	-0.39345160978571425
23750000	23799999	0.06720237931428569	0.4453745889190476	-0.3781722096047619
23800000	23849999	0.08130659347619046	0.4453745889190476	-0.3640679954428571
23850000	23899999	0.06964687464761898	0.4453745889190476	-0.3757277142714286
23900000	23949999	0.06411907924285709	0.4453745889190476	-0.3812555096761905
23950000	23999999	0.0789390532619047	0.4453745889190476	-0.3664355356571429
24000000	24049999	0.09622882187619042	0.4453745889190476	-0.34914576704285716
24050000	24099999	0.12973001979047621	0.4453745889190476	-0.31564456912857136
24100000	24149999	0.11053796875714283	0.4453745889190476	-0.33483662016190474
24150000	24199999	0.12777507498571422	0.4453745889190476	-0.31759951393333336
24200000	24249999	0.14815568399523804	0.4453745889190476	-0.29721890492380953
24250000	24299999	0.1728668931523809	0.4453745889190476	-0.27250769576666667
24300000	24349999	0.18927792429999996	0.4453745889190476	-0.2560966646190476
24350000	24399999	0.19770777027142852	0.4453745889190476	-0.24766681864761905
24400000	24449999	0.21213631355714282	0.4453745889190476	-0.23323827536190475
24450000	24499999	0.2203986615714285	0.4453745889190476	-0.22497592734761906
24500000	24549999	0.23751436440476187	0.4453745889190476	-0.2078602245142857
24550000	24599999	0.2536536868571428	0.4453745889190476	-0.19172090206190479
24600000	24649999	0.277126020747619	0.4453745889190476	-0.16824856817142858
24650000	24699999	0.29036861614285714	0.4453745889190476	-0.15500597277619044
24700000	24749999	0.31183123317619044	0.4453745889190476	-0.13354335574285714
24750000	24799999	0.33190381666666663	0.4453745889190476	-0.11347077225238095
24800000	24849999	0.34212750222857136	0.4453745889190476	-0.10324708669047622
24850000	24899999	0.35051495564761903	0.4453745889190476	-0.09485963327142855
24900000	24949999	0.38055578588095235	0.4453745889190476	-0.06481880303809523
24950000	24999999	0.40680148914285713	0.4453745889190476	-0.038573099776190445
25000000	25049999	0.4124057533095238	0.4453745889190476	-0.032968835609523794
25050000	25099999	0.41722425219523807	0.4453745889190476	-0.02815033672380951
25100000	25149999	0.4029772211857142	0.4453745889190476	-0.04239736773333336
25150000	25199999	0.4453745889190476	0.4453745889190476	0.0
25200000	25249999	0.4453745889190476	0.4453745889190476	0.0
25250000	25299999	0.4453745889190476	0.4453745889190476	0.0
25300000	25349999	0.4453745889190476	0.4453745889190476	0.0
25350000	25399999	0.4453745889190476	0.4453745889190476	0.0
25400000	25449999	0.4453745889190476	0.4453745889190476	0.0
25450000	25499999	0.4453745889190476	0.4453745889190476	0.0
25500000	25549999	0.4453745889190476	0.4453745889190476	0.0
25550000	25599999	0.4453745889190476	0.4453745889190476	0.0
25600000	25649999	0.4453745889190476	0.4453745889190476	0.0
25650000	25699999	0.4453745889190476	0.4453745889190476	0.0
25700000	25749999	0.4453745889190476	0.4453745889190476	0.0
25750000	25799999	0.4453745889190476	0.4453745889190476	0.0
25800000	25849999	0.4453745889190476	0.4453745889190476	0.0
25850000	25899999	0.4453745889190476	0.4453745889190476	0.0
25900000	25949999	0.4453745889190476	0.4453745889190476	0.0
25950000	25999999	0.4453745889190476	0.4453745889190476	0.0
26000000	26049999	0.4453745889190476	0.4453745889190476	0.0
26050000	26099999	0.4453745889190476	0.4453745889190476	0.0
26100000	26149999	0.4453745889190476	0.4453745889190476	0.0
26150000	26199999	0.4453745889190476	0.4453745889190476	0.0
26200000	26249999	0.4453745889190476	0.4453745889190476	0.0
26250000	26299999	0.4453745889190476	0.4453745889190476	0.0
26300000	26349999	0.4453745889190476	0.4453745889190476	0.0
26350000	26399999	0.4453745889190476	0.4453745889190476	0.0
26400000	26449999	0.4453745889190476	0.4453745889190476	0.0
26450000	26499999	0.4453745889190476	0.4453745889190476	0.0
26500000	26549999	0.4453745889190476	0.4453745889190476	0.0
26550000	26599999	0.4453745889190476	0.4453745889190476	0.0
26600000	26649999	0.4453745889190476	0.4453745889190476	0.0
26650000	26699999	0.4453745889190476	0.4453745889190476	0.0
26700000	26749999	0.4453745889190476	0.4453745889190476	0.0
26750000	26799999	0.4453745889190476	0.4453745889190476	0.0
26800000	26849999	0.4453745889190476	0.4453745889190476	0.0
26850000	26899999	0.4453745889190476	0.4453745889190476	0.0
26900000	26949999	0.4453745889190476	0.4453745889190476	0.0
26950000	26999999	0.4453745889190476	0.4453745889190476	0.0
27000000	27049999	0.4453745889190476	0.4453745889190476	0.0
27050000	27099999	0.4453745889190476	0.4453745889190476	0.0
27100000	27149999	0.4453745889190476	0.4453745889190476	0.0
27150000	27199999	0.4453745889190476	0.4453745889190476	0.0
27200000	27249999	3.75349497277619	0.4453745889190476	3.3081203838571427
27250000	27299999	3.7614867330190473	0.4453745889190476	3.3161121441
27300000	27349999	3.7658973093333334	0.4453745889190476	3.320522720414286
27350000	27399999	3.766666483285715	0.4453745889190476	3.3212918943666674
27400000	27449999	3.788855286728572	0.4453745889190476	3.3434806978095244
27450000	27499999	3.8035217814571434	0.4453745889190476	3.358147192538096
27500000	27549999	3.805438330542858	0.4453745889190476	3.3600637416238106
27550000	27599999	3.8126957627285716	0.4453745889190476	3.367321173809524
27600000	27649999	3.775522179066667	0.4453745889190476	3.3301475901476194
27650000	27699999	3.7501966554952384	0.4453745889190476	3.304822066576191
27700000	27749999	3.7191095767857147	0.4453745889190476	3.2737349878666673
27750000	27799999	3.7046956159523807	0.4453745889190476	3.2593210270333333
27800000	27849999	3.689106545852381	0.4453745889190476	3.2437319569333334
27850000	27899999	3.668598776976191	0.4453745889190476	3.2232241880571437
27900000	27949999	3.6495730729476192	0.4453745889190476	3.2041984840285718
27950000	27999999	3.6418065466047618	0.4453745889190476	3.1964319576857143
28000000	28049999	3.6234362050619042	0.4453745889190476	3.1780616161428568
28050000	28099999	3.6137295221380956	0.4453745889190476	3.168354933219048
28100000	28149999	3.5978644552285717	0.4453745889190476	3.152489866309524
28150000	28199999	3.583398324328571	0.4453745889190476	3.1380237354095235
28200000	28249999	3.572334012619047	0.4453745889190476	3.1269594236999994
28250000	28299999	0.2504424160380952	0.4453745889190476	-0.19493217288095238
28300000	28349999	0.2375033179904761	0.4453745889190476	-0.20787127092857147
28350000	28399999	0.23065225067142855	0.4453745889190476	-0.21472233824761902
28400000	28449999	0.22979647496666658	0.4453745889190476	-0.215578113952381
28450000	28499999	0.21028687010476188	0.4453745889190476	-0.2350877188142857
28500000	28549999	0.20219681584285706	0.4453745889190476	-0.2431777730761905
28550000	28599999	0.20696232184285704	0.4453745889190476	-0.23841226707619054
28600000	28649999	0.20586398541428566	0.4453745889190476	-0.23951060350476192
28650000	28699999	0.26535759231428563	0.4453745889190476	-0.18001699660476195
28700000	28749999	0.2912106804952381	0.4453745889190476	-0.1541639084238095
28750000	28799999	0.332378001095238	0.4453745889190476	-0.11299658782380956
28800000	28849999	0.33918676460952374	0.4453745889190476	-0.10618782430952384
28850000	28899999	0.3484344450428571	0.4453745889190476	-0.09694014387619049
28900000	28949999	0.35848185634285706	0.4453745889190476	-0.08689273257619051
28950000	28999999	0.3698359075428571	0.4453745889190476	-0.07553868137619046
29000000	29049999	0.3704552001190476	0.4453745889190476	-0.07491938879999999
29050000	29099999	0.37747489179999993	0.4453745889190476	-0.06789969711904764
29100000	29149999	0.3720327092238095	0.4453745889190476	-0.07334187969523809
29150000	29199999	0.3880270177238095	0.4453745889190476	-0.05734757119523809
29200000	29249999	0.39896031297142853	0.4453745889190476	-0.046414275947619044
29250000	29299999	0.398369206847619	0.4453745889190476	-0.04700538207142857
29300000	29349999	0.4009488201714285	0.4453745889190476	-0.044425768747619054
29350000	29399999	0.3941554262333333	0.4453745889190476	-0.0512191626857143
29400000	29449999	0.3816508032380952	0.4453745889190476	-0.06372378568095238
29450000	29499999	0.3683241280666666	0.4453745889190476	-0.07705046085238099
29500000	29549999	0.3514288022380952	0.4453745889190476	-0.09394578668095238
29550000	29599999	0.346664407347619	0.4453745889190476	-0.09871018157142858
29600000	29649999	0.3377316310047619	0.4453745889190476	-0.10764295791428569
29650000	29699999	0.3268205878095237	0.4453745889190476	-0.11855400110952385
29700000	29749999	0.30234161271428567	0.4453745889190476	-0.1430329762047619
29750000	29799999	0.3020365928666666	0.4453745889190476	-0.14333799605238096
29800000	29849999	0.29041771258571425	0.4453745889190476	-0.15495687633333333
29850000	29899999	0.2891638671761904	0.4453745889190476	-0.15621072174285716
29900000	29949999	0.29654747041428564	0.4453745889190476	-0.14882711850476193
29950000	29999999	0.3610208634095237	0.4453745889190476	-0.08435372550952386
30000000	30049999	0.39194827821904754	0.4453745889190476	-0.053426310700000035
30050000	30099999	0.396048737747619	0.4453745889190476	-0.04932585117142857
30100000	30149999	0.3928541092523809	0.4453745889190476	-0.052520479666666675
30150000	30199999	0.39742114773809517	0.4453745889190476	-0.047953441180952405
30200000	30249999	0.3843009589904761	0.4453745889190476	-0.06107362992857146
30250000	30299999	0.3766808163571428	0.4453745889190476	-0.06869377256190479
30300000	30349999	0.38161400477142854	0.4453745889190476	-0.06376058414761904
30350000	30399999	0.3785606751523809	0.4453745889190476	-0.06681391376666668
30400000	30449999	0.3821366482952381	0.4453745889190476	-0.0632379406238095
30450000	30499999	0.38194087733333326	0.4453745889190476	-0.06343371158571431
30500000	30549999	0.38843355859999995	0.4453745889190476	-0.056941030319047625
30550000	30599999	0.39351338308571426	0.4453745889190476	-0.05186120583333331
30600000	30649999	0.38761958419523806	0.4453745889190476	-0.05775500472380951
30650000	30699999	0.3822842586714285	0.4453745889190476	-0.06309033024761906
30700000	30749999	0.37661883585714284	0.4453745889190476	-0.06875575306190473
30750000	30799999	0.3609386241571428	0.4453745889190476	-0.08443596476190479
30800000	30849999	0.35406643671428567	0.4453745889190476	-0.0913081522047619
30850000	30899999	0.3458262236714285	0.4453745889190476	-0.09954836524761906
30900000	30949999	0.34359672791428564	0.4453745889190476	-0.10177786100476194
30950000	30999999	0.3435026974190476	0.4453745889190476	-0.10187189149999998
31000000	31049999	0.2851723996190476	0.4453745889190476	-0.16020218929999996
31050000	31099999	0.24941155473809518	0.4453745889190476	-0.1959630341809524
31100000	31149999	0.24265402841904754	0.4453745889190476	-0.20272056050000004
31150000	31199999	0.25110082379047616	0.4453745889190476	-0.19427376512857142
31200000	31249999	0.2472371445619047	0.4453745889190476	-0.19813744435714287
31250000	31299999	0.24423986633333328	0.4453745889190476	-0.2011347225857143
31300000	31349999	0.23563670179047613	0.4453745889190476	-0.20973788712857144
31350000	31399999	0.23131378852857135	0.4453745889190476	-0.21406080039047623
31400000	31449999	0.23663002908571423	0.4453745889190476	-0.20874455983333334
31450000	31499999	0.22852920280952374	0.4453745889190476	-0.21684538610952384
31500000	31549999	0.2298297304571428	0.4453745889190476	-0.21554485846190477
31550000	31599999	0.22737649629999995	0.4453745889190476	-0.21799809261904762
31600000	31649999	0.22694385893809518	0.4453745889190476	-0.2184307299809524
31650000	31699999	0.2190361455714285	0.4453745889190476	-0.22633844334761907
31700000	31749999	0.21454665465238082	0.4453745889190476	-0.23082793426666676
31750000	31799999	0.21331688302380944	0.4453745889190476	-0.23205770589523814
31800000	31849999	0.2180296587190476	0.4453745889190476	-0.2273449302
31850000	31899999	0.2124436812047619	0.4453745889190476	-0.23293090771428568
31900000	31949999	0.21978923594285707	0.4453745889190476	-0.2255853529761905
31950000	31999999	0.21795128600952376	0.4453745889190476	-0.2274233029095238
32000000	32049999	0.20821351861428572	0.4453745889190476	-0.23716107030476186
32050000	32099999	0.1994825530142857	0.4453745889190476	-0.24589203590476189
32100000	32149999	0.20885346623809517	0.4453745889190476	-0.2365211226809524
32150000	32199999	0.20880131583809522	0.4453745889190476	-0.23657327308095236
32200000	32249999	0.20638688143809514	0.4453745889190476	-0.23898770748095244
32250000	32299999	0.2255628075809523	0.4453745889190476	-0.21981178133809529
32300000	32349999	0.24291226471904762	0.4453745889190476	-0.20246232419999996
32350000	32399999	0.2758521984761904	0.4453745889190476	-0.16952239044285716
32400000	32449999	0.3064237074380952	0.4453745889190476	-0.13895088148095236
32450000	32499999	0.31757044980952376	0.4453745889190476	-0.12780413910952382
32500000	32549999	0.3367094981857142	0.4453745889190476	-0.10866509073333336
32550000	32599999	0.3532911961857142	0.4453745889190476	-0.09208339273333338
32600000	32649999	0.36257199893333325	0.4453745889190476	-0.08280258998571433
32650000	32699999	0.3803156752523809	0.4453745889190476	-0.06505891366666666
32700000	32749999	0.3882940944285714	0.4453745889190476	-0.0570804944904762
32750000	32799999	0.4068518153523809	0.4453745889190476	-0.03852277356666667
32800000	32849999	0.4178504212904761	0.4453745889190476	-0.02752416762857146
32850000	32899999	0.4313405010714285	0.4453745889190476	-0.014034087847619059
32900000	32949999	0.4419554991238095	0.4453745889190476	-0.003419089795238084
32950000	32999999	0.4628302342333333	0.4453745889190476	0.017455645314285728
33000000	33049999	0.4882824955999999	0.4453745889190476	0.042907906680952346
33050000	33099999	0.49990952357142854	0.4453745889190476	0.05453493465238096
33100000	33149999	0.512329557447619	0.4453745889190476	0.06695496852857141
33150000	33199999	0.5076019648619047	0.4453745889190476	0.0622273759428571
33200000	33249999	0.5095902826571428	0.4453745889190476	0.06421569373809521
33250000	33299999	0.520686776747619	0.4453745889190476	0.07531218782857141
33300000	33349999	0.5196215738666666	0.4453745889190476	0.07424698494761905
33350000	33399999	0.5157584422857142	0.4453745889190476	0.07038385336666664
33400000	33449999	0.4973293752380952	0.4453745889190476	0.0519547863190476
33450000	33499999	0.4700548777523809	0.4453745889190476	0.02468028883333334
33500000	33549999	0.45974430183809517	0.4453745889190476	0.014369712919047595
33550000	33599999	0.4503685369142857	0.4453745889190476	0.004993947995238113
33600000	33649999	0.434104482247619	0.4453745889190476	-0.011270106671428581
33650000	33699999	0.42681785009999995	0.4453745889190476	-0.018556738819047625
33700000	33749999	0.41204349879999996	0.4453745889190476	-0.03333109011904761
33750000	33799999	0.4146917047380952	0.4453745889190476	-0.030682884180952386
33800000	33849999	0.4051146413380952	0.4453745889190476	-0.04025994758095236
33850000	33899999	0.40045832842380946	0.4453745889190476	-0.044916260495238114
33900000	33949999	0.39591301978571425	0.4453745889190476	-0.04946156913333333
33950000	33999999	0.40587422639523807	0.4453745889190476	-0.03950036252380951
34000000	34049999	0.39173719998571427	0.4453745889190476	-0.05363738893333331
34050000	34099999	0.3833794968333333	0.4453745889190476	-0.0619950920857143
34100000	34149999	0.3863592455380952	0.4453745889190476	-0.05901534338095238
34150000	34199999	0.4025115281809523	0.4453745889190476	-0.04286306073809526
34200000	34249999	0.41844606332857137	0.4453745889190476	-0.026928525590476204
34250000	34299999	0.4339961312619047	0.4453745889190476	-0.011378457657142849
34300000	34349999	0.43374152400476185	0.4453745889190476	-0.011633064914285729
34350000	34399999	0.4415057071428571	0.4453745889190476	-0.0038688817761904915
34400000	34449999	0.4488846743142857	0.4453745889190476	0.003510085395238116
34450000	34499999	0.45219512040952375	0.4453745889190476	0.006820531490476178
34500000	34549999	0.4637843297142857	0.4453745889190476	0.018409740795238105
34550000	34599999	0.46340776797619043	0.4453745889190476	0.018033179057142856
34600000	34649999	0.47568266779523805	0.4453745889190476	0.03030807887619047
34650000	34699999	0.48521443977619044	0.4453745889190476	0.03983985085714287
34700000	34749999	0.49487641205714283	0.4453745889190476	0.04950182313809526
34750000	34799999	0.5044483393047619	0.4453745889190476	0.059073750385714274
34800000	34849999	0.5146472941047618	0.4453745889190476	0.06927270518571427
34850000	34899999	0.5248876066190475	0.4453745889190476	0.07951301769999997
34900000	34949999	0.5303509981523808	0.4453745889190476	0.08497640923333327
34950000	34999999	0.5307442192285714	0.4453745889190476	0.08536963030952383
35000000	35049999	0.5195048251238095	0.4453745889190476	0.07413023620476189
35050000	35099999	0.5212995909761904	0.4453745889190476	0.07592500205714281
35100000	35149999	0.5218186863761904	0.4453745889190476	0.07644409745714287
35150000	35199999	0.526324805095238	0.4453745889190476	0.08095021617619047
35200000	35249999	0.5214115683238095	0.4453745889190476	0.07603697940476195
35250000	35299999	0.512964624847619	0.4453745889190476	0.06759003592857138
35300000	35349999	0.5087886621047618	0.4453745889190476	0.06341407318571424
35350000	35399999	0.5081265918857143	0.4453745889190476	0.06275200296666672
35400000	35449999	0.4977959976952381	0.4453745889190476	0.0524214087761905
35450000	35499999	0.4913823838142857	0.4453745889190476	0.0460077948952381
35500000	35549999	0.5005039038761905	0.4453745889190476	0.055129314957142905
35550000	35599999	0.4995970017523809	0.4453745889190476	0.054222412833333344
35600000	35649999	0.5088646168571428	0.4453745889190476	0.06349002793809522
35650000	35699999	0.5083587145428571	0.4453745889190476	0.0629841256238095
35700000	35749999	0.5253651620714285	0.4453745889190476	0.0799905731523809
35750000	35799999	0.5223736993714285	0.4453745889190476	0.07699911045238095
35800000	35849999	0.5204420420714285	0.4453745889190476	0.07506745315238095
35850000	35899999	0.5197401974809523	0.4453745889190476	0.07436560856190477
35900000	35949999	0.5184463843857142	0.4453745889190476	0.07307179546666664
35950000	35999999	0.5216500062238094	0.4453745889190476	0.07627541730476184
36000000	36049999	0.5285822646380952	0.4453745889190476	0.08320767571904764
36050000	36099999	0.5244238942285714	0.4453745889190476	0.07904930530952381
36100000	36149999	0.5227491725285713	0.4453745889190476	0.07737458360952376
36150000	36199999	0.5168487081571428	0.4453745889190476	0.07147411923809521
36200000	36249999	0.5038959616904761	0.4453745889190476	0.05852137277142855
36250000	36299999	0.4814596651666666	0.4453745889190476	0.03608507624761903
36300000	36349999	0.4637313256047619	0.4453745889190476	0.018356736685714303
36350000	36399999	0.45519385226190473	0.4453745889190476	0.009819263342857154
36400000	36449999	0.44553108109523804	0.4453745889190476	0.0001564921761904592
36450000	36499999	0.4395416450666666	0.4453745889190476	-0.0058329438523809785
36500000	36549999	0.4373779661095238	0.4453745889190476	-0.00799662280952379
36550000	36599999	0.42035414590952375	0.4453745889190476	-0.02502044300952383
36600000	36649999	0.40364752199047615	0.4453745889190476	-0.04172706692857142
36650000	36699999	0.39183973887619045	0.4453745889190476	-0.05353485004285713
36700000	36749999	0.3807097143333333	0.4453745889190476	-0.0646648745857143
36750000	36799999	0.35858349612380946	0.4453745889190476	-0.08679109279523811
36800000	36849999	0.34699975386190474	0.4453745889190476	-0.09837483505714284
36850000	36899999	0.3407076148142857	0.4453745889190476	-0.10466697410476189
36900000	36949999	0.3238898484380952	0.4453745889190476	-0.12148474048095237
36950000	36999999	0.30267594483333327	0.4453745889190476	-0.1426986440857143
37000000	37049999	0.28894654414285714	0.4453745889190476	-0.15642804477619043
37050000	37099999	0.28222542211904755	0.4453745889190476	-0.16314916680000002
37100000	37149999	0.27823217561904756	0.4453745889190476	-0.16714241330000001
37150000	37199999	0.26925996789523804	0.4453745889190476	-0.17611462102380954
37200000	37249999	0.26216908149999996	0.4453745889190476	-0.18320550741904762
37250000	37299999	0.2559141633904761	0.4453745889190476	-0.18946042552857145
37300000	37349999	0.24922910040952376	0.4453745889190476	-0.19614548850952382
37350000	37399999	0.25272788563333326	0.4453745889190476	-0.19264670328571432
37400000	37449999	0.25580569685714283	0.4453745889190476	-0.18956889206190475
37450000	37499999	0.25046758138571423	0.4453745889190476	-0.19490700753333334
37500000	37549999	0.23940150563333332	0.4453745889190476	-0.20597308328571426
37550000	37599999	0.24802546789523808	0.4453745889190476	-0.1973491210238095
37600000	37649999	0.24870953460952375	0.4453745889190476	-0.19666505430952383
37650000	37699999	0.2524685545142856	0.4453745889190476	-0.19290603440476195
37700000	37749999	0.26752311040476184	0.4453745889190476	-0.17785147851428573
37750000	37799999	0.2692621792333333	0.4453745889190476	-0.1761124096857143
37800000	37849999	0.2679959855285714	0.4453745889190476	-0.17737860339047617
37850000	37899999	0.27528287860476186	0.4453745889190476	-0.17009171031428572
37900000	37949999	0.2797032705857142	0.4453745889190476	-0.16567131833333337
37950000	37999999	0.2904055456333333	0.4453745889190476	-0.15496904328571426
38000000	38049999	0.3043293182571428	0.4453745889190476	-0.14104527066190475
38050000	38099999	0.31255019122380945	0.4453745889190476	-0.13282439769523813
38100000	38149999	0.32338110095238093	0.4453745889190476	-0.12199348796666665
38150000	38199999	0.33260589840952376	0.4453745889190476	-0.11276869050952382
38200000	38249999	0.34216791481904757	0.4453745889190476	-0.1032066741
38250000	38299999	0.35640456540476184	0.4453745889190476	-0.08897002351428573
38300000	38349999	0.37762877101904757	0.4453745889190476	-0.0677458179
38350000	38399999	0.4048274321619047	0.4453745889190476	-0.04054715675714288
38400000	38449999	0.4271317774666666	0.4453745889190476	-0.01824281145238099
38450000	38499999	0.42910735592380944	0.4453745889190476	-0.016267232995238134
38500000	38549999	0.44838643330952377	0.4453745889190476	0.0030118443904761927
38550000	38599999	0.46471909350476187	0.4453745889190476	0.019344504585714295
38600000	38649999	0.4726456143571428	0.4453745889190476	0.02727102543809523
38650000	38699999	0.48414181598095235	0.4453745889190476	0.038767227061904774
38700000	38749999	0.4916083299238095	0.4453745889190476	0.04623374100476191
38750000	38799999	0.4895477353666666	0.4453745889190476	0.04417314644761905
38800000	38849999	0.4955481487238095	0.4453745889190476	0.0501735598047619
38850000	38899999	0.5046464347476189	0.4453745889190476	0.05927184582857137
38900000	38949999	0.5198491493619047	0.4453745889190476	0.07447456044285716
38950000	38999999	0.5302694713809524	0.4453745889190476	0.0848948824619048
39000000	39049999	0.5370957432238095	0.4453745889190476	0.09172115430476191
39050000	39099999	0.5485595881809523	0.4453745889190476	0.10318499926190472
39100000	39149999	0.5505725723380952	0.4453745889190476	0.10519798341904762
39150000	39199999	0.5429055571571428	0.4453745889190476	0.09753096823809526
39200000	39249999	0.5503386641857142	0.4453745889190476	0.10496407526666662
39250000	39299999	0.5442400454238094	0.4453745889190476	0.09886545650476186
39300000	39349999	0.5457140714333333	0.4453745889190476	0.1003394825142857
39350000	39399999	0.5388636032999999	0.4453745889190476	0.09348901438095236
39400000	39449999	0.5338972578619048	0.4453745889190476	0.08852266894285721
39450000	39499999	0.5265560475285714	0.4453745889190476	0.08118145860952386
39500000	39549999	0.5365573063380952	0.4453745889190476	0.0911827174190476
39550000	39599999	0.5420171316857143	0.4453745889190476	0.09664254276666673
39600000	39649999	0.5612182996999999	0.4453745889190476	0.11584371078095235
39650000	39699999	0.5513029167142857	0.4453745889190476	0.10592832779523809
39700000	39749999	0.5507955195857143	0.4453745889190476	0.10542093066666669
39750000	39799999	0.5593275997761904	0.4453745889190476	0.11395301085714282
39800000	39849999	0.5612435596619048	0.4453745889190476	0.11586897074285718
39850000	39899999	0.554344872447619	0.4453745889190476	0.10897028352857141
39900000	39949999	0.5541469077857142	0.4453745889190476	0.1087723188666666
39950000	39999999	0.5485412116523809	0.4453745889190476	0.10316662273333332
40000000	40049999	0.5497271210238095	0.4453745889190476	0.10435253210476192
40050000	40099999	0.5790334897285714	0.4453745889190476	0.1336589008095238
40100000	40149999	0.5659643987571428	0.4453745889190476	0.1205898098380952
40150000	40199999	0.5726862502714285	0.4453745889190476	0.12731166135238092
40200000	40249999	0.5691499609142856	0.4453745889190476	0.12377537199523803
40250000	40299999	0.5617742731619046	0.4453745889190476	0.11639968424285707
40300000	40349999	0.567210495347619	0.4453745889190476	0.12183590642857145
40350000	40399999	0.5685305787523809	0.4453745889190476	0.12315598983333331
40400000	40449999	0.5698565838761904	0.4453745889190476	0.12448199495714285
40450000	40499999	0.5742116742904761	0.4453745889190476	0.12883708537142857
40500000	40549999	0.5716713658999999	0.4453745889190476	0.12629677698095232
40550000	40599999	0.5610304392047618	0.4453745889190476	0.11565585028571423
40600000	40649999	0.5516088926190476	0.4453745889190476	0.10623430369999998
40650000	40699999	0.5354765776047619	0.4453745889190476	0.09010198868571428
40700000	40749999	0.535915679495238	0.4453745889190476	0.09054109057619042
40750000	40799999	0.5394192523333333	0.4453745889190476	0.09404466341428575
40800000	40849999	0.5343630414619047	0.4453745889190476	0.08898845254285714
40850000	40899999	0.5430395548190476	0.4453745889190476	0.09766496590000007
40900000	40949999	0.5719469129380952	0.4453745889190476	0.1265723240190476
40950000	40999999	0.5778237777238096	0.4453745889190476	0.13244918880476197
41000000	41049999	0.5778288613809524	0.4453745889190476	0.13245427246190478
41050000	41099999	0.5762042556380952	0.4453745889190476	0.1308296667190476
41100000	41149999	0.5449052140904761	0.4453745889190476	0.09953062517142852
41150000	41199999	0.5510146545428571	0.4453745889190476	0.10564006562380956
41200000	41249999	0.5411411141761904	0.4453745889190476	0.0957665252571428
41250000	41299999	0.5513139006	0.4453745889190476	0.10593931168095239
41300000	41349999	0.5548566122666666	0.4453745889190476	0.10948202334761903
41350000	41399999	0.5531975427142857	0.4453745889190476	0.1078229537952381
41400000	41449999	0.5483859484571428	0.4453745889190476	0.10301135953809526
41450000	41499999	0.5331138647238095	0.4453745889190476	0.08773927580476193
41500000	41549999	0.5193219958333333	0.4453745889190476	0.0739474069142857
41550000	41599999	0.5259442714666666	0.4453745889190476	0.08056968254761898
41600000	41649999	0.5331172997666666	0.4453745889190476	0.08774271084761898
41650000	41699999	0.5315906395619047	0.4453745889190476	0.08621605064285709
41700000	41749999	0.5273895214857143	0.4453745889190476	0.0820149325666667
41750000	41799999	0.5251738105904762	0.4453745889190476	0.07979922167142861
41800000	41849999	0.5228382861142857	0.4453745889190476	0.07746369719523816
41850000	41899999	0.522054047147619	0.4453745889190476	0.07667945822857147
41900000	41949999	0.4997489151238095	0.4453745889190476	0.0543743262047619
41950000	41999999	0.4793669307571428	0.4453745889190476	0.03399234183809524
42000000	42049999	0.4756957502904761	0.4453745889190476	0.03032116137142854
42050000	42099999	0.462902763447619	0.4453745889190476	0.017528174528571416
42100000	42149999	0.4560511122380952	0.4453745889190476	0.010676523319047615
42150000	42199999	0.4468246174571428	0.4453745889190476	0.0014500285380952271
42200000	42249999	0.4485542076238095	0.4453745889190476	0.0031796187047619107
42250000	42299999	0.45702867710476186	0.4453745889190476	0.011654088185714284
42300000	42349999	0.4588875395666666	0.4453745889190476	0.013512950647619038
42350000	42399999	0.45708002989523805	0.4453745889190476	0.011705440976190473
42400000	42449999	0.46428421435714284	0.4453745889190476	0.018909625438095268
42450000	42499999	0.47074205518571427	0.4453745889190476	0.025367466266666694
42500000	42549999	0.48054272958095234	0.4453745889190476	0.03516814066190477
42550000	42599999	0.48613738441428567	0.4453745889190476	0.04076279549523809
42600000	42649999	0.47629409178095233	0.4453745889190476	0.030919502861904757
42650000	42699999	0.4580170035523809	0.4453745889190476	0.012642414633333321
42700000	42749999	0.46655102858571423	0.4453745889190476	0.021176439666666658
42750000	42799999	0.48744109876666664	0.4453745889190476	0.04206650984761906
42800000	42849999	0.500500306252381	0.4453745889190476	0.05512571733333338
42850000	42899999	0.501516553247619	0.4453745889190476	0.056141964328571436
42900000	42949999	0.49964538625238086	0.4453745889190476	0.05427079733333329
42950000	42999999	0.5083016191761904	0.4453745889190476	0.06292703025714286
43000000	43049999	0.5102898349190476	0.4453745889190476	0.06491524599999998
43050000	43099999	0.5154200987761904	0.4453745889190476	0.07004550985714286
43100000	43149999	0.5260932229333333	0.4453745889190476	0.0807186340142857
43150000	43199999	0.5321083554571427	0.4453745889190476	0.08673376653809517
43200000	43249999	0.5432283478666666	0.4453745889190476	0.09785375894761905
43250000	43299999	0.5490570392238094	0.4453745889190476	0.10368245030476186
43300000	43349999	0.5396422473857142	0.4453745889190476	0.09426765846666663
43350000	43399999	0.5197498056	0.4453745889190476	0.07437521668095237
43400000	43449999	0.5252241754809523	0.4453745889190476	0.07984958656190477
43450000	43499999	0.5209863742380951	0.4453745889190476	0.07561178531904755
43500000	43549999	0.5128495989333333	0.4453745889190476	0.06747501001428569
43550000	43599999	0.5142213048428571	0.4453745889190476	0.06884671592380953
43600000	43649999	0.5211014822238095	0.4453745889190476	0.0757268933047619
43650000	43699999	0.5329882796761904	0.4453745889190476	0.08761369075714287
43700000	43749999	0.5537989858095238	0.4453745889190476	0.10842439689047623
43750000	43799999	0.5541594041380952	0.4453745889190476	0.10878481521904759
43800000	43849999	0.5326597200190475	0.4453745889190476	0.08728513109999991
43850000	43899999	0.5338564852047618	0.4453745889190476	0.08848189628571423
43900000	43949999	0.542263518295238	0.4453745889190476	0.09688892937619042
43950000	43999999	0.5475508968666666	0.4453745889190476	0.102176307947619
44000000	44049999	0.5565530812904761	0.4453745889190476	0.11117849237142852
44050000	44099999	0.5497125110142856	0.4453745889190476	0.10433792209523807
44100000	44149999	0.5500209576333333	0.4453745889190476	0.10464636871428568
44150000	44199999	0.5544236567238094	0.4453745889190476	0.10904906780476187
44200000	44249999	0.5471056082285713	0.4453745889190476	0.10173101930952377
44250000	44299999	0.5446279829571428	0.4453745889190476	0.09925339403809519
44300000	44349999	0.5435137735190476	0.4453745889190476	0.09813918460000004
44350000	44399999	0.5652417350523808	0.4453745889190476	0.11986714613333327
44400000	44449999	0.5694525911999999	0.4453745889190476	0.12407800228095234
44450000	44499999	0.5560851386904762	0.4453745889190476	0.11071054977142858
44500000	44549999	0.5513466968857142	0.4453745889190476	0.10597210796666667
44550000	44599999	0.5567499569238095	0.4453745889190476	0.11137536800476189
44600000	44649999	0.557287446147619	0.4453745889190476	0.11191285722857147
44650000	44699999	0.5580952195571428	0.4453745889190476	0.11272063063809523
44700000	44749999	0.5569134625571428	0.4453745889190476	0.11153887363809523
44750000	44799999	0.5517516374333333	0.4453745889190476	0.10637704851428575
44800000	44849999	0.5507212699285714	0.4453745889190476	0.10534668100952382
44850000	44899999	0.5539934736904761	0.4453745889190476	0.10861888477142856
44900000	44949999	0.5448452073047618	0.4453745889190476	0.09947061838571425
44950000	44999999	0.5372510932809523	0.4453745889190476	0.09187650436190475
45000000	45049999	0.5444882597190476	0.4453745889190476	0.0991136708
45050000	45099999	0.5366279740857143	0.4453745889190476	0.0912533851666667
45100000	45149999	0.5408425926619047	0.4453745889190476	0.09546800374285713
45150000	45199999	0.5369832416904762	0.4453745889190476	0.0916086527714286
45200000	45249999	0.5356910133523809	0.4453745889190476	0.09031642443333332
45250000	45299999	0.5412440197809523	0.4453745889190476	0.09586943086190469
45300000	45349999	0.5402039800619047	0.4453745889190476	0.09482939114285716
45350000	45399999	0.5348061180333332	0.4453745889190476	0.08943152911428565
45400000	45449999	0.5280512540809523	0.4453745889190476	0.08267666516190475
45450000	45499999	0.5442544035523809	0.4453745889190476	0.09887981463333329
45500000	45549999	0.5515230602238095	0.4453745889190476	0.1061484713047619
45550000	45599999	0.5611262987904762	0.4453745889190476	0.11575170987142858
45600000	45649999	0.5556583563523809	0.4453745889190476	0.11028376743333335
45650000	45699999	0.5586503848857143	0.4453745889190476	0.1132757959666667
45700000	45749999	0.5612034339047619	0.4453745889190476	0.11582884498571433
45750000	45799999	0.5569600860761904	0.4453745889190476	0.11158549715714283
45800000	45849999	0.5515529581952381	0.4453745889190476	0.10617836927619051
45850000	45899999	0.543307707495238	0.4453745889190476	0.09793311857619047
45900000	45949999	0.5423922660238094	0.4453745889190476	0.09701767710476183
45950000	45999999	0.534193851495238	0.4453745889190476	0.08881926257619044
46000000	46049999	0.5248297085904762	0.4453745889190476	0.0794551196714286
46050000	46099999	0.5323984743761905	0.4453745889190476	0.0870238854571429
46100000	46149999	0.5388028683428571	0.4453745889190476	0.09342827942380949
46150000	46199999	0.5428764879142857	0.4453745889190476	0.09750189899523809
46200000	46249999	0.5415951408857143	0.4453745889190476	0.09622055196666668
46250000	46299999	0.5387847166333333	0.4453745889190476	0.0934101277142857
46300000	46349999	0.5257331880761904	0.4453745889190476	0.08035859915714283
46350000	46399999	0.5137320533666666	0.4453745889190476	0.06835746444761903
46400000	46449999	0.5114675375333333	0.4453745889190476	0.06609294861428572
46450000	46499999	0.49661982275714284	0.4453745889190476	0.05124523383809526
46500000	46549999	0.4927942363428571	0.4453745889190476	0.0474196474238095
46550000	46599999	0.5074265433333333	0.4453745889190476	0.06205195441428568
46600000	46649999	0.5042942641142857	0.4453745889190476	0.05891967519523811
46650000	46699999	0.5101392009666667	0.4453745889190476	0.06476461204761907
46700000	46749999	0.5092112519952381	0.4453745889190476	0.06383666307619051
46750000	46799999	0.5045323386761904	0.4453745889190476	0.05915774975714283
46800000	46849999	0.5132324254190476	0.4453745889190476	0.06785783649999999
46850000	46899999	0.5274461100857142	0.4453745889190476	0.0820715211666666
46900000	46949999	0.5311897062095238	0.4453745889190476	0.0858151172904762
46950000	46999999	0.537630152047619	0.4453745889190476	0.09225556312857142
47000000	47049999	0.5406584829761905	0.4453745889190476	0.09528389405714288
47050000	47099999	0.5436855246619047	0.4453745889190476	0.0983109357428571
47100000	47149999	0.5387433436761904	0.4453745889190476	0.09336875475714279
47150000	47199999	0.5368026663047618	0.4453745889190476	0.09142807738571423
47200000	47249999	0.5322556130857142	0.4453745889190476	0.08688102416666665
47250000	47299999	0.5324390717999999	0.4453745889190476	0.08706448288095237
47300000	47349999	0.5352834938142856	0.4453745889190476	0.08990890489523806
47350000	47399999	0.543048142447619	0.4453745889190476	0.09767355352857143
47400000	47449999	0.5436674073714285	0.4453745889190476	0.09829281845238091
47450000	47499999	0.5406717205666666	0.4453745889190476	0.095297131647619
47500000	47549999	0.5486079018047618	0.4453745889190476	0.10323331288571425
47550000	47599999	0.5483857900285714	0.4453745889190476	0.10301120110952378
47600000	47649999	0.5360750184952381	0.4453745889190476	0.09070042957619051
47650000	47699999	0.5246292640523809	0.4453745889190476	0.07925467513333329
47700000	47749999	0.5146007736714285	0.4453745889190476	0.06922618475238096
47750000	47799999	0.5070035067523809	0.4453745889190476	0.06162891783333335
47800000	47849999	0.49716362579523804	0.4453745889190476	0.051789036876190464
47850000	47899999	0.4901850882761904	0.4453745889190476	0.04481049935714282
47900000	47949999	0.4687769796238095	0.4453745889190476	0.02340239070476191
47950000	47999999	0.46537499407619043	0.4453745889190476	0.020000405157142853
48000000	48049999	0.4591280730380952	0.4453745889190476	0.013753484119047643
48050000	48099999	0.4622806194380952	0.4453745889190476	0.0169060305190476
48100000	48149999	0.46061479726666665	0.4453745889190476	0.015240208347619078
48150000	48199999	0.4398564442761904	0.4453745889190476	-0.005518144642857159
48200000	48249999	0.4436590727238095	0.4453745889190476	-0.001715516195238076
48250000	48299999	0.44840772846190474	0.4453745889190476	0.003033139542857166
48300000	48349999	0.45283551170952374	0.4453745889190476	0.0074609227904761655
48350000	48399999	0.4451819366333333	0.4453745889190476	-0.00019265228571430093
48400000	48449999	0.4487387600523809	0.4453745889190476	0.0033641711333333157
48450000	48499999	0.45490780782380946	0.4453745889190476	0.009533218904761886
48500000	48549999	0.4535346918380952	0.4453745889190476	0.008160102919047618
48550000	48599999	0.45271749027142855	0.4453745889190476	0.0073429013523809705
48600000	48649999	0.45963619904285713	0.4453745889190476	0.014261610123809554
48650000	48699999	0.4606454219095238	0.4453745889190476	0.015270832990476213
48700000	48749999	0.4777099111666666	0.4453745889190476	0.032335322247619036
48750000	48799999	0.49279980287619046	0.4453745889190476	0.04742521395714289
48800000	48849999	0.5011818385428571	0.4453745889190476	0.05580724962380956
48850000	48899999	0.5246979994761904	0.4453745889190476	0.07932341055714287
48900000	48949999	0.5284832358428571	0.4453745889190476	0.08310864692380948
48950000	48999999	0.5506617776095237	0.4453745889190476	0.10528718869047615
49000000	49049999	0.5593913189619047	0.4453745889190476	0.11401673004285717
49050000	49099999	0.5570176489619048	0.4453745889190476	0.11164306004285718
49100000	49149999	0.5503263235142857	0.4453745889190476	0.1049517345952381
49150000	49199999	0.5501346761190475	0.4453745889190476	0.10476008719999996
49200000	49249999	0.5678636040904761	0.4453745889190476	0.12248901517142852
49250000	49299999	0.5679188646571428	0.4453745889190476	0.12254427573809523
49300000	49349999	0.5621328880380952	0.4453745889190476	0.11675829911904767
49350000	49399999	0.562042826095238	0.4453745889190476	0.11666823717619046
49400000	49449999	0.5758780189666666	0.4453745889190476	0.130503430047619
49450000	49499999	0.5794829725714286	0.4453745889190476	0.13410838365238098
49500000	49549999	0.5866130805095238	0.4453745889190476	0.1412384915904762
49550000	49599999	0.5889333260999999	0.4453745889190476	0.14355873718095236
49600000	49649999	0.5852769654380952	0.4453745889190476	0.13990237651904758
49650000	49699999	0.5709179897238095	0.4453745889190476	0.1255434008047619
49700000	49749999	0.5738965993571428	0.4453745889190476	0.1285220104380952
49750000	49799999	0.5641739042380952	0.4453745889190476	0.11879931531904764
49800000	49849999	0.5481205993714285	0.4453745889190476	0.10274601045238096
49850000	49899999	0.5551618333666666	0.4453745889190476	0.109787244447619
49900000	49949999	0.5334828327428571	0.4453745889190476	0.08810824382380955
49950000	49999999	0.5214084338523809	0.4453745889190476	0.07603384493333332
50000000	50049999	0.5056158060047619	0.4453745889190476	0.06024121708571428
50050000	50099999	0.4973089205333333	0.4453745889190476	0.051934331614285734
50100000	50149999	0.5008283668333333	0.4453745889190476	0.05545377791428574
50150000	50199999	0.4989845834333333	0.4453745889190476	0.05360999451428572
50200000	50249999	0.49318817567142853	0.4453745889190476	0.047813586752380954
50250000	50299999	0.4848457022619047	0.4453745889190476	0.039471113342857134
50300000	50349999	0.47079455657619046	0.4453745889190476	0.025419967657142883
50350000	50399999	0.4758903154190476	0.4453745889190476	0.030515726500000007
50400000	50449999	0.46650468656190475	0.4453745889190476	0.02113009764285717
50450000	50499999	0.4465522395857142	0.4453745889190476	0.0011776506666666409
50500000	50549999	0.433975200547619	0.4453745889190476	-0.011399388371428565
50550000	50599999	0.42294150559047616	0.4453745889190476	-0.022433083328571413
50600000	50649999	0.4163643070380952	0.4453745889190476	-0.029010281880952393
50650000	50699999	0.40553897412380946	0.4453745889190476	-0.03983561479523812
50700000	50749999	0.4142571142857142	0.4453745889190476	-0.031117474633333364
50750000	50799999	0.40844358690952376	0.4453745889190476	-0.03693100200952382
50800000	50849999	0.4070724095857142	0.4453745889190476	-0.03830217933333335
50850000	50899999	0.41993345150476186	0.4453745889190476	-0.02544113741428572
50900000	50949999	0.4031435818666666	0.4453745889190476	-0.042231007052380976
50950000	50999999	0.3965198730238095	0.4453745889190476	-0.0488547158952381
51000000	51049999	0.4004853969571428	0.4453745889190476	-0.04488919196190477
51050000	51099999	0.39826242111428567	0.4453745889190476	-0.047112167804761906
51100000	51149999	0.402003845547619	0.4453745889190476	-0.0433707433714286
51150000	51199999	0.40133729035238086	0.4453745889190476	-0.044037298566666716
51200000	51249999	0.41435023892857137	0.4453745889190476	-0.031024349990476208
51250000	51299999	0.42953939911904754	0.4453745889190476	-0.015835189800000038
51300000	51349999	0.4293542342523809	0.4453745889190476	-0.01602035466666668
51350000	51399999	0.4415460570428571	0.4453745889190476	-0.0038285318761904774
51400000	51449999	0.4441984869238095	0.4453745889190476	-0.001176101995238099
51450000	51499999	0.45436764629523807	0.4453745889190476	0.008993057376190494
51500000	51549999	0.4780332507619047	0.4453745889190476	0.03265866184285715
51550000	51599999	0.5051062812380952	0.4453745889190476	0.059731692319047625
51600000	51649999	0.5134508731190476	0.4453745889190476	0.0680762842
51650000	51699999	0.5246904711285714	0.4453745889190476	0.07931588220952379
51700000	51749999	0.534083084047619	0.4453745889190476	0.08870849512857137
51750000	51799999	0.5357581864571428	0.4453745889190476	0.09038359753809522
51800000	51849999	0.5516891577142857	0.4453745889190476	0.10631456879523815
51850000	51899999	0.5584125937380953	0.4453745889190476	0.11303800481904769
51900000	51949999	0.551019919747619	0.4453745889190476	0.10564533082857142
51950000	51999999	0.5573211276666666	0.4453745889190476	0.11194653874761906
52000000	52049999	0.569711559895238	0.4453745889190476	0.12433697097619045
52050000	52099999	0.5773160603238096	0.4453745889190476	0.13194147140476198
52100000	52149999	0.5859543203190476	0.4453745889190476	0.14057973140000002
52150000	52199999	0.5868773453952381	0.4453745889190476	0.14150275647619048
52200000	52249999	0.5841875908380952	0.4453745889190476	0.13881300191904766
52250000	52299999	0.5737434714428571	0.4453745889190476	0.1283688825238095
52300000	52349999	0.5633803085142857	0.4453745889190476	0.11800571959523809
52350000	52399999	0.5545489928857142	0.4453745889190476	0.10917440396666667
52400000	52449999	0.5411145495666666	0.4453745889190476	0.09573996064761903
52450000	52499999	0.5240210180190477	0.4453745889190476	0.07864642910000008
52500000	52549999	0.5204183689523809	0.4453745889190476	0.07504378003333334
52550000	52599999	0.5068817856809523	0.4453745889190476	0.06150719676190475
52600000	52649999	0.4870117046523809	0.4453745889190476	0.04163711573333334
52650000	52699999	0.49413340005714285	0.4453745889190476	0.04875881113809527
52700000	52749999	0.5015741712285714	0.4453745889190476	0.05619958230952382
52750000	52799999	0.5177005048904761	0.4453745889190476	0.07232591597142857
52800000	52849999	0.5144482658571429	0.4453745889190476	0.0690736769380953
52850000	52899999	0.5079693210095237	0.4453745889190476	0.06259473209047617
52900000	52949999	0.5054993024619048	0.4453745889190476	0.0601247135428572
52950000	52999999	0.5046665393571428	0.4453745889190476	0.05929195043809521
53000000	53049999	0.5020523290761905	0.4453745889190476	0.056677740157142886
53050000	53099999	0.4949907492142857	0.4453745889190476	0.04961616029523813
53100000	53149999	0.4863388077238095	0.4453745889190476	0.04096421880476192
53150000	53199999	0.47588759506666667	0.4453745889190476	0.030513006147619093
53200000	53249999	0.4618512287238095	0.4453745889190476	0.01647663980476194
53250000	53299999	0.44910954700476186	0.4453745889190476	0.0037349580857142795
53300000	53349999	0.44328911616666666	0.4453745889190476	-0.0020854727523809125
53350000	53399999	0.44582960779523806	0.4453745889190476	0.00045501887619048276
53400000	53449999	0.457266750147619	0.4453745889190476	0.011892161228571452
53450000	53499999	0.46981376336666664	0.4453745889190476	0.02443917444761906
53500000	53549999	0.4728693553285714	0.4453745889190476	0.027494766409523808
53550000	53599999	0.4592407445380952	0.4453745889190476	0.013866155619047638
53600000	53649999	0.4556525652523809	0.4453745889190476	0.010277976333333327
53650000	53699999	0.44533782781904757	0.4453745889190476	-3.676110000000454e-05
53700000	53749999	0.43086155304761903	0.4453745889190476	-0.014513035871428548
53750000	53799999	0.4200765424238095	0.4453745889190476	-0.02529804649523809
53800000	53849999	0.40770928827142855	0.4453745889190476	-0.03766530064761903
53850000	53899999	0.4041727332619047	0.4453745889190476	-0.04120185565714285
53900000	53949999	0.3872329784666666	0.4453745889190476	-0.058141610452380976
53950000	53999999	0.3735181930238095	0.4453745889190476	-0.07185639589523807
54000000	54049999	0.36932086430952377	0.4453745889190476	-0.07605372460952381
54050000	54099999	0.3597475732571428	0.4453745889190476	-0.08562701566190478
54100000	54149999	0.3589119536619047	0.4453745889190476	-0.08646263525714287
54150000	54199999	0.36096383538095234	0.4453745889190476	-0.08441075353809524
54200000	54249999	0.363728762947619	0.4453745889190476	-0.08164582597142855
54250000	54299999	0.36784326096666664	0.4453745889190476	-0.07753132795238094
54300000	54349999	0.36986433729523804	0.4453745889190476	-0.07551025162380953
54350000	54399999	0.3748202525095238	0.4453745889190476	-0.0705543364095238
54400000	54449999	0.36721711910476185	0.4453745889190476	-0.07815746981428573
54450000	54499999	0.3538583706333333	0.4453745889190476	-0.09151621828571427
54500000	54549999	0.3425661928761904	0.4453745889190476	-0.10280839604285719
54550000	54599999	0.3496181160285714	0.4453745889190476	-0.09575647289047617
54600000	54649999	0.3512964752333333	0.4453745889190476	-0.09407811368571428
54650000	54699999	0.3515778538857142	0.4453745889190476	-0.09379673503333336
54700000	54749999	0.3370277633619047	0.4453745889190476	-0.10834682555714287
54750000	54799999	0.30999382759999994	0.4453745889190476	-0.13538076131904764
54800000	54849999	0.2706155463428571	0.4453745889190476	-0.17475904257619046
54850000	54899999	0.2585669239999999	0.4453745889190476	-0.18680766491904766
54900000	54949999	0.27058179428571427	0.4453745889190476	-0.1747927946333333
54950000	54999999	0.2876130529428571	0.4453745889190476	-0.15776153597619047
55000000	55049999	0.3052810227999999	0.4453745889190476	-0.14009356611904766
55050000	55099999	0.30705628737142854	0.4453745889190476	-0.13831830154761904
55100000	55149999	0.3172541900619047	0.4453745889190476	-0.12812039885714288
55150000	55199999	0.3197258272523809	0.4453745889190476	-0.12564876166666666
55200000	55249999	0.3241121880095238	0.4453745889190476	-0.12126240090952378
55250000	55299999	0.3184405831857142	0.4453745889190476	-0.12693400573333335
55300000	55349999	0.3251958773428571	0.4453745889190476	-0.12017871157619048
55350000	55399999	0.34533317881904757	0.4453745889190476	-0.1000414101
55400000	55449999	0.352705671347619	0.4453745889190476	-0.09266891757142859
55450000	55499999	0.3611747529380952	0.4453745889190476	-0.08419983598095238
55500000	55549999	0.36689562501904754	0.4453745889190476	-0.07847896390000003
55550000	55599999	0.36637905627619044	0.4453745889190476	-0.07899553264285714
55600000	55649999	0.4032568039047619	0.4453745889190476	-0.0421177850142857
55650000	55699999	0.41025041539523804	0.4453745889190476	-0.03512417352380953
55700000	55749999	0.4003755959904761	0.4453745889190476	-0.04499899292857146
55750000	55799999	0.4243186845666666	0.4453745889190476	-0.021055904352380972
55800000	55849999	0.45766601228571424	0.4453745889190476	0.012291423366666665
55850000	55899999	0.4932558394333333	0.4453745889190476	0.04788125051428571
55900000	55949999	0.5005939377095238	0.4453745889190476	0.055219348790476186
55950000	55999999	0.4844170239619047	0.4453745889190476	0.03904243504285715
56000000	56049999	0.47175959809523804	0.4453745889190476	0.026385009176190466
56050000	56099999	0.458019714847619	0.4453745889190476	0.012645125928571421
56100000	56149999	0.4505849815523809	0.4453745889190476	0.005210392633333338
56150000	56199999	0.4432096089714285	0.4453745889190476	-0.00216497994761905
56200000	56249999	0.43754565729523803	0.4453745889190476	-0.007828931623809543
56250000	56299999	0.4396782117190476	0.4453745889190476	-0.005696377199999991
56300000	56349999	0.44972784822380946	0.4453745889190476	0.004353259304761881
56350000	56399999	0.45091101559523805	0.4453745889190476	0.005536426676190476
56400000	56449999	0.44642214692380944	0.4453745889190476	0.0010475580047618616
56450000	56499999	0.4289653448238095	0.4453745889190476	-0.016409244095238085
56500000	56549999	0.41833416741904755	0.4453745889190476	-0.027040421500000023
56550000	56599999	0.40924733553809517	0.4453745889190476	-0.03612725338095241
56600000	56649999	0.4014104319285714	0.4453745889190476	-0.04396415699047618
56650000	56699999	0.3393538090380952	0.4453745889190476	-0.10602077988095238
56700000	56749999	0.32606450002857135	0.4453745889190476	-0.11931008889047623
56750000	56799999	0.3238732380095238	0.4453745889190476	-0.1215013509095238
56800000	56849999	0.3071427194428571	0.4453745889190476	-0.13823186947619048
56850000	56899999	0.285364142695238	0.4453745889190476	-0.16001044622380955
56900000	56949999	0.27162433906190475	0.4453745889190476	-0.17375024985714282
56950000	56999999	0.25315787042857135	0.4453745889190476	-0.19221671849047622
57000000	57049999	0.2320632637761904	0.4453745889190476	-0.21331132514285717
57050000	57099999	0.21640004012380948	0.4453745889190476	-0.2289745487952381
57100000	57149999	0.20686245168095235	0.4453745889190476	-0.23851213723809522
57150000	57199999	0.20928339519523803	0.4453745889190476	-0.23609119372380954
57200000	57249999	0.21256925342857141	0.4453745889190476	-0.23280533549047616
57250000	57299999	0.2221331370095238	0.4453745889190476	-0.22324145190952377
57300000	57349999	0.21867280401904754	0.4453745889190476	-0.22670178490000004
57350000	57399999	0.2178641912380952	0.4453745889190476	-0.22751039768095238
57400000	57449999	0.21400029751904756	0.4453745889190476	-0.23137429140000002
57450000	57499999	0.1963510061047619	0.4453745889190476	-0.2490235828142857
57500000	57549999	0.19769595593333328	0.4453745889190476	-0.2476786329857143
57550000	57599999	0.20390051683333327	0.4453745889190476	-0.2414740720857143
57600000	57649999	0.22410386964761903	0.4453745889190476	-0.22127071927142855
57650000	57699999	0.2402605916571428	0.4453745889190476	-0.20511399726190477
57700000	57749999	0.2632557775761904	0.4453745889190476	-0.18211881134285718
57750000	57799999	0.27472934091904755	0.4453745889190476	-0.17064524800000003
57800000	57849999	0.28972474651904756	0.4453745889190476	-0.15564984240000002
57850000	57899999	0.2968450743571428	0.4453745889190476	-0.14852951456190477
57900000	57949999	0.30594133310952376	0.4453745889190476	-0.13943325580952382
57950000	57999999	0.31371241292857144	0.4453745889190476	-0.13166217599047614
58000000	58049999	0.3204586534047619	0.4453745889190476	-0.1249159355142857
58050000	58099999	0.3355969545047619	0.4453745889190476	-0.10977763441428567
58100000	58149999	0.3445079068619047	0.4453745889190476	-0.10086668205714289
58150000	58199999	0.35638524879523803	0.4453745889190476	-0.08898934012380955
58200000	58249999	0.3605159338523809	0.4453745889190476	-0.08485865506666668
58250000	58299999	0.36863536579999995	0.4453745889190476	-0.07673922311904763
58300000	58349999	0.36718814540952377	0.4453745889190476	-0.0781864435095238
58350000	58399999	0.3646493498619047	0.4453745889190476	-0.08072523905714285
58400000	58449999	0.36760650504761905	0.4453745889190476	-0.07776808387142853
58450000	58499999	0.3635697654047619	0.4453745889190476	-0.0818048235142857
58500000	58549999	0.38622120899523804	0.4453745889190476	-0.059153379923809535
58550000	58599999	0.39654404008571426	0.4453745889190476	-0.04883054883333332
58600000	58649999	0.3653939517571428	0.4453745889190476	-0.07998063716190479
58650000	58699999	0.35304522850404757	0.4453745889190476	-0.092329360415
58700000	58749999	0.34580272281904756	0.4453745889190476	-0.09957186610000002
58750000	58799999	0.3403493143023809	0.4453745889190476	-0.10502527461666666
58800000	58849999	0.3391659136190476	0.4453745889190476	-0.1062086753
58850000	58899999	0.33042600148779755	0.4453745889190476	-0.11494858743125003
58900000	58949999	0.3332377722257142	0.4453745889190476	-0.11213681669333336
58950000	58999999	0.3391286700119047	0.4453745889190476	-0.10624591890714286
59000000	59049999	0.3449131502575091	0.4453745889190476	-0.10046143866153845
59050000	59099999	0.3623394807273809	0.4453745889190476	-0.08303510819166665
59100000	59149999	0.3727330569099567	0.4453745889190476	-0.0726415320090909
