chrom	start	end	binNum	observed	expected	log2.copyRatio
chr1	0	120949999	2419	2460.41	1979.36	0.25536548528058
chr1	120950000	121999999	21	182.173	17.1834	3.34772249253519
chr1	122000000	249299999	2546	2722.9	2083.28	0.327788013823233
chr2	0	143649999	2873	2047.17	2089.64	-0.0881227376958491
chr2	143650000	188999999	907	966.612	659.694	0.492640691540058
chr2	189000000	243199999	1084	447.562	788.432	-0.875398011797795
chr3	0	48549999	971	756.904	479.189	0.601016310261695
chr3	48550000	137899999	1787	381.09	881.886	-1.26895965131684
chr3	137900000	198049999	1203	637.528	593.682	0.0442991035374047
chr4	0	160749999	3215	2383.42	2419.89	-0.0804074972469311
chr4	160750000	163149999	48	0.837655	36.129	-5.48915656538783
chr4	163150000	191199999	561	337.52	422.258	-0.381650993678726
chr5	0	180949999	3619	3469.17	3259.5	0.0314406334607903
chr6	0	59299999	1186	789.147	334.248	1.18087590820782
chr6	59300000	133999999	1494	452.904	421.051	0.0467110600328647
chr6	134000000	162149999	563	396.232	158.669	1.2618258791027
chr6	162150000	171149999	180	51.6922	50.729	-0.0313633475039889
chr7	0	102349999	2047	1303.62	1116.69	0.164795420471027
chr7	102350000	159149999	1136	1286.54	619.715	0.995320288783172
chr8	0	146399999	2928	1763.45	1845	-0.123719375546402
chr9	0	21249999	425	265.261	421.559	-0.726821211257471
chr9	21250000	26099999	97	0.252969	96.2146	-8.62965059510887
chr9	26100000	31849999	115	18.7921	114.069	-2.66020779906978
chr9	31850000	38949999	142	126.72	140.85	-0.211014553307508
chr9	38950000	47449999	170	38.8588	168.624	-2.1759958623595
chr9	47450000	65349999	358	352.777	355.101	-0.0679721486969958
chr9	65350000	94099999	575	352.702	570.344	-0.751881809212957
chr9	94100000	141249999	943	1013.12	935.365	0.0567044842223317
chr10	0	41849999	837	496.19	473.39	0.00936419934976398
chr10	41850000	43099999	25	153.742	14.1395	3.38420910148605
chr10	43100000	87849999	895	725.51	506.194	0.460805862447796
chr10	87850000	127949999	802	218.688	453.595	-1.11102990946287
chr10	127950000	135549999	152	12.9016	85.9682	-2.79475233535898
chr11	0	126449999	2529	1234.52	1146.41	0.04832787985808
chr11	126450000	135049999	172	30.1399	77.9688	-1.4297215301421
chr12	0	20999999	420	118.447	218.592	-0.942498173667013
chr12	21000000	125949999	2099	1251.79	1092.44	0.137939281354264
chr12	125950000	133899999	159	40.6446	82.7525	-1.08423843716186
chr13	0	19099999	382	199.782	201.123	-0.0681507000154413
chr13	19100000	80699999	1232	262.141	648.648	-1.36559200207777
chr13	80700000	81949999	25	26.8423	13.1625	0.969575533635596
chr13	81950000	89949999	160	13.548	84.24	-2.69492477380705
chr13	89950000	94499999	91	191.105	47.9115	1.93742240790795
chr13	94500000	115199999	414	72.5177	217.971	-1.64623036010488
chr14	0	38249999	765	342.996	424.512	-0.366112814339173
chr14	38250000	107349999	1382	322.712	766.897	-1.30728483071962
chr15	0	102549999	2051	1142.24	1082.23	0.0193594427782339
chr16	0	45849999	917	460.38	474.884	-0.10324921850304
chr16	45850000	46949999	22	58.8917	11.3931	2.31140473962659
chr16	46950000	90399999	869	472.434	450.026	0.0116052110551577
chr17	0	20999999	420	93.29	228.446	-1.35055806346538
chr17	21000000	81199999	1204	750.097	654.878	0.137351776038888
chr18	0	40049999	801	580.468	426.632	0.385725125653687
chr18	40050000	78099999	761	134.442	405.327	-1.65060160062427
chr19	0	27199999	544	227.992	242.284	-0.146215162455412
chr19	27200000	28249999	21	77.8474	9.35288	2.99866704311859
chr19	28250000	59149999	618	270.51	275.242	-0.0835179346790953
chr20	0	25349999	507	97.9735	264.764	-1.49274271684916
chr20	25350000	63049999	754	406.583	393.751	-0.0122329229777635
chr21	0	48149999	963	514.733	352.959	0.485824439194037
chr22	0	18749999	375	246.642	221.596	0.0959874234214881
chr22	18750000	24099999	107	340.75	63.2288	2.37156068235435
chr22	24100000	51349999	545	158.326	322.053	-1.08289916940309
chrX	0	155299999	3106	1145.96	2327.65	-1.08081668453617
