chrom	start	end	binNum	observed	expected	log2.copyRatio
chr1	1	55250000	1098	36236900	25377200	0.442704942924831
chr1	55250001	107300000	1039	20690400	19795200	-0.00741080705936899
chr1	107300001	121450000	281	8118440	5595670	0.465669949489473
chr1	145300001	162350000	337	6737650	6054640	0.0829826049529288
chr1	162350001	249250000	1732	49519400	35072800	0.426419523060449
chr2	1	149350000	2887	60221100	57703400	-0.00960896722921861
chr2	149350001	188700000	786	21195100	14924300	0.434845807322428
chr2	188700001	243200000	1090	16097800	22686500	-0.566192215335271
chr3	50001	48250000	964	28498700	20264200	0.420741189535868
chr3	48250001	138300000	1741	24428200	34572900	-0.572315760833652
chr3	138300001	198000000	1194	24430500	23151100	0.00638094720519818
chr4	1	160500000	3149	59957000	58635500	-0.0390678889981965
chr4	160500001	163600000	62	318126	1023950	-1.75769677788432
chr4	163600001	191050000	549	10275200	10352900	-0.0820901691747443
chr5	1	50400000	949	23908400	18172000	0.3245786746083
chr5	50400001	180950000	2609	53980300	51208600	0.0048251771904214
chr6	50001	51750000	1034	31761300	22396500	0.432774970070547
chr6	51750001	58750000	140	2613110	2341210	0.0872918108561946
chr6	58750001	58800000	1	578389	5779.39	6.57375737659741
chr6	61850001	135250000	1466	27816700	26779500	-0.0163994466512114
chr6	135250001	171100000	716	20702300	14860600	0.407076992077094
chr7	1	58100000	1162	24295700	23256900	-0.00817950780652452
chr7	61950001	62000000	1	239296	6244.38	5.18887243629646
chr7	62000001	104600000	852	20180300	14889900	0.367391856810077
chr7	104600001	159150000	1088	37598100	21634300	0.726117616253439
chr8	1	146350000	2864	59530900	57712300	-0.0264618221638878
chr9	1	20750000	415	5495830	8054030	-0.62259516738855
chr9	20750001	26550000	116	1990	2073010	-10.0959644796038
chr9	26550001	28550000	40	291908	782755	-1.49426876888377
chr9	28550001	31600000	61	924	1020440	-10.180232425736
chr9	31600001	94100000	614	8106600	11630900	-0.592015573154043
chr9	94100001	133600000	788	18816000	17227400	0.0560332822664054
chr9	133600001	134150000	11	2020060	276792	2.79630229347961
chr9	134150001	141200000	141	3980120	3714410	0.0284571584068142
chr10	50001	39200000	783	16468500	15840100	-0.0150939871961207
chr10	42350001	42600000	5	807054	46582.1	4.04359592211923
chr10	42600001	87850000	902	23778800	17100800	0.40439039309594
chr10	87850001	103600000	315	4814620	6534750	-0.511931807770557
chr10	103600001	103800000	4	2589	84478.8	-5.09934416677789
chr10	103800001	135550000	633	10055300	14534700	-0.602766868973625
chr11	50001	134950000	2630	57403500	54438100	0.00530028871291026
chr12	50001	22700000	453	6450510	9091820	-0.566377592260207
chr12	22700001	133850000	2163	46635800	44009200	0.0124110192848668
chr13	19000001	81100000	1242	16247700	23603200	-0.609968659043144
chr13	81100001	81500000	8	599795	139064	2.03749880307312
chr13	81500001	90450000	177	1827050	2912470	-0.743948773146771
chr13	90450001	92500000	41	3253850	737907	2.0694151384153
chr13	92500001	92950000	9	96839	148379	-0.686848535791016
chr13	92950001	93350000	8	616040	129344	2.18058919734971
chr13	93350001	93850000	10	113757	180172	-0.734641199653923
chr13	93850001	94050000	4	341367	79244.3	2.03572282766136
chr13	94050001	108500000	289	4045330	5944740	-0.626578017244115
chr13	108500001	108650000	3	280888	54511.7	2.2941354734324
chr13	108650001	115150000	126	2052050	2920030	-0.580139007241073
chr14	19000001	107300000	1766	25852600	35925800	-0.545932603156466
chr15	22600001	102550000	1598	34898700	32800400	0.0182381875222373
chr16	50001	78250000	1339	29068600	27555300	0.00591005602583304
chr16	78250001	85650000	148	5075020	3670680	0.396144458126405
chr16	85650001	90300000	93	2580800	2326240	0.0785966951582745
chr17	-49999	21200000	424	6367260	9026720	-0.574750880733009
chr17	21200001	81200000	1139	27098000	24821200	0.0553918103555555
chr18	1	10850000	217	6316180	4483860	0.423089352602363
chr18	10850001	15400000	91	1518370	1477290	-0.0316513697576512
chr18	18550001	22400000	77	2105310	1634030	0.294376510141292
chr18	22400001	25100000	54	2086580	1117210	0.830018142753613
chr18	25100001	39600000	290	7395230	5690440	0.306833107590932
chr18	39600001	78050000	767	10777300	15977800	-0.639294685732026
chr19	50001	59150000	1120	25872600	24666100	-0.00232628540706364
chr20	50001	26100000	521	7857840	11363300	-0.603398869338522
chr20	26100001	63000000	675	17258900	16080100	0.0308424384923486
chr21	14400001	25500000	222	3649060	3594960	-0.0496725455445069
chr21	25500001	48150000	453	14063800	10162900	0.397452623071278
chr22	16050001	18950000	56	1018200	661431	0.55113670212497
chr22	18950001	21900000	58	4130540	1058750	1.89274673293073
chr22	21900001	23650000	35	4842470	786480	2.5510394271766
chr22	23650001	51250000	552	9655590	13418500	-0.546008785261792
chrX	2650001	154950000	2979	37406400	53736400	-0.593836245734147
