1	9.0	0.42628	0.354150837199145	21194.0
2	11.0	0.5853199999999998	0.9121114024843843	45387.0
3	9.0	0.49150000000000005	0.8049033380736847	52206.0
4	6.0	0.55768	0.7344258275489056	37178.0
5	7.0	0.47559999999999997	0.7291989144801678	50385.0
6	5.0	0.59436	0.8641564559079185	40489.0
7	8.0	0.52886	0.8077797828797926	45145.0
8	7.0	0.59576	0.8485024278711452	46964.0
9	5.0	0.52216	0.7370474735509616	49715.0
10	6.0	0.52366	0.7891379222045165	44415.0
11	9.0	0.60998	0.8684231620857965	36206.0
12	5.0	0.6425399999999999	0.9131403893015109	25397.0
13	9.0	0.5978000000000001	0.8339304309104767	34739.0
14	3.0	0.64378	0.9580911407180138	33488.0
15	7.0	0.62882	0.8931887449198515	40704.0
16	2.0	0.6215200000000001	0.9043872873552761	36628.0
17	5.0	0.58026	0.8751805082522518	42880.0
18	4.0	0.5835199999999999	0.905685857613933	35195.0
19	8.0	0.55446	0.8489361096062542	32203.0
20	15.0	0.5896399999999999	0.8728711824131417	28291.0
21	4.0	0.6234999999999999	0.9338954220353403	36525.0
22	2.0	0.63142	0.9388792915572474	31577.0
23	10.0	0.63076	0.9442787443095542	36999.0
24	5.0	0.6483000000000001	0.9516965430288092	29181.0
25	6.0	0.6241	0.7639178461404852	29811.0
26	6.0	0.5795800000000001	0.7899129357433327	40677.0
27	2.0	0.61274	0.9095982410627909	39951.0
28	9.0	0.58572	0.8351663372182266	40698.0
29	3.0	0.59378	0.8422439866942246	42019.0
30	7.0	0.5753199999999999	0.8700390992489656	46625.0
31	9.0	0.58766	0.8987352047843098	33837.0
32	7.0	0.5289200000000001	0.8595148394770391	41720.0
33	5.0	0.51936	0.8808152201976102	45686.0
34	11.0	0.5176799999999999	0.8971392644439773	42051.0
35	11.0	0.5463399999999999	0.8332978501693649	40896.0
36	6.0	0.61504	0.904041857156842	35724.0
37	6.0	0.49572000000000005	0.8011822911802979	43221.0
38	13.0	0.4586599999999999	0.7417492694440312	44749.0
39	6.0	0.58072	0.8190606166846757	53473.0
40	9.0	0.5980000000000001	0.8706122501831116	40518.0
41	6.0	0.6109	0.8652831888632649	36495.0
42	4.0	0.60644	0.8631545384284282	27456.0
43	3.0	0.61242	0.44596343768818303	28541.0
44	6.0	0.63508	0.9361464058535129	31642.0
45	2.0	0.58528	0.8257355900423476	41436.0
46	7.0	0.55428	0.8354793351860748	43379.0
47	5.0	0.49282	0.7572562418515274	44569.0
48	15.0	0.4134199999999999	0.844848189621616	41038.0
49	10.0	0.4908400000000001	0.7832825311048185	46861.0
50	4.0	0.5922999999999999	0.9146903055169957	43031.0
51	6.0	0.56378	0.7927214765547336	39995.0
52	13.0	0.53022	0.5992481187240554	16509.0
53	16.0	0.52994	0.5219217237093454	10370.0
54	10.0	0.52482	0.6251830936881296	30646.0
55	6.0	0.56574	0.8469925674600348	40181.0
56	9.0	0.5357999999999999	0.9259890883607697	43974.0
57	6.0	0.52926	0.8607090982710838	48964.0
58	8.0	0.51668	0.8091010236164756	47598.0
59	10.0	0.52164	0.7414263943229639	47443.0
60	3.0	0.6080800000000001	0.9044729422506358	45216.0
61	5.0	0.5797599999999999	0.8591407834219748	52670.0
62	10.0	0.5434399999999999	0.7729008827312333	53611.0
63	8.0	0.54544	0.8456498098416225	60468.0
64	5.0	0.51858	0.8256046040224444	57838.0
65	13.0	0.45799999999999996	0.8391810286738987	45917.0
66	11.0	0.48068000000000005	0.8478341901789276	48132.0
67	9.0	0.43366000000000005	0.7960021188222122	42469.0
68	13.0	0.4484	0.8226362847281777	43114.0
69	14.0	0.44974000000000003	0.824330374938576	42918.0
70	6.0	0.52286	0.837115272739373	46637.0
71	13.0	0.47272000000000003	0.8562635655853225	52314.0
72	10.0	0.5294399999999999	0.85668845239624	50383.0
73	16.0	0.46319999999999995	0.8292904431703186	51421.0
74	7.0	0.51722	0.8686118110147812	49608.0
75	7.0	0.50142	0.8148678011151745	41044.0
76	11.0	0.4390800000000001	0.9018046976055538	35562.0
77	11.0	0.42684	0.8942900334087274	47720.0
78	11.0	0.46186	0.8243505097991982	47957.0
79	6.0	0.47570000000000007	0.7575328552654431	51716.0
80	11.0	0.50598	0.8522401188458593	45898.0
81	4.0	0.4675000000000001	0.838227337463423	49613.0
82	18.0	0.43664000000000003	0.8543741047399805	42091.0
83	16.0	0.49032	0.8188975142322084	53135.0
84	9.0	0.48214	0.7868483747077631	57113.0
85	8.0	0.5235	0.8703417251982285	55649.0
86	8.0	0.5323	0.7579638766988317	58792.0
87	4.0	0.58006	0.8606259713490091	49968.0
88	6.0	0.58766	0.8856209395303606	38639.0
89	4.0	0.5134200000000001	0.7880390257701692	52170.0
90	13.0	0.49410000000000004	0.7807348609551371	52600.0
91	14.0	0.50404	0.8739891409241705	52215.0
92	5.0	0.50642	0.7522104341117907	55286.0
93	7.0	0.55582	0.8264800680660742	49839.0
94	6.0	0.58186	0.9122842553590773	39509.0
95	5.0	0.49914000000000003	0.8245847026405131	49915.0
96	5.0	0.53576	0.7604290397511269	56409.0
97	14.0	0.49178	0.8332466919682993	44689.0
98	15.0	0.4988600000000001	0.9231402065072523	50596.0
99	10.0	0.5304199999999999	0.8587957962320061	49935.0
100	7.0	0.48908	0.7999163076287273	47626.0
101	9.0	0.51824	0.8699309221042413	53780.0
102	8.0	0.5134	0.6020381357593055	43075.0
103	11.0	0.47954	0.3927717026995627	43774.0
104	9.0	0.46556	0.6604744994899222	43071.0
105	17.0	0.48208	0.6217418417862292	36071.0
106	13.0	0.4333000000000001	0.4014926822248059	31706.0
107	17.0	0.44038	0.9241103542524646	35724.0
108	13.0	0.45815999999999996	0.9065476323837504	35828.0
109	16.0	0.46097999999999995	0.91920387554528	33980.0
110	14.0	0.45746000000000003	0.9351476605653047	35580.0
111	14.0	0.44512	0.9233213333618865	33765.0
112	12.0	0.45489999999999997	0.8946982122752714	32858.0
113	4.0	0.45992	0.9329314120813839	34303.0
114	11.0	0.42854	0.9305503218710304	25423.0
115	22.0	0.42840000000000006	0.8697367255594234	28507.0
116	11.0	0.44126	0.9050269175172087	31950.0
117	15.0	0.4478999999999999	0.8929230994625852	33036.0
118	18.0	0.44120000000000004	0.92423696992323	35769.0
119	15.0	0.4524	0.9141111412212637	31278.0
120	13.0	0.43019999999999997	0.9054640029213382	28839.0
121	19.0	0.43456000000000006	0.953226022694619	28304.0
122	9.0	0.4173200000000001	0.9100006145746748	28323.0
123	14.0	0.41025999999999996	0.9243405364249409	27598.0
124	15.0	0.40950000000000003	0.9241819807204873	23719.0
125	16.0	0.41122	0.8880717333994107	26020.0
126	17.0	0.40882000000000007	0.9314338648215459	27908.0
127	9.0	0.41159999999999997	0.9276089445496333	28409.0
128	15.0	0.41752	0.9131875069010527	29902.0
129	16.0	0.42257999999999996	0.9093265488060124	26125.0
130	23.0	0.39996000000000004	0.926410988690679	22776.0
131	12.0	0.41769999999999996	0.9396305693210459	25000.0
132	11.0	0.41178	0.9206296863475909	26022.0
133	9.0	0.40616	0.9073087613688074	27967.0
134	14.0	0.41342	0.9241248944703271	29211.0
135	11.0	0.4023	0.941867749371329	28019.0
136	11.0	0.3876	0.9079995677217088	25011.0
137	12.0	0.41586	0.9059345212178017	26252.0
138	8.0	0.40187999999999996	0.9320828003483591	25733.0
139	12.0	0.4356999999999999	0.903733794156779	31248.0
140	7.0	0.42479999999999996	0.8867603536378824	29522.0
141	12.0	0.42103999999999997	0.8970695365824674	29489.0
142	14.0	0.40354	0.9361715788902503	27746.0
143	14.0	0.40118000000000004	0.9600618304602069	27896.0
144	12.0	0.40092000000000005	0.9352523442268088	26622.0
145	11.0	0.41620000000000007	0.9303760120010875	27998.0
146	18.0	0.40672	0.9495112582677682	30114.0
147	10.0	0.42962000000000006	0.9579724148178157	28427.0
148	17.0	0.41625999999999996	0.9346396583419189	30267.0
149	18.0	0.43272	0.925857936694052	31511.0
150	10.0	0.42253999999999997	0.9324631582849606	28359.0
151	10.0	0.42788	0.9366555063040101	33405.0
152	14.0	0.41414	0.9248059039364618	31153.0
153	16.0	0.4089600000000001	0.9505281664249208	32023.0
154	16.0	0.40753999999999996	0.9721107455829885	31343.0
155	23.0	0.41584000000000004	0.9101563139491521	34395.0
156	17.0	0.41606000000000004	0.9198515902982015	33714.0
157	22.0	0.4014999999999999	0.8468460476740869	30899.0
158	12.0	0.38386	0.9265194157678487	32891.0
159	18.0	0.40264000000000005	0.9327996234584897	42831.0
160	16.0	0.4035	0.9152421564169724	37179.0
161	9.0	0.39228	0.8541783128754216	34160.0
162	14.0	0.39913999999999994	0.86225003165321	36369.0
163	12.0	0.42496	0.8555679666187183	40685.0
164	8.0	0.42213999999999996	0.8936461160355341	39287.0
165	12.0	0.40472	0.9030386403950067	36616.0
166	11.0	0.41618	0.9474328915466061	30850.0
167	13.0	0.42084000000000005	0.9172368121906974	31964.0
168	19.0	0.42341999999999996	0.9268286384103183	33642.0
169	8.0	0.4125400000000001	0.898900499492849	32378.0
170	9.0	0.4285600000000001	0.9070906821141472	37993.0
171	13.0	0.43585999999999997	0.9086434321826756	38547.0
172	7.0	0.35066	0.628906112484708	35711.0
173	3.0	0.11581999999999999	0.24298333586183485	12390.0
174	17.0	0.47944000000000003	0.9022587087144321	53502.0
175	10.0	0.4757	0.8658080903304622	49879.0
176	10.0	0.4628	0.8195610597648884	47278.0
177	9.0	0.47879999999999995	0.8507639845344455	50323.0
178	17.0	0.46984000000000004	0.7042896197799245	48583.0
179	6.0	0.5220400000000001	0.8715945473743194	51967.0
180	14.0	0.45321999999999996	0.8880263956639102	46392.0
181	11.0	0.49016000000000004	0.7172572902047237	51585.0
182	8.0	0.47152	0.731994528789123	54914.0
183	6.0	0.45936000000000005	0.7840761216142881	53194.0
184	8.0	0.46362000000000003	0.85983713344627	47837.0
185	9.0	0.4739800000000001	0.7855061591696911	46572.0
186	16.0	0.44986000000000004	0.8701979816737108	40840.0
187	11.0	0.44392000000000004	0.849036782018516	37488.0
188	8.0	0.42778	0.9054512829954089	34735.0
189	9.0	0.44198	0.9318643695283645	36823.0
190	17.0	0.42585999999999996	0.9456036299517188	31047.0
191	8.0	0.41120000000000007	0.9409171023091049	34112.0
192	12.0	0.42572000000000004	0.9273637249052767	36339.0
193	14.0	0.42758	0.8288431180869118	37445.0
194	18.0	0.40940000000000004	0.9322836717045331	36653.0
195	16.0	0.42496	0.7744546222955856	31422.0
196	18.0	0.42048	0.8863888072207682	32976.0
197	11.0	0.41716000000000003	0.932902161196681	33031.0
198	5.0	0.40188	0.9382529081034362	30027.0
199	21.0	0.4108200000000001	0.932812863219934	32664.0
200	12.0	0.41686	0.9634150116074509	32326.0
201	9.0	0.40759999999999996	0.8691857356734283	31496.0
202	18.0	0.43670000000000003	0.9291616663980494	35609.0
203	17.0	0.42957999999999996	0.953968911346089	36021.0
204	13.0	0.43412	0.9304100777138082	37586.0
205	11.0	0.45243999999999995	0.9149482558551059	36666.0
206	15.0	0.46724	0.8698555646158447	45229.0
207	6.0	0.45147999999999994	0.6265097595992125	41157.0
208	10.0	0.44770000000000004	0.7510841703673276	48306.0
209	9.0	0.42114000000000007	0.8038421550161734	47874.0
210	13.0	0.40044	0.7138073701137468	36424.0
211	14.0	0.39393999999999996	0.7617919459613327	38254.0
212	12.0	0.46914	0.8285665088477837	51460.0
213	17.0	0.49288	0.8890346417616246	50416.0
214	12.0	0.48754	0.853988181426529	50266.0
215	6.0	0.45604	0.8722838477033396	39199.0
216	9.0	0.43788	0.8672013834846177	44876.0
217	6.0	0.48344000000000004	0.7958850639032548	50382.0
218	11.0	0.4829	0.8345553692633507	49969.0
219	11.0	0.47692	0.9013483923347351	47442.0
220	12.0	0.50342	0.9144597333925985	54155.0
221	9.0	0.46679999999999994	0.9279457442881174	54869.0
222	21.0	0.4628	0.9035488148691394	54178.0
223	15.0	0.49024	0.9473021881137307	55182.0
224	8.0	0.4812800000000001	0.934389376833164	50967.0
225	8.0	0.5277	0.9324836628622819	66080.0
226	13.0	0.51422	0.8455108592689922	64136.0
227	10.0	0.5035200000000001	0.8734192487588366	60233.0
228	5.0	0.50182	0.8376395980465777	52899.0
229	10.0	0.5185599999999999	0.8756989446571168	51770.0
230	10.0	0.49888	0.8693592046077545	62586.0
231	5.0	0.50532	0.8558288545023203	50101.0
232	7.0	0.49006	0.8615310895106172	54525.0
233	7.0	0.48577999999999993	0.8323286941091869	51454.0
234	7.0	0.49954	0.778995447717354	60979.0
235	11.0	0.49889999999999995	0.9068476554756647	45504.0
236	14.0	0.43726	0.8411776605487817	44913.0
237	12.0	0.4363	0.8340788317483852	44933.0
238	8.0	0.46471999999999997	0.7134834638582784	53132.0
239	9.0	0.41566000000000003	0.7883846595540438	42734.0
240	12.0	0.46436	0.49512895518261796	34810.0
241	8.0	0.46924000000000005	0.7932832081644384	58001.0
242	10.0	0.45442	0.6138051921083338	53652.0
243	7.0	0.47798	0.7439627295153011	52753.0
244	10.0	0.47664000000000006	0.8792944589967637	47112.0
245	19.0	0.4653000000000001	0.9192497168751574	46236.0
246	10.0	0.46667999999999993	0.9144427018838686	44396.0
247	17.0	0.45912	0.9094008367022156	48225.0
248	17.0	0.4779	0.9435567812305153	46948.0
249	12.0	0.46490000000000004	0.9166867101198904	51056.0
250	8.0	0.4784400000000001	0.9109967565539218	44776.0
251	10.0	0.45797999999999994	0.886946227040843	43944.0
252	11.0	0.4971	0.9400251280360284	44470.0
253	15.0	0.48444	0.8712882355802117	52421.0
254	19.0	0.45525999999999994	0.8539299668785482	53628.0
255	15.0	0.44358000000000003	0.8879167276628084	46895.0
256	13.0	0.4401400000000001	0.8549583995434423	45201.0
257	11.0	0.44867999999999997	0.8628914129673773	53956.0
258	7.0	0.4289	0.7843172857777257	42965.0
259	22.0	0.45294000000000006	0.856351465214284	38673.0
260	12.0	0.42211999999999994	0.9060944528016546	34631.0
261	13.0	0.42489999999999994	0.902314056698692	30254.0
262	12.0	0.43644000000000005	0.8829341089441243	34677.0
263	25.0	0.4404	0.8395097185995368	32595.0
264	18.0	0.43084000000000006	0.8963080169107885	32094.0
265	9.0	0.42401999999999995	0.9122015081717225	26206.0
266	20.0	0.43065999999999993	0.8883236880864029	31341.0
267	8.0	0.40184	0.8937558529599428	27961.0
268	18.0	0.42198	0.8541987011108116	29649.0
269	14.0	0.4203	0.8592667267362005	28168.0
270	12.0	0.41969999999999996	0.9150880470469811	30982.0
271	27.0	0.41546	0.8965432734879145	32348.0
272	17.0	0.41296	0.9008301966508692	30394.0
273	11.0	0.42033999999999994	0.883991874658235	31629.0
274	16.0	0.41734000000000004	0.8707625922267337	29775.0
275	14.0	0.3864	0.9265253455600244	27949.0
276	17.0	0.41412	0.8919768133600751	31715.0
277	8.0	0.41866	0.9144023794246321	37242.0
278	16.0	0.43282	0.887959895827191	33006.0
279	16.0	0.42080000000000006	0.8888607847915645	35737.0
280	15.0	0.40346	0.9223130362688734	40746.0
281	13.0	0.43362	0.8238153918622044	41613.0
282	11.0	0.4379799999999999	0.8521847305024052	44705.0
283	18.0	0.40376000000000006	0.914932708456336	36328.0
284	13.0	0.37888	0.9138521123388801	35000.0
285	21.0	0.3757200000000001	0.9356307328699137	34979.0
286	25.0	0.40421999999999997	0.9266389333609276	37722.0
287	9.0	0.45388	0.8758926483335363	47844.0
288	12.0	0.4903	0.8280414113097616	46137.0
289	8.0	0.50584	0.7474001350279397	54082.0
290	19.0	0.45435999999999993	0.6888242076774198	45443.0
291	11.0	0.41268	0.9388997257399047	44500.0
292	17.0	0.40653999999999996	0.8777456163853613	38298.0
293	14.0	0.42750000000000005	0.8239222005907797	40372.0
294	4.0	0.45014	0.7924001395590692	43204.0
295	9.0	0.47834000000000004	0.5529533665133344	29268.0
296	14.0	0.47172000000000014	0.14958433823537873	277.0
297	14.0	0.4643	0.18681588951515987	6042.0
298	16.0	0.44342	0.3021724149850599	10113.0
299	14.0	0.46526	0.33183735364316713	17206.0
300	8.0	0.5512199999999999	0.16150295684614588	9604.0
301	12.0	0.44884	0.5043761760964458	51682.0
302	12.0	0.4600600000000001	0.6936085846208883	42758.0
303	14.0	0.43711999999999995	0.46315616628230755	30673.0
304	8.0	0.55422	0.22001009748475175	11251.0
305	14.0	0.4301	0.470393286679704	14797.0
306	17.0	0.4329799999999999	0.3851851246971073	9274.0
307	9.0	0.45422000000000007	0.31586218368784835	13242.0
308	15.0	0.44915999999999995	0.25106272976307015	8606.0
309	14.0	0.46012000000000003	0.2499147052615675	22191.0
310	13.0	0.44466	0.7301351913587906	47837.0
311	8.0	0.43922000000000005	0.8266565904892516	48588.0
312	12.0	0.47428	0.8190114631666519	55691.0
313	21.0	0.46838	0.8518029009693288	54726.0
314	10.0	0.4426	0.8569145170031911	44605.0
315	8.0	0.47646	0.7975932242632096	52853.0
316	10.0	0.50798	0.8142334580966297	51362.0
317	8.0	0.46896	0.8661988475416341	48767.0
318	15.0	0.4690599999999999	0.8248404109412196	51142.0
319	13.0	0.44795999999999997	0.8206407521677439	50016.0
320	1.0	0.4624599999999999	0.760529350031751	52894.0
321	12.0	0.47401999999999994	0.8018773516946671	53643.0
322	11.0	0.48416	0.8465190282130102	56427.0
323	4.0	0.49211999999999995	0.8366907953466619	49673.0
324	9.0	0.49257999999999996	0.857690052904859	49606.0
325	13.0	0.5036999999999999	0.7936710522213183	46010.0
326	13.0	0.45328	0.33737798345390535	14052.0
327	15.0	0.46480000000000005	0.3214991059750713	3407.0
328	6.0	0.5527200000000001	0.1321992695091728	998.0
329	10.0	0.5460400000000001	0.14451715658826197	2016.0
330	13.0	0.44665999999999995	0.2594357712564492	5593.0
331	11.0	0.45884	0.31211720569037027	8065.0
332	7.0	0.41123999999999994	0.41893403249046823	10797.0
333	7.0	0.45872000000000007	0.4357017320185226	24736.0
334	4.0	0.4474	0.4550574550299514	18811.0
335	14.0	0.41256	0.4347438317946695	6593.0
336	13.0	0.43288000000000004	0.39111915447268936	9521.0
337	12.0	0.39564	0.7980021770341136	33409.0
338	11.0	0.42554	0.778493881757643	32673.0
339	18.0	0.42872	0.900896037233182	37508.0
340	17.0	0.41858000000000006	0.8497106029312975	36872.0
341	15.0	0.4268400000000001	0.832796477755048	44364.0
342	17.0	0.3905199999999999	0.8463578819751891	36612.0
343	21.0	0.43420000000000003	0.9025870041234706	35665.0
344	11.0	0.45227999999999996	0.9220631554063002	39139.0
345	12.0	0.45772000000000007	0.8988653965806324	39895.0
346	9.0	0.45565999999999995	0.9182984985233673	37657.0
347	11.0	0.4662799999999999	0.9206343852119722	39103.0
348	10.0	0.46674	0.8880185314414969	40836.0
349	19.0	0.4579000000000001	0.9225310994129609	40369.0
350	12.0	0.45399999999999996	0.92091433143202	37636.0
351	15.0	0.45256	0.8900866776456019	34566.0
352	8.0	0.44836000000000004	0.847352863768537	32860.0
353	15.0	0.4215	0.9253876537852838	34882.0
354	13.0	0.42467999999999995	0.9091817888422661	30781.0
355	13.0	0.406	0.8908378770638489	30123.0
356	13.0	0.43050000000000005	0.7907891560842267	26346.0
357	11.0	0.40764	0.9118553425287518	29997.0
358	20.0	0.42253999999999997	0.9209220668049074	32372.0
359	13.0	0.40518	0.9051867605699673	27725.0
360	14.0	0.40958	0.8142292350836262	31561.0
361	13.0	0.4351	0.8854925797347192	33459.0
362	9.0	0.41284000000000004	0.9114223060052554	31085.0
363	15.0	0.42595999999999995	0.6328601256372061	18658.0
364	18.0	0.42838	0.47736151876895966	11863.0
365	8.0	0.41018	0.42544959720164094	12685.0
366	11.0	0.45686	0.31327539831026746	11880.0
367	12.0	0.4466399999999999	0.26008764578016047	5742.0
368	10.0	0.5374	0.1252775238768424	1605.0
369	6.0	0.56278	0.15141660671447363	725.0
370	15.0	0.46436	0.3204450902384355	4084.0
371	14.0	0.4537199999999999	0.3414498554736926	13560.0
372	14.0	0.43892000000000003	0.4075724375028671	15357.0
373	11.0	0.41826	0.4271649402822278	3735.0
374	9.0	0.4401	0.42451441912107724	9415.0
375	5.0	0.46779999999999994	0.47479508806181825	24236.0
376	18.0	0.40476	0.7665478551286503	31436.0
377	15.0	0.38792000000000004	0.5051345102145041	27796.0
378	4.0	0.43382	0.4096701380639091	35380.0
379	11.0	0.47024	0.6759745348974662	47978.0
380	7.0	0.46002000000000004	0.6516539400109238	47568.0
381	6.0	0.45058	0.7814179275269946	47747.0
382	17.0	0.46913999999999995	0.8663890295094262	52700.0
383	11.0	0.46236000000000005	0.8975559252532326	44448.0
384	13.0	0.4513	0.8932004281124688	43067.0
385	17.0	0.45641999999999994	0.895954424432227	42487.0
386	14.0	0.44317999999999996	0.9307101005001178	39610.0
387	15.0	0.4429599999999999	0.8521950498978014	41746.0
388	15.0	0.43727999999999995	0.7786790728995223	46305.0
389	4.0	0.45302	0.8153188564638695	49972.0
390	15.0	0.4142	0.8778883799699133	44813.0
391	12.0	0.43028	0.8116643854246356	43978.0
392	14.0	0.4391	0.871676194138684	43782.0
393	13.0	0.44682	0.8627164959849387	41245.0
394	10.0	0.48589999999999994	0.8528923732126539	51573.0
395	16.0	0.4390799999999999	0.8551108245974824	41271.0
396	10.0	0.42632	0.839076535823074	41979.0
397	6.0	0.48438000000000003	0.8836308854753033	45386.0
398	13.0	0.46146	0.8370052947987054	45881.0
399	12.0	0.434	0.8715652251658385	32742.0
400	15.0	0.41783999999999993	0.904217774644133	29638.0
401	13.0	0.44882000000000005	0.9376565507638447	37409.0
402	13.0	0.42538	0.948160597334654	34455.0
403	13.0	0.43195999999999996	0.874446262245216	34886.0
404	20.0	0.42173999999999995	0.9360846310905481	34052.0
405	25.0	0.42949999999999994	0.9279301014842822	34518.0
406	14.0	0.45698	0.9122574833395406	36832.0
407	11.0	0.45348	0.897527761754003	41782.0
408	17.0	0.4363	0.7834126131870431	35185.0
409	10.0	0.41402	0.5385916654035307	20798.0
410	20.0	0.4404	0.6703012308781617	21197.0
411	8.0	0.40252000000000004	0.5526384131288387	26462.0
412	15.0	0.44238000000000005	0.7957309997114262	39435.0
413	11.0	0.40449999999999997	0.7613373897408034	38559.0
414	15.0	0.39611999999999997	0.821141052445366	36891.0
415	19.0	0.41176000000000007	0.8368369822309428	43627.0
416	8.0	0.39331999999999995	0.9141684511578659	44173.0
417	17.0	0.41886	0.9249663585920638	48461.0
418	11.0	0.44208000000000003	0.8700503887864166	48097.0
419	4.0	0.46058000000000004	0.8304837803923582	54927.0
420	8.0	0.41818000000000005	0.8409089863992534	45167.0
421	9.0	0.44476	0.7489442778539447	42555.0
422	12.0	0.42684000000000005	0.81835083802386	45027.0
423	9.0	0.44974	0.8230202806074324	44515.0
424	24.0	0.43244	0.8474555278829765	44042.0
425	14.0	0.4395	0.8483214766628113	47086.0
426	20.0	0.4019	0.7265693627070972	33887.0
427	17.0	0.47466	0.3996642536476763	23859.0
428	15.0	0.46643999999999997	0.1146184069848316	2150.0
429	14.0	0.39646000000000003	0.15675044023509827	1998.0
430	5.0	0.51058	0.3497873027278982	40739.0
431	5.0	0.46976000000000007	0.6039335819619526	61343.0
432	13.0	0.4368	0.785324894487929	41545.0
433	16.0	0.43298000000000003	0.8331642574616145	38533.0
434	11.0	0.45049999999999996	0.7341721658678424	38669.0
435	17.0	0.44221999999999995	0.4521551654712138	11599.0
436	12.0	0.44398000000000004	0.31397088186126554	16240.0
437	20.0	0.43748	0.10016484755380081	3794.0
438	9.0	0.40620000000000006	0.20971700944875254	6087.0
439	16.0	0.4100599999999999	0.8926669345307554	38748.0
440	14.0	0.428	0.8982072366228855	46928.0
441	20.0	0.38406	0.9291806368472361	37427.0
442	10.0	0.45844	0.8720458566391417	51211.0
443	6.0	0.49591999999999997	0.8144849036468284	52664.0
444	13.0	0.47986000000000006	0.8264750343872025	56419.0
445	12.0	0.4800000000000001	0.8030985104013827	50440.0
446	7.0	0.495	0.8945933247918099	45498.0
447	14.0	0.42318	0.836276998130532	44053.0
448	10.0	0.44208000000000003	0.6670206219706963	37854.0
449	15.0	0.39998	0.16522851589909995	3279.0
450	15.0	0.45388000000000006	0.08932619616951219	1410.0
451	17.0	0.4511399999999999	0.4134628239154376	21081.0
452	10.0	0.43084000000000006	0.6640538620256681	35207.0
453	15.0	0.42951999999999996	0.8708984821552284	69501.0
454	14.0	0.4270799999999999	0.8896685770620107	40213.0
455	20.0	0.41724000000000006	0.922952592342314	36115.0
456	22.0	0.42312	0.9287558614989168	30459.0
457	13.0	0.4347	0.8965693690113152	34559.0
458	20.0	0.42832000000000003	0.9334190741622371	37742.0
459	13.0	0.42856	0.922503526132381	37249.0
460	18.0	0.4468600000000001	0.9313953437600984	36884.0
461	13.0	0.41973999999999995	0.9521623383327281	34453.0
462	17.0	0.39724000000000004	0.8311194984403792	42004.0
463	15.0	0.45054	0.8790429879645212	40013.0
464	8.0	0.46354	0.8883827455854664	44498.0
465	11.0	0.43500000000000005	0.8362975831270961	46513.0
466	8.0	0.47612000000000004	0.8254534331979333	49246.0
467	12.0	0.49532	0.8493052439621388	52833.0
468	21.0	0.46212	0.8414855803091793	50548.0
469	8.0	0.46562	0.7833571196487853	51831.0
470	9.0	0.48026	0.8428580178508434	58761.0
471	8.0	0.4738200000000001	0.8274897775689751	48401.0
472	10.0	0.44466	0.7568246935877874	48370.0
473	12.0	0.44858000000000003	0.8557321746946749	54685.0
474	11.0	0.4757	0.8310200616144834	57326.0
475	10.0	0.44522	0.7913613627039643	49928.0
476	8.0	0.44706	0.8657888432973133	56069.0
477	12.0	0.42702000000000007	0.8903815289637952	54075.0
478	13.0	0.42698	0.9227012629755944	56988.0
479	10.0	0.43594	0.9286687493392213	50911.0
480	12.0	0.4523400000000001	0.9010026393963664	53081.0
481	20.0	0.43694000000000005	0.9156182686887767	52501.0
482	15.0	0.43638000000000005	0.8584552361723152	45682.0
483	17.0	0.4365200000000001	0.9254407119876967	52530.0
484	20.0	0.43876	0.9226964310153067	49786.0
485	15.0	0.41350000000000003	0.9309841582750569	40043.0
486	16.0	0.45588	0.8941802017345476	46144.0
487	13.0	0.45574000000000003	0.8541272198292131	49183.0
488	13.0	0.43706	0.8429649252143002	45341.0
489	13.0	0.43966	0.8418815455646	44358.0
490	9.0	0.46106	0.8060140285574031	55336.0
491	21.0	0.40084000000000003	0.8895898897354925	36433.0
492	14.0	0.42916	0.8020154513138634	45644.0
493	6.0	0.44073999999999997	0.800704545376601	47506.0
494	7.0	0.43732	0.7951172699041245	47666.0
495	21.0	0.38344	0.9384399549363054	40895.0
496	11.0	0.44236	0.9154690445967572	46299.0
497	7.0	0.45366	0.8318049468530369	46120.0
498	13.0	0.46623999999999993	0.8224203170953986	49323.0
499	12.0	0.43616	0.9150217304070636	48079.0
500	9.0	0.45082	0.844326170103245	47777.0
501	5.0	0.45344	0.8099140078432517	53735.0
502	8.0	0.45953999999999995	0.8313978863152175	53203.0
503	13.0	0.45256	0.8268946645882524	48741.0
504	8.0	0.46137999999999996	0.788995688036422	48509.0
505	19.0	0.43486	0.8656703698818918	47122.0
506	19.0	0.40412	0.8543006144962643	33204.0
507	8.0	0.42566000000000004	0.8057100616815811	36995.0
508	16.0	0.40998000000000007	0.9165181217489647	34901.0
509	15.0	0.3963999999999999	0.8729921053355798	32060.0
510	16.0	0.41046	0.9020507473102682	35595.0
511	10.0	0.42904000000000003	0.7915843866144515	38242.0
512	12.0	0.40956000000000004	0.8062157702772321	36124.0
513	21.0	0.39515999999999996	0.89673637731084	33166.0
514	12.0	0.43556000000000006	0.9256109063721105	33561.0
515	13.0	0.42716	0.9411706999184634	35251.0
516	10.0	0.39825999999999995	0.9248356604104836	31988.0
517	15.0	0.4030399999999999	0.922984658039855	28596.0
518	18.0	0.4401	0.9383677845335198	34248.0
519	12.0	0.43163999999999997	0.9249090761944924	32860.0
520	10.0	0.41414	0.9036602802827398	30283.0
521	19.0	0.42644000000000004	0.9116964454841789	29133.0
522	15.0	0.4192799999999999	0.8581672361861711	30056.0
523	15.0	0.4035599999999999	0.9259960085453697	25665.0
524	17.0	0.38768	0.9582285079025228	23621.0
525	11.0	0.39328	0.9291767424797623	27673.0
526	13.0	0.3950199999999999	0.9418222351180812	23160.0
527	17.0	0.4444000000000001	0.9138364505970171	30373.0
528	19.0	0.3708599999999999	0.7732047343751286	21796.0
529	24.0	0.38462	0.9026827836352717	25587.0
530	8.0	0.41622	0.922526159764677	29095.0
531	13.0	0.42182000000000003	0.9353050621178389	28092.0
532	11.0	0.42776	0.8528540885532951	29735.0
533	11.0	0.42546	0.8882207236453051	33023.0
534	13.0	0.43939999999999996	0.8748906098903552	31502.0
535	8.0	0.43268	0.9078572168795542	32239.0
536	8.0	0.44017999999999996	0.9123866902364387	30649.0
537	14.0	0.42568	0.8928955643928163	33191.0
538	12.0	0.4135399999999999	0.8929403847095331	29407.0
539	17.0	0.4582	0.8920622937105388	40333.0
540	9.0	0.4464399999999999	0.8950527440064441	37964.0
541	10.0	0.47900000000000015	0.8953330621867317	39395.0
542	13.0	0.44774	0.8653453691310667	39392.0
543	13.0	0.47044	0.8765286964752432	48941.0
544	5.0	0.5203799999999998	0.8990536017568517	52163.0
545	11.0	0.43864000000000003	0.8389373318289726	53015.0
546	5.0	0.4661	0.8512349683942357	37335.0
547	11.0	0.4955	0.8912281262619836	46746.0
548	14.0	0.4382	0.8842790064702056	44118.0
549	13.0	0.51944	0.9208178990891136	42940.0
550	11.0	0.48324000000000006	0.9217289158114914	45434.0
551	16.0	0.45978	0.8484693101088044	48760.0
552	8.0	0.48092000000000007	0.871416461522479	46934.0
553	12.0	0.46037999999999996	0.8625392262370872	41376.0
554	14.0	0.48251999999999995	0.9071463762771282	45922.0
555	7.0	0.5231999999999999	0.9459393109175812	48634.0
556	8.0	0.48656	0.9227509829527374	41457.0
557	7.0	0.49288	0.9160011647527423	42401.0
558	10.0	0.48596000000000006	0.914350134912543	44788.0
559	13.0	0.4604600000000001	0.8256131906593044	41735.0
560	10.0	0.47676	0.8847261079092814	42662.0
561	7.0	0.5042800000000001	0.8743536848388885	48730.0
562	11.0	0.4696	0.9463592304605342	39162.0
563	16.0	0.41480000000000006	0.9187337195524512	38141.0
564	11.0	0.46658	0.7747016115948693	46148.0
565	6.0	0.49937999999999994	0.8045385127545732	47934.0
566	12.0	0.5302600000000001	0.7393112354883796	35258.0
567	14.0	0.49114	0.2184070020161819	5602.0
568	10.0	0.47972000000000004	0.3058326223749582	3968.0
569	7.0	0.48516	0.32230442073143695	16136.0
570	8.0	0.51768	0.768592260307489	45742.0
571	10.0	0.47714	0.7660924262884227	46910.0
572	12.0	0.5088	0.520187640910695	37449.0
573	9.0	0.4794	0.12786975982099463	3896.0
574	9.0	0.48794000000000004	0.34411037351522056	2805.0
575	14.0	0.48876000000000003	0.16383187951148698	3782.0
576	11.0	0.49534	0.5328797456990205	27439.0
577	9.0	0.53022	0.807995200166945	42033.0
578	8.0	0.52944	0.7712641726267994	47375.0
579	10.0	0.5151	0.8043630861299913	48875.0
580	5.0	0.49266	0.6771164249072825	47188.0
581	11.0	0.46532	0.1860070590831692	13007.0
582	14.0	0.4741	0.4961907810261083	28909.0
583	10.0	0.53472	0.5621474836240701	32739.0
584	8.0	0.50962	0.5718729517345678	30263.0
585	6.0	0.50318	0.5289331724467888	33534.0
586	11.0	0.5315	0.5599771159648961	30166.0
587	11.0	0.4793	0.26882328071616657	14999.0
588	17.0	0.43029999999999996	0.1388111582753066	16972.0
589	11.0	0.49556000000000006	0.2643710868181792	2242.0
590	20.0	0.43466	0.10798902432167777	1847.0
591	8.0	0.40281999999999996	0.22606671039760437	13622.0
592	6.0	0.5136399999999999	0.3496401909704672	30279.0
593	2.0	0.50288	0.724731396815622	54777.0
594	7.0	0.47290000000000004	0.6794050539038845	46141.0
595	6.0	0.48926000000000003	0.7191941357467266	51417.0
596	11.0	0.54356	0.8786683577366754	53034.0
597	9.0	0.53006	0.7993065970112423	57127.0
598	8.0	0.49398	0.7852881578358497	48380.0
599	13.0	0.49690000000000006	0.8001444161736238	48190.0
600	7.0	0.56012	0.8725423761977533	42589.0
601	9.0	0.52256	0.8047431428116136	50026.0
602	7.0	0.5267000000000001	0.8139724922490131	50109.0
603	2.0	0.5023799999999999	0.6585449973770077	41824.0
604	13.0	0.5084799999999999	0.24083191479699256	2642.0
605	18.0	0.42179999999999995	0.12637739935965803	3391.0
606	7.0	0.42423999999999995	0.2626087534159303	19751.0
607	12.0	0.53368	0.8068656905235134	55744.0
608	13.0	0.51248	0.7625401629245876	54764.0
609	9.0	0.47878	0.7390072400970124	55481.0
610	5.0	0.52308	0.7500486867827765	53576.0
611	7.0	0.51258	0.751705775118719	56583.0
612	14.0	0.47336	0.7299984491169169	54499.0
613	12.0	0.5232399999999999	0.8030653693770466	50687.0
614	12.0	0.49444000000000005	0.8161041735004326	41214.0
615	12.0	0.53992	0.9269321468804538	45434.0
616	4.0	0.48977999999999994	0.6891839894645498	53557.0
617	12.0	0.47702000000000006	0.7015377338884258	48371.0
618	7.0	0.53972	0.8193124672002368	56537.0
619	8.0	0.55486	0.8552929618784703	47219.0
620	4.0	0.5252	0.8166707407121618	55401.0
621	8.0	0.53736	0.8024658820916493	49857.0
622	4.0	0.5427599999999999	0.7886707441197571	54025.0
623	5.0	0.50874	0.7426968656875415	49724.0
624	11.0	0.5131	0.7908536233261401	50067.0
625	14.0	0.4605	0.690992586790791	46164.0
626	17.0	0.42588000000000004	0.7049325749478917	36550.0
627	14.0	0.49871999999999994	0.762401531286543	42327.0
628	9.0	0.5076599999999999	0.8488735682714189	42092.0
629	8.0	0.52576	0.8607535366687912	46620.0
630	8.0	0.48252	0.8510132511582649	47064.0
631	11.0	0.41422	0.6919915728792637	33916.0
632	15.0	0.37854	0.6597207925669337	22578.0
633	10.0	0.40212	0.8103759939413655	27824.0
634	15.0	0.44014	0.8182977235216105	34750.0
635	18.0	0.38208000000000003	0.70000052909797	25846.0
636	10.0	0.41096	0.6877553992632477	27677.0
637	9.0	0.41706000000000004	0.913928404675809	31944.0
638	10.0	0.37494	0.7806410744543585	26222.0
639	11.0	0.44866	0.32584451700459377	13030.0
640	10.0	0.46982000000000007	0.27850639726951587	14552.0
641	10.0	0.40078	0.26875396839107024	5824.0
642	7.0	0.36032	0.1596975660545755	5022.0
643	16.0	0.42034	0.20713438295678596	6219.0
644	10.0	0.40746000000000004	0.25044988271583457	3902.0
645	12.0	0.42744	0.2869910164767091	8491.0
646	9.0	0.42972	0.23554760058660199	8223.0
647	15.0	0.436	0.21328841140832164	21198.0
648	16.0	0.37058	0.22862111776029287	19065.0
649	19.0	0.41519999999999996	0.31068800940462166	19796.0
650	56.0	0.36349999999999993	0.7409953887880809	12375.0
651	31.0	0.37168	0.8354497777439952	9939.0
652	16.0	0.4322599999999999	0.7768593613714216	30005.0
653	12.0	0.4024600000000001	0.30895480880939935	3801.0
654	10.0	0.40796	0.24619642565087713	255.0
655	15.0	0.42146	0.1892711847155794	371.0
656	7.0	0.35926	0.16658252289712117	14729.0
657	6.0	0.53468	0.34856097532687375	9544.0
658	10.0	0.469	0.27785297830987454	4784.0
659	9.0	0.44966	0.2678754468156019	3362.0
660	12.0	0.39680000000000004	0.24548957332127727	7325.0
661	8.0	0.35888000000000003	0.13782045848568047	5195.0
662	13.0	0.42424	0.21388329841076167	467.0
663	10.0	0.41048	0.24063005916497357	218.0
664	11.0	0.44300000000000006	0.2424922838989082	1011.0
665	13.0	0.43432000000000004	0.26916748546957914	3061.0
666	7.0	0.4347800000000001	0.20415170460835744	11030.0
667	7.0	0.47026	0.33527835258356686	46902.0
668	20.0	0.44414000000000003	0.4202079249255151	53117.0
669	19.0	0.42090000000000005	0.3652028276140264	36116.0
670	13.0	0.39738000000000007	0.34181980827489666	38046.0
671	13.0	0.3809	0.47563368787541405	34484.0
672	9.0	0.41184000000000004	0.5939273983709551	27846.0
673	9.0	0.41232	0.2810377874559173	4320.0
674	7.0	0.49538000000000004	0.2637702184981601	11044.0
675	13.0	0.50788	0.3317091194429373	8845.0
676	11.0	0.41558	0.27452396234993265	9693.0
677	0.0	0.38382	0.6192827030806843	68853.0
678	25.0	0.41809999999999997	0.609350732746531	23162.0
679	30.0	0.41888	0.5943951782648801	29495.0
680	7.0	0.17598	0.21088147192342382	7586.0
683	2.0	0.1925	0.3429717099464136	28762.0
684	11.0	0.4420000000000001	0.7493100905419002	16760.0
685	13.0	0.4211	0.919990574347436	15556.0
686	18.0	0.4061199999999999	0.6480295814551447	13188.0
687	12.0	0.43034	0.7447483876025137	15170.0
688	14.0	0.45283999999999996	0.8720240867169456	16183.0
689	12.0	0.41509999999999997	0.7866390694422755	15566.0
690	15.0	0.42754	0.7574689824967888	20539.0
691	13.0	0.38164000000000003	0.8991694807731708	16651.0
692	16.0	0.4040599999999999	0.9102453492291391	17486.0
693	13.0	0.4029	0.924482381924128	21200.0
694	15.0	0.40218000000000004	0.8262785691732489	19146.0
695	13.0	0.41204	0.8244411954511839	15123.0
696	13.0	0.43362	0.7640109509737344	13160.0
697	15.0	0.40154	0.8331776765031955	12426.0
698	13.0	0.39946	0.8404543645523996	8712.0
699	11.0	0.46858	0.853376696486077	11425.0
700	9.0	0.4086	0.9085428026322581	11640.0
701	10.0	0.35794	0.8358237191340075	10708.0
702	10.0	0.3887400000000001	0.9076617052965374	10874.0
703	16.0	0.36644	0.6987154097405834	7059.0
704	52.0	0.36134	0.5958610955679825	14825.0
705	8.0	0.26324	0.3672565480971222	8901.0
927	0.0	0.10321999999999999	0.05938950900399266	265537.0
928	0.0	0.36072000000000004	0.4134857158826072	323168.0
929	12.0	0.37194000000000005	0.3164997790831575	32933.0
930	11.0	0.37614000000000003	0.8096158822002073	22008.0
931	14.0	0.3776	0.7667736184036232	24339.0
932	13.0	0.40182	0.8433845556823888	33019.0
933	10.0	0.45771999999999996	0.7447607326819836	38979.0
934	21.0	0.4023399999999999	0.8376982792464608	34297.0
935	11.0	0.48907999999999996	0.8732152558956178	40593.0
936	18.0	0.40192000000000005	0.869381962099341	27820.0
937	10.0	0.43258	0.8245781797746686	44511.0
938	11.0	0.4971	0.8261283203329483	42652.0
939	16.0	0.47090000000000004	0.8223048834867509	51445.0
940	3.0	0.44653999999999994	0.7907454992989935	49592.0
941	9.0	0.48946	0.8416125787401288	62349.0
942	12.0	0.3992	0.8031360699951391	46176.0
943	15.0	0.38504	0.9458768053365982	38713.0
944	14.0	0.38927999999999996	0.7487369389232391	27323.0
945	16.0	0.37345999999999996	0.8724584839785976	29373.0
946	15.0	0.35929999999999995	0.9328667141122767	27956.0
947	15.0	0.36326	0.7621098967400499	25717.0
948	12.0	0.39027999999999996	0.9193322921302128	37543.0
949	18.0	0.381	0.7884115328272381	33155.0
950	12.0	0.37372	0.9231881325936663	31420.0
951	25.0	0.39324	0.7488140502713218	33252.0
952	19.0	0.37418	0.9315898135169748	34708.0
953	10.0	0.38011999999999996	0.8768714253366037	28477.0
954	20.0	0.39768000000000003	0.8136523442952381	32541.0
955	15.0	0.39890000000000003	0.8916472932973663	32072.0
956	14.0	0.40143999999999996	0.7053669691809884	29733.0
957	10.0	0.42344000000000004	0.8461551117250665	28479.0
958	20.0	0.4170999999999999	0.7684890413026928	24990.0
959	14.0	0.42584000000000005	0.9450971119652798	28246.0
960	21.0	0.42284	0.9442731886858347	33081.0
961	17.0	0.43894	0.8379390064469753	30565.0
962	16.0	0.47450000000000003	0.9477571666860609	37770.0
963	11.0	0.46753999999999996	0.9460467028002553	39495.0
964	14.0	0.46882000000000007	0.9134907293045845	39287.0
965	9.0	0.41308	0.8366660800310503	40067.0
966	18.0	0.37854	0.8918894200769847	33069.0
967	15.0	0.42114000000000007	0.8787690918559408	40590.0
968	7.0	0.44921999999999995	0.8301242977907	43128.0
969	16.0	0.45924	0.7877670969857108	41822.0
970	15.0	0.4455200000000001	0.7772160443216559	37481.0
971	13.0	0.46155999999999997	0.9283113398084238	36041.0
972	13.0	0.41773999999999994	0.8881082761100495	37152.0
973	16.0	0.42022	0.785126550399032	34111.0
974	18.0	0.42132	0.8790573851219716	30025.0
975	22.0	0.4052800000000001	0.822851511040975	25499.0
976	15.0	0.40037999999999996	0.8172174130393259	20686.0
977	16.0	0.43879999999999997	0.9539285297580213	31537.0
978	9.0	0.45056000000000007	0.9527484342217979	24737.0
979	11.0	0.45641999999999994	0.9050950873576352	24528.0
980	10.0	0.45086	0.9408057310302386	27914.0
981	19.0	0.43479999999999996	0.8591514868456551	26926.0
982	14.0	0.42052	0.9475272582847596	28133.0
983	12.0	0.40830000000000005	0.9131519809378563	26575.0
984	14.0	0.43440000000000006	0.9274425295402718	27060.0
985	19.0	0.41694	0.8517338770408355	26951.0
986	9.0	0.44284	0.9787271930898476	27635.0
987	17.0	0.45596	0.9662413858425454	30465.0
988	14.0	0.43982	0.8956749392802617	29030.0
989	8.0	0.48991999999999997	0.962401868279381	35154.0
990	5.0	0.50482	0.9675441814050373	31200.0
991	14.0	0.5009	0.9847097151491122	36035.0
992	11.0	0.47302	0.9826730583217583	30726.0
993	14.0	0.51542	0.9409922030061454	32694.0
994	9.0	0.51766	0.9339899224471813	38689.0
995	12.0	0.50184	0.93423686913027	35302.0
996	9.0	0.51826	0.9240759699435492	38810.0
997	11.0	0.51778	0.9291780000752985	37787.0
998	16.0	0.50098	0.9003392795534174	47517.0
999	13.0	0.46063999999999994	0.8665308721677824	47161.0
1000	12.0	0.43754000000000004	0.8611851617806588	40741.0
1001	12.0	0.42602000000000007	0.8365458512843971	47770.0
1002	7.0	0.42928000000000005	0.8334895811129734	42658.0
1003	13.0	0.44926	0.8100374854987855	46928.0
1004	11.0	0.41669999999999996	0.8373856061917138	44396.0
1005	10.0	0.45472	0.9047480175146605	52881.0
1006	10.0	0.5638399999999999	0.9389776588131086	44193.0
1007	14.0	0.38677999999999996	0.8372745459131679	40432.0
1008	8.0	0.4699999999999999	0.9271719117476335	51578.0
1009	8.0	0.4698400000000001	0.9367878857288758	44552.0
1010	16.0	0.4634	0.9192109874146004	47014.0
1011	14.0	0.48944000000000004	0.9456453978999931	39695.0
1012	10.0	0.5113400000000001	0.9640283994508504	40853.0
1013	12.0	0.5212800000000001	0.9523509560011911	46938.0
1014	7.0	0.49256	0.9591544475753491	43712.0
1015	19.0	0.4227	0.9319471712630153	39974.0
1016	18.0	0.39443999999999996	0.9485169326681616	35163.0
1017	9.0	0.4497	0.9534170816955356	36257.0
1018	13.0	0.44032	0.9705364486619857	30410.0
1019	10.0	0.46104	0.9460867678925786	37577.0
1020	16.0	0.46978000000000003	0.9477337797279544	31773.0
1021	10.0	0.44449999999999995	0.9183838531965468	31261.0
1022	12.0	0.442	0.922691314525327	27795.0
1023	13.0	0.45846	0.9630309077766376	26204.0
1024	16.0	0.43466	0.9542056203915831	25019.0
1025	9.0	0.42922	0.8313769671655145	24877.0
1026	17.0	0.42518	0.9564643722275267	22554.0
1027	23.0	0.42526	0.8444191404386603	21961.0
1028	13.0	0.41755999999999993	0.9077676581064922	20401.0
1029	26.0	0.41984	0.9116003204866592	18638.0
1030	20.0	0.38776000000000005	0.8658287172762418	18786.0
1031	16.0	0.41668	0.8757389332636202	18259.0
1032	15.0	0.40228	0.9393137989021528	20074.0
1033	10.0	0.4172	0.9138948123428144	18658.0
1034	7.0	0.4026600000000001	0.9768016805236156	17943.0
1035	22.0	0.37832	0.976332267847362	18405.0
1036	17.0	0.3999599999999999	0.9515377063271829	20226.0
1037	16.0	0.40624000000000005	0.9568043305722597	18590.0
1038	19.0	0.3818200000000001	0.9830616793088331	15488.0
1039	19.0	0.41379999999999995	0.9648848137936792	20304.0
1040	14.0	0.41816	0.8437291520182323	17715.0
1041	8.0	0.38077999999999995	0.9189634774500844	16144.0
1042	20.0	0.3858	0.9649278509009811	16229.0
1043	13.0	0.37264	0.8537593087329215	17136.0
1044	11.0	0.40074000000000004	0.9110982835861882	22081.0
1045	18.0	0.38293999999999995	0.9323980908928677	17982.0
1046	12.0	0.38898000000000005	0.9542894637080183	19390.0
1047	16.0	0.38006	0.8565018108971119	16175.0
1048	20.0	0.39424	0.9504639598233972	19570.0
1049	17.0	0.3795	0.9641647855490943	18026.0
1050	17.0	0.38099999999999995	0.9558995260814667	17007.0
1051	16.0	0.40785999999999994	0.9843954774780023	21121.0
1052	16.0	0.41566	0.9699347865969322	21242.0
1053	14.0	0.41212	0.9318153716583186	20361.0
1054	22.0	0.39444	0.9494403710747816	20473.0
1055	14.0	0.41704	0.9312008293455751	22997.0
1056	9.0	0.41511999999999993	0.9142588044476192	17373.0
1057	24.0	0.39448000000000005	0.9114484014945621	20635.0
1058	19.0	0.39948	0.8938313834171774	20856.0
1059	13.0	0.38686	0.9134727658406359	25249.0
1060	22.0	0.40691999999999995	0.7797984347605105	32767.0
1061	13.0	0.45614000000000005	0.8448527518116166	42035.0
1062	12.0	0.4473	0.8323367893951917	43611.0
1063	9.0	0.40131999999999995	0.8520444539556978	37591.0
1064	11.0	0.36668	0.8837473392792691	30813.0
1065	16.0	0.34415999999999997	0.936539703822475	30509.0
1066	19.0	0.37807999999999997	0.8614515094439954	32339.0
1067	13.0	0.41306	0.6673533068647618	27991.0
1068	16.0	0.39508000000000004	0.7192991026558891	27872.0
1069	16.0	0.40315999999999996	0.838985851274523	37411.0
1070	17.0	0.4210399999999999	0.8830518823572813	37850.0
1071	16.0	0.47320000000000007	0.8453397033039994	44756.0
1072	6.0	0.40166	0.8818429634419519	36367.0
1073	15.0	0.36750000000000005	0.9133080056288776	28158.0
1074	18.0	0.37459999999999993	0.8958026382282633	29235.0
1075	19.0	0.39049999999999996	0.9035261906371285	36456.0
1076	12.0	0.3827600000000001	0.9400333941216904	28692.0
1077	20.0	0.38715999999999995	0.9025553562428202	31215.0
1078	11.0	0.39448	0.9396022708414328	31569.0
1079	15.0	0.40246000000000004	0.9510097552791844	30425.0
1080	18.0	0.40031999999999995	0.9475976193374784	30768.0
1081	11.0	0.41172	0.8421760302202023	25508.0
1082	13.0	0.41711999999999994	0.9669892932720446	33694.0
1083	13.0	0.44708	0.9158811954869704	36210.0
1084	19.0	0.46208000000000005	0.9474578099105775	37420.0
1085	10.0	0.44445999999999997	0.8631046244747513	31726.0
1086	20.0	0.49099999999999994	0.9268587216418387	32921.0
1087	15.0	0.46236	0.9371874369747927	34725.0
1088	12.0	0.45174	0.9261828933720424	38541.0
1089	16.0	0.45016000000000006	0.9442567278712843	33610.0
1090	18.0	0.43928000000000006	0.9585793489466837	30097.0
1091	17.0	0.42332000000000003	0.9619737233356604	31303.0
1092	12.0	0.42174000000000006	0.9305527171035619	29233.0
1093	19.0	0.42501999999999995	0.898157873196431	31116.0
1094	16.0	0.40824	0.9108644466661061	29324.0
1095	22.0	0.41298	0.9470986990970842	32501.0
1096	15.0	0.4061	0.9104714320653299	27424.0
1097	12.0	0.40698	0.8816427282359337	29642.0
1098	9.0	0.40563999999999995	0.869476812596407	32691.0
1099	16.0	0.4636199999999999	0.9575265906308047	33555.0
1100	11.0	0.46589999999999987	0.9533909846959381	39525.0
1101	15.0	0.4561	0.9280219851184056	34063.0
1102	14.0	0.46968000000000004	0.921522683004797	34333.0
1103	10.0	0.46293999999999996	0.9899793597277388	32386.0
1104	12.0	0.43851999999999997	0.9569411172119883	34382.0
1105	20.0	0.40982	0.9615610197027442	27513.0
1106	18.0	0.42062000000000005	0.9562001131120149	31356.0
1107	12.0	0.44107999999999997	0.9468952134068508	31979.0
1108	15.0	0.41966000000000003	0.982585880604763	35428.0
1109	12.0	0.44987999999999995	0.9443875674009224	35206.0
1110	15.0	0.47297999999999996	0.9542809367208211	33779.0
1111	14.0	0.34626000000000007	0.9535892713704772	26504.0
1112	13.0	0.36534	0.8253811930993552	26530.0
1113	13.0	0.45446000000000003	0.876760095176468	30723.0
1114	12.0	0.46831999999999996	0.9524369728032863	39174.0
1115	16.0	0.4509000000000001	0.8135554994830614	33571.0
1116	10.0	0.46944	0.6252780601561393	22527.0
1117	12.0	0.45374	0.7900813752048598	35042.0
1118	13.0	0.45624	0.9396019087377651	36170.0
1119	28.0	0.40724000000000005	0.9538337798330305	35690.0
1120	21.0	0.40076000000000006	0.9311784765939837	34098.0
1121	13.0	0.4170000000000001	0.9555217458041143	34159.0
1122	22.0	0.43428	0.9419811103300179	35528.0
1123	27.0	0.37734	0.8419159618512964	26598.0
1124	19.0	0.40881999999999996	0.9503870858925065	32714.0
1125	19.0	0.46378	0.9784669740080469	40618.0
1126	9.0	0.4909200000000001	0.9723189918716475	48536.0
1127	13.0	0.54912	0.976635270470079	45250.0
1128	16.0	0.40985999999999995	0.7807919853365534	33442.0
1129	15.0	0.40753999999999996	0.8976102593608364	44131.0
1130	15.0	0.39572	0.8861870379439984	42112.0
1131	13.0	0.46186	0.879639495288399	52799.0
1132	14.0	0.46392000000000005	0.8634674356134299	52647.0
1133	15.0	0.5002	0.8857260243558339	44270.0
1134	6.0	0.47768	0.8746331632739203	46373.0
1135	19.0	0.4254800000000001	0.8766613439346722	39315.0
1136	15.0	0.40708000000000005	0.917338391062344	34410.0
1137	19.0	0.46586000000000005	0.9161990255581833	44801.0
1138	16.0	0.5271199999999999	0.860847862374863	54455.0
1139	15.0	0.47156	0.8445338804128768	49569.0
1140	7.0	0.47803999999999996	0.87331925778053	49141.0
1141	10.0	0.51176	0.9172072132090517	50684.0
1142	10.0	0.52384	0.9001133650878124	55984.0
1143	16.0	0.50784	0.9003808608621785	51750.0
1144	19.0	0.42475999999999997	0.8415013697904111	43342.0
1145	10.0	0.44474	0.8720260348682048	45527.0
1146	7.0	0.49956	0.8236392231706356	57828.0
1147	9.0	0.44156000000000006	0.8162202855907209	48563.0
1148	11.0	0.50524	0.8411426694928374	47905.0
1149	15.0	0.46568	0.8601365907302492	49858.0
1150	4.0	0.52178	0.9080706717461816	50032.0
1151	4.0	0.5005	0.9033796334419892	56665.0
1152	8.0	0.4736600000000001	0.8934894404519985	49608.0
1153	8.0	0.56432	0.9635558079443558	57245.0
1154	7.0	0.50764	0.9102846545801982	65184.0
1155	7.0	0.55308	0.9234264865830515	52630.0
1156	9.0	0.5273	0.8948413517868911	55153.0
1157	10.0	0.46458000000000005	0.8044704859273513	53475.0
1158	11.0	0.48036	0.8607667916767548	51725.0
1159	7.0	0.50668	0.9039958062004915	49087.0
1160	11.0	0.5122	0.8735857859374282	52035.0
1161	7.0	0.54882	0.898892636387209	50636.0
1162	8.0	0.4896000000000001	0.7626813721647683	50095.0
1163	11.0	0.43996	0.851757237241679	45835.0
1164	14.0	0.42525999999999997	0.9089800999879518	42464.0
1165	14.0	0.44526000000000004	0.8803542282163086	53315.0
1166	18.0	0.41494	0.8630208582747647	41448.0
1167	17.0	0.42224000000000006	0.8203723048292149	43079.0
1168	14.0	0.43189999999999995	0.8430419277839581	42043.0
1169	8.0	0.48654000000000003	0.8781964824903831	47976.0
1170	3.0	0.5311999999999999	0.8949184458924966	46258.0
1171	13.0	0.39846	0.9118309907023093	32061.0
1172	7.0	0.42278	0.8037830005410203	40999.0
1173	6.0	0.47816	0.7275635283567236	47463.0
1174	10.0	0.47124000000000005	0.7857338635623727	48552.0
1175	12.0	0.4375199999999999	0.8075003083191211	39793.0
1176	14.0	0.42560000000000003	0.7590925673015838	35185.0
1177	19.0	0.40626000000000007	0.8338465178588327	32011.0
1178	20.0	0.39395999999999987	0.7962001800296606	27660.0
1179	20.0	0.38536000000000004	0.8412517392933533	21272.0
1180	20.0	0.39542	0.7552419635633323	21649.0
1181	14.0	0.37692	0.9312254823797149	21031.0
1182	22.0	0.37732000000000004	0.7336882929088362	19193.0
1183	14.0	0.3829	0.9347329355040928	18869.0
1184	15.0	0.38774000000000003	0.9401683315536993	20620.0
1185	17.0	0.38223999999999997	0.8618295618248849	18925.0
1186	18.0	0.37084000000000006	0.930382953751689	16952.0
1187	17.0	0.39452000000000004	0.8543637695742006	21762.0
1188	21.0	0.38422000000000006	0.8962772638115354	20956.0
1189	10.0	0.35134	0.9139323231699698	16599.0
1190	20.0	0.3589	0.889441552710943	17239.0
1191	18.0	0.38549999999999995	0.7240209973896301	16783.0
1192	17.0	0.36318000000000006	0.9326134802236705	19514.0
1193	11.0	0.36918	0.8713860282153189	16079.0
1194	13.0	0.36886	0.9158527180674196	15869.0
1195	14.0	0.36977999999999994	0.856883789453871	15890.0
1196	24.0	0.3568	0.8489492504517647	17543.0
1197	10.0	0.3696399999999999	0.8325140368647179	15056.0
1198	11.0	0.3738	0.8936512870832758	17962.0
1199	13.0	0.35302	0.9361127307802398	15606.0
1200	15.0	0.37834	0.8052603739021194	12309.0
1201	15.0	0.34600000000000003	0.9632257919740808	13546.0
1202	18.0	0.37879999999999997	0.8038288722882283	13499.0
1203	13.0	0.37224	0.889481240321993	17463.0
1204	14.0	0.39716	0.8387640321356178	18060.0
1205	16.0	0.37833999999999995	0.8960630657013222	16671.0
1206	20.0	0.36758	0.8964434883106464	15990.0
1207	23.0	0.38917999999999997	0.8743874456791203	17285.0
1208	14.0	0.37506	0.928406410876389	15451.0
1209	23.0	0.36536	0.9035710650554577	15409.0
1210	17.0	0.33455999999999997	0.9793194806131936	12962.0
1211	20.0	0.37296	0.7596947623859573	13856.0
1212	25.0	0.36635999999999996	0.8632005924235665	14130.0
1213	15.0	0.36651999999999996	0.9616440417363996	13131.0
1214	10.0	0.35184000000000004	0.9019507266226958	14577.0
1215	10.0	0.3557800000000001	0.9421439536396383	15451.0
1216	22.0	0.36467999999999995	0.9212532731960309	16281.0
1217	23.0	0.3611599999999999	0.856022424797526	14614.0
1218	12.0	0.3355	0.8761537528787846	12194.0
1219	22.0	0.36996	0.8563135823935417	14792.0
1220	10.0	0.36597999999999997	0.9463120394034509	13913.0
1221	20.0	0.35950000000000004	0.9201098821530471	17829.0
1222	25.0	0.35366	0.8997684820900361	14408.0
1223	17.0	0.36094000000000004	0.9060626212302496	15294.0
1224	13.0	0.36097999999999997	0.9533675724321943	14336.0
1225	15.0	0.36108000000000007	0.9401195237496985	12877.0
1226	21.0	0.36152	0.957143762195828	15980.0
1227	13.0	0.35042	0.9393012760438672	15025.0
1228	21.0	0.36676	0.970547358205183	15490.0
1229	7.0	0.35538000000000003	0.9000948918053	15307.0
1230	10.0	0.36288000000000004	0.924006617128291	15070.0
1231	13.0	0.35850000000000004	0.9522065499178914	12987.0
1232	14.0	0.374	0.9584248365189877	14396.0
1233	15.0	0.34773999999999994	0.9573612366945853	13665.0
1234	18.0	0.35596000000000005	0.9547091842903324	14656.0
1235	16.0	0.3401799999999999	0.9757027765769365	12591.0
1236	17.0	0.37864000000000003	0.7421184102473222	12155.0
1237	19.0	0.36408	0.963555775424062	15295.0
1238	13.0	0.36726	0.9469498477923978	15239.0
1239	20.0	0.37878	0.8890662714370062	15303.0
1240	13.0	0.38264	0.9035133563415961	17627.0
1241	20.0	0.38961999999999997	0.9739206338121973	16987.0
1242	13.0	0.37518	0.9249933568618139	17396.0
1243	14.0	0.37162	0.905016244537993	15216.0
1244	16.0	0.35722000000000004	0.9405944634959119	15476.0
1245	10.0	0.36604	0.9358032513594815	15736.0
1246	17.0	0.36908	0.9341751699693964	14829.0
1247	12.0	0.3635000000000001	0.9214409481514868	16666.0
1248	18.0	0.37116	0.9168116492415121	15673.0
1249	18.0	0.35202000000000006	0.929223365325657	15452.0
1250	16.0	0.38692	0.8903095193350075	14877.0
1251	13.0	0.36377999999999994	0.907471080145443	13917.0
1252	22.0	0.37518000000000007	0.9280067688747219	14655.0
1253	7.0	0.3708600000000001	0.935068369997814	15261.0
1254	21.0	0.37752	0.9376617775964216	13780.0
1255	21.0	0.37434000000000006	0.9404625134929188	13557.0
1256	9.0	0.33616000000000007	0.9655445513457344	13247.0
1257	19.0	0.37132000000000004	0.9492562766456073	14218.0
1258	6.0	0.35536	0.9520828719630241	16202.0
1259	15.0	0.36607999999999996	0.9446867212410882	15040.0
1260	13.0	0.39824000000000004	0.7297823426607469	14934.0
1261	20.0	0.3594799999999999	0.9534713364074737	15443.0
1262	26.0	0.35748	0.9557933345550566	16105.0
1263	14.0	0.37402	0.7165226903453958	14018.0
1264	12.0	0.35882	0.9347129296580392	15422.0
1265	11.0	0.3600800000000001	0.9338246502920224	18120.0
1266	9.0	0.35646	0.9302433447273867	13357.0
1267	12.0	0.35290000000000005	0.958090884295576	13207.0
1268	12.0	0.36083999999999994	0.8384090557303482	11939.0
1269	15.0	0.3488200000000001	0.9331029813209227	14712.0
1270	21.0	0.3434400000000001	0.9303159666481966	14678.0
1271	10.0	0.34850000000000003	0.9378070224771942	14051.0
1272	9.0	0.3631	0.9450405338446566	15838.0
1273	9.0	0.37091999999999997	0.9010746301925556	15288.0
1274	13.0	0.3814200000000001	0.9288936781643158	16948.0
1275	14.0	0.35882000000000003	0.9172061710423349	15356.0
1276	10.0	0.36219999999999997	0.9337263712659952	15249.0
1277	15.0	0.3704	0.9250351245437428	16150.0
1278	13.0	0.3623200000000001	0.926839517618198	15541.0
1279	19.0	0.35824	0.9428841363576844	13618.0
1280	20.0	0.36424	0.9334757429342602	16441.0
1281	16.0	0.3561800000000001	0.9504220346907951	15970.0
1282	15.0	0.36699999999999994	0.8966044046923423	17037.0
1283	17.0	0.35662	0.9189644317427381	14642.0
1284	17.0	0.37036	0.9248738699816959	16362.0
1285	12.0	0.38134	0.9514310672172427	14746.0
1286	13.0	0.35818	0.9515589211985691	11506.0
1287	15.0	0.3798	0.943861194324722	16640.0
1288	15.0	0.3688	0.9269372457988394	13863.0
1289	13.0	0.36894	0.9325618998211785	17435.0
1290	15.0	0.35318	0.9440840926573034	17001.0
1291	11.0	0.3840799999999999	0.922210601592505	17196.0
1292	12.0	0.3539000000000001	0.914807667147862	12381.0
1293	20.0	0.36889999999999995	0.920483799631592	14966.0
1294	21.0	0.37699999999999995	0.9703028131516402	19260.0
1295	16.0	0.37770000000000004	0.9637483870289419	15718.0
1296	15.0	0.37124	0.9338917640189908	14363.0
1297	15.0	0.38488	0.9476715028539966	17032.0
1298	12.0	0.38536000000000004	0.9535691557791158	16808.0
1299	18.0	0.37402	0.9431501548145893	15973.0
1300	20.0	0.38833999999999996	0.9555168821404776	16691.0
1301	15.0	0.40928	0.9455755459598977	19478.0
1302	20.0	0.40304	0.9560894367646469	19918.0
1303	21.0	0.39422	0.9534347721916995	18000.0
1304	15.0	0.38101999999999997	0.9405594574803373	18434.0
1305	18.0	0.40834000000000004	0.8252752505899913	17656.0
1306	15.0	0.4004	0.8982230482304331	17615.0
1307	19.0	0.37872	0.8391503847110922	16423.0
1308	17.0	0.3936	0.9567632379541299	20844.0
1309	13.0	0.39720000000000005	0.9545248069567398	19757.0
1310	10.0	0.41292000000000006	0.9388730763295604	21380.0
1311	18.0	0.41236000000000006	0.83846730255062	18025.0
1312	16.0	0.39628	0.9428473037393034	21679.0
1313	22.0	0.4392799999999999	0.9500448389795619	28585.0
1314	12.0	0.42082	0.8483948967906364	25434.0
1315	14.0	0.43706	0.9406203044581737	32728.0
1316	16.0	0.4257800000000001	0.9162930540770637	27860.0
1317	13.0	0.42868	0.9643472408180354	28497.0
1318	25.0	0.42839999999999995	0.9583743418825929	30009.0
1319	15.0	0.44764000000000004	0.868432326800732	33378.0
1320	15.0	0.42856	0.9536348765912064	34828.0
1321	13.0	0.4467400000000001	0.9516739002646882	32512.0
1322	20.0	0.42129999999999995	0.9522984311783703	28312.0
1323	16.0	0.45940000000000003	0.965698370145026	36637.0
1324	11.0	0.4292000000000001	0.9484119612830317	30208.0
1325	14.0	0.47264	0.9205652645187604	36776.0
1326	12.0	0.47804	0.9303090879600922	39043.0
1327	17.0	0.50276	0.9238550526667008	45188.0
1328	7.0	0.47978000000000004	0.9413402701449751	48767.0
1329	10.0	0.48606	0.9204185211791571	47601.0
1330	8.0	0.50958	0.7772239147327223	48798.0
1331	13.0	0.47024	0.8895389827712559	60754.0
1332	13.0	0.4868	0.8708943560244458	49052.0
1333	13.0	0.45313999999999993	0.8213441831068828	49638.0
1334	12.0	0.463	0.7845678623085907	54240.0
1335	13.0	0.44138000000000005	0.833225575360977	44326.0
1336	11.0	0.39902	0.8488907046090022	38615.0
1337	11.0	0.47418000000000005	0.8197140788819592	54024.0
1338	9.0	0.51414	0.8595246711031486	60881.0
1339	6.0	0.53134	0.8839187253022142	64968.0
1340	4.0	0.51694	0.8097316021492286	59237.0
1341	12.0	0.4334	0.8190935363692369	53153.0
1342	16.0	0.42258	0.8377626105379985	45839.0
1343	12.0	0.52244	0.8587038213038236	48787.0
1344	5.0	0.5809199999999999	0.9172915193835157	44924.0
1345	11.0	0.53366	0.8849407886726806	55181.0
1346	7.0	0.5165	0.869694602817857	53949.0
1347	13.0	0.4096	0.8078766620541674	42586.0
1348	14.0	0.50678	0.8800511681596325	52867.0
1349	10.0	0.55756	0.9483745616051834	55741.0
1350	9.0	0.49048	0.7472024361120614	59628.0
1351	8.0	0.54086	0.8658986255380688	52453.0
1352	15.0	0.44682	0.7267334900428514	47912.0
1353	7.0	0.53052	0.8490956649629764	52151.0
1354	13.0	0.48296	0.7955680528795708	50258.0
1355	8.0	0.5098199999999999	0.8472054858597091	51686.0
1356	8.0	0.48284	0.7248520765833992	61271.0
1357	9.0	0.52706	0.7868957538571099	63106.0
1358	17.0	0.5228	0.8035878109401987	54672.0
1359	7.0	0.5601600000000001	0.9164660653288431	57249.0
1360	16.0	0.5252	0.7460158640230029	65032.0
1361	10.0	0.45898000000000005	0.7825882135099754	56400.0
1362	13.0	0.45524000000000003	0.8261022316216003	52258.0
1363	7.0	0.40434	0.8320668210691262	43337.0
1364	9.0	0.4245399999999999	0.7732060886275433	44585.0
1365	4.0	0.52306	0.8559552091785001	55696.0
1366	7.0	0.4709400000000001	0.8531795828824129	55875.0
1367	14.0	0.5048	0.9055614329694178	48985.0
1368	12.0	0.5198200000000001	0.9610826563620434	55896.0
1369	15.0	0.46985999999999994	0.9374515055443671	42715.0
1370	11.0	0.49583999999999995	0.8851181302508457	52394.0
1371	9.0	0.46123999999999993	0.8218650029627299	43448.0
1372	10.0	0.44762	0.7036506646851318	37097.0
1373	10.0	0.48324	0.7771410757418225	45356.0
1374	10.0	0.49611999999999995	0.8038009181177005	53254.0
1375	11.0	0.48164	0.7765723437751644	57766.0
1376	14.0	0.4663999999999999	0.8098635579987578	50745.0
1377	13.0	0.44232	0.8042917627206583	48881.0
1378	12.0	0.42497999999999997	0.7791175893068046	45504.0
1379	13.0	0.4210200000000001	0.8059141113098018	40047.0
1380	9.0	0.41912	0.8205666196912207	51341.0
1381	12.0	0.44968	0.7603119606597958	45314.0
1382	12.0	0.49666000000000005	0.8039188868950351	53459.0
1383	19.0	0.45462	0.801951671092749	47006.0
1384	8.0	0.441	0.7658872984663267	49242.0
1385	15.0	0.41613999999999995	0.7693823451662397	41903.0
1386	4.0	0.4330799999999999	0.7928576709262463	45620.0
1387	11.0	0.49159999999999987	0.8391458031441664	48929.0
1388	13.0	0.44437999999999994	0.7977853003036739	50303.0
1389	16.0	0.40027999999999997	0.8587547393493827	43974.0
1390	8.0	0.45048	0.811090303440908	52710.0
1391	14.0	0.43308	0.7840208270248883	46003.0
1392	14.0	0.39088	0.8399841925680598	41818.0
1393	13.0	0.37656	0.799683808013506	36575.0
1394	11.0	0.40174	0.8220883539536629	40416.0
1395	10.0	0.4769	0.7715095396721681	55032.0
1396	11.0	0.44049999999999995	0.8057698245810488	46917.0
1397	7.0	0.45228	0.8479421155835618	47494.0
1398	9.0	0.44071999999999995	0.8477732453369387	52422.0
1399	2.0	0.53402	0.6502129067369817	37472.0
1400	13.0	0.4623999999999999	0.21539195878148398	28197.0
1401	8.0	0.4440799999999999	0.43070172906795257	30719.0
1402	12.0	0.42924	0.47419336391977784	33555.0
1403	13.0	0.4717	0.556563505816338	71453.0
1404	7.0	0.522	0.2615428833606315	21746.0
1405	16.0	0.43931999999999993	0.39852528047992547	34533.0
1406	9.0	0.4639	0.7021233609562579	48923.0
1407	6.0	0.4662200000000001	0.7109850888151061	50591.0
1408	3.0	0.50886	0.7529510804625259	54703.0
1409	4.0	0.51606	0.7607817856248121	57482.0
1410	5.0	0.50542	0.7944349714173544	47196.0
1411	21.0	0.43373999999999996	0.8348103021381936	51529.0
1412	9.0	0.48908	0.8272144551598434	53883.0
1413	3.0	0.49568000000000006	0.7213265850312615	43130.0
1414	7.0	0.57332	0.9518394164702474	44582.0
1415	10.0	0.5442800000000001	0.9490030788950569	43424.0
1416	13.0	0.47542	0.9075376654721674	47313.0
1417	10.0	0.41853999999999997	0.5969264579717536	12429.0
1418	13.0	0.43910000000000005	0.8361281748228638	13113.0
1419	13.0	0.45177999999999996	0.8452821030170832	15539.0
1420	17.0	0.4255	0.950868606795538	11255.0
1421	20.0	0.40082	0.9260783382926603	9193.0
1422	13.0	0.37829999999999997	0.9435568634202511	9963.0
1423	19.0	0.39599999999999996	0.9536385849517437	9586.0
1424	15.0	0.38044000000000006	0.9260858562900004	24590.0
1425	7.0	0.40798	0.9006466793378461	26076.0
1426	17.0	0.39330000000000004	0.8573293801468089	30230.0
1427	12.0	0.45298	0.9085177789966941	36793.0
1428	17.0	0.4818	0.9163545612601058	40597.0
1429	11.0	0.47556000000000004	0.9139014202006787	43558.0
1430	23.0	0.42052	0.8673104250128566	42563.0
1431	11.0	0.4406199999999999	0.8359775967320277	42146.0
1432	13.0	0.4356399999999999	0.7384231584989938	40528.0
1433	12.0	0.4471	0.8356324124021325	44664.0
1434	13.0	0.40324	0.8497001752439838	39691.0
1435	10.0	0.4122199999999999	0.8543083092076101	39023.0
1436	11.0	0.42172000000000004	0.7952689899097087	48045.0
1437	11.0	0.46387999999999996	0.7763050997075929	49036.0
1438	12.0	0.44555999999999996	0.7849015337601633	53594.0
1439	14.0	0.43449999999999994	0.8280102704636022	46848.0
1440	12.0	0.44601999999999997	0.8333799968049087	48134.0
1441	12.0	0.45858000000000004	0.7907176496411535	43056.0
1442	17.0	0.47074000000000005	0.9078397874083339	44241.0
1443	17.0	0.43518	0.8596708300178868	43799.0
1444	18.0	0.42823999999999995	0.9502425910232399	36776.0
1445	22.0	0.39598	0.9582951863829047	32781.0
1446	13.0	0.38588000000000006	0.9350137046777471	30015.0
1447	13.0	0.3805799999999999	0.7071209823409964	27932.0
1448	23.0	0.36236	0.9341964458752208	25807.0
1449	19.0	0.36737999999999993	0.9174830628802297	28539.0
1450	13.0	0.34448000000000006	0.9471526476759763	24482.0
1451	19.0	0.38524	0.7373675847374151	31002.0
1452	18.0	0.39043999999999995	0.7697154886752261	31716.0
1453	14.0	0.38258000000000003	0.7978230808923178	32297.0
1454	12.0	0.37056	0.8571030208652272	28443.0
1455	14.0	0.38842000000000004	0.8938277419501383	29649.0
1456	24.0	0.4257399999999999	0.9526934560887704	33894.0
1457	19.0	0.4562999999999999	0.9644463976052167	34082.0
1458	13.0	0.45954	0.9272893654080603	39673.0
1459	12.0	0.47369999999999995	0.9359291417250785	34420.0
1460	20.0	0.45968000000000003	0.9111012087565762	38235.0
1461	9.0	0.48394	0.964253221890681	30323.0
1462	10.0	0.4651200000000001	0.8330567383610277	41077.0
1463	7.0	0.43772	0.8912520050751316	31384.0
1464	12.0	0.42994000000000004	0.9305457092306463	31706.0
1465	9.0	0.4207	0.9231240269014348	29811.0
1466	9.0	0.43634000000000006	0.916122685493238	29681.0
1467	14.0	0.44224	0.9682812831238233	32130.0
1468	11.0	0.43302	0.9337448768164078	31985.0
1469	16.0	0.42618	0.9270360101714611	24436.0
1470	16.0	0.43412	0.9294713155944179	31301.0
1471	17.0	0.42210000000000003	0.9352374106983896	28402.0
1472	17.0	0.40068	0.8805232356929622	25465.0
1473	20.0	0.38292000000000004	0.9124576159165156	24196.0
1474	17.0	0.39959999999999996	0.9047245092877344	25380.0
1475	15.0	0.40800000000000003	0.9381342364050036	27508.0
1476	18.0	0.42589999999999995	0.9177367703411433	27605.0
1477	14.0	0.4248999999999999	0.810265895146554	26506.0
1478	19.0	0.39666	0.9341341059553473	24025.0
1479	22.0	0.38908000000000004	0.8836919908511381	25830.0
1480	10.0	0.3952400000000001	0.9396070954575944	30867.0
1481	17.0	0.38931999999999994	0.9460863922732916	25389.0
1482	13.0	0.40018	0.8712490843538154	31529.0
1483	15.0	0.3709200000000001	0.893668401508684	25301.0
1484	18.0	0.40068000000000004	0.8832998283712422	30534.0
1485	18.0	0.41154	0.8961204794585895	39094.0
1486	15.0	0.43268	0.8588302422077894	44658.0
1487	10.0	0.47285999999999995	0.5398534667996856	44099.0
1488	10.0	0.50714	0.26044114767173415	37799.0
1489	8.0	0.48879999999999996	0.6510254575327624	37041.0
1490	22.0	0.42072000000000004	0.79223500669598	27463.0
1491	14.0	0.39936000000000005	0.6143880888928623	26168.0
1492	10.0	0.44514	0.7574232498411309	46433.0
1493	18.0	0.4369200000000001	0.8277572644678168	42961.0
1494	13.0	0.45576	0.8053733026599503	50521.0
1495	7.0	0.5091	0.8787786190178789	53313.0
1496	9.0	0.43352	0.8214952270604212	44201.0
1497	10.0	0.4410199999999999	0.804122974652398	45732.0
1498	17.0	0.44284	0.8460310320921348	44959.0
1499	9.0	0.43624000000000007	0.7820835557057442	48325.0
1500	9.0	0.4604600000000001	0.8056322016987789	50483.0
1501	11.0	0.43546	0.8143503181863553	57454.0
1502	13.0	0.5014799999999999	0.9240557862312229	55601.0
1503	8.0	0.44104	0.7509142391989562	50809.0
1504	15.0	0.47814000000000006	0.8403521084959596	46909.0
1505	6.0	0.58752	0.8860011751404584	41368.0
1506	12.0	0.47807999999999995	0.8501488061001656	52154.0
1507	12.0	0.4169799999999999	0.8501604018808214	41367.0
1508	14.0	0.40976	0.8252580881658207	38387.0
1509	11.0	0.447	0.7865146225672897	47443.0
1510	13.0	0.48355999999999993	0.7599714762364328	60280.0
1511	9.0	0.47975999999999996	0.778151345358609	66111.0
1512	15.0	0.4473	0.8500769108772448	52192.0
1513	16.0	0.44466000000000006	0.8607296399355563	45249.0
1514	12.0	0.4264199999999999	0.8249295312970113	38660.0
1515	10.0	0.41625999999999996	0.6827567673074547	33917.0
1516	18.0	0.38177999999999995	0.8911309080594378	32336.0
1517	16.0	0.38361999999999996	0.7579301074417427	24506.0
1518	11.0	0.37645999999999996	0.8604972541025343	22860.0
1519	15.0	0.38012	0.9398521862519428	21019.0
1520	11.0	0.36346000000000006	0.9161544769013316	18353.0
1521	17.0	0.36250000000000004	0.9384666651221344	17542.0
1522	13.0	0.35601999999999995	0.839182564745123	17232.0
1523	8.0	0.35896	0.9074186076355666	15989.0
1524	8.0	0.36294000000000004	0.9265258062680818	16015.0
1525	19.0	0.36982000000000004	0.8341767791385281	17495.0
1526	15.0	0.3643200000000001	0.9419736385987275	16580.0
1527	8.0	0.37479999999999997	0.9164435553742143	18370.0
1528	17.0	0.36605999999999994	0.9025306759862722	15973.0
1529	17.0	0.36402	0.9462277798854414	17260.0
1530	15.0	0.36608	0.9212082578888787	16475.0
1531	20.0	0.36172	0.9647414797815681	18493.0
1532	15.0	0.3732	0.8474853205649909	18688.0
1533	23.0	0.35340000000000005	0.9682419610486894	20669.0
1534	14.0	0.3489999999999999	0.9258172184462216	16391.0
1535	14.0	0.35968000000000006	0.8912724600453894	15841.0
1536	18.0	0.37502	0.9636800110476822	16703.0
1537	22.0	0.3769000000000001	0.9562140353186495	17435.0
1538	18.0	0.3648	0.9640950008908276	15987.0
1539	21.0	0.37818000000000007	0.9231457954046686	16025.0
1540	22.0	0.37135999999999997	0.9432661091840376	16507.0
1541	15.0	0.37988	0.9505271008110558	16660.0
1542	17.0	0.39002	0.9178847406690077	20288.0
1543	12.0	0.4026799999999999	0.8896913091302924	24818.0
1544	9.0	0.4334599999999999	0.9232297532599	33920.0
1545	12.0	0.40708	0.8247093937098696	36674.0
1546	15.0	0.40143999999999996	0.9180414423624425	28881.0
1547	12.0	0.3832000000000001	0.9317867652460133	26069.0
1548	11.0	0.40876000000000007	0.908950348824485	26632.0
1549	16.0	0.41603999999999997	0.9275752788261704	24892.0
1550	17.0	0.40188	0.9304795425532748	26317.0
1551	22.0	0.4102799999999999	0.8243161708090363	28203.0
1552	13.0	0.42274000000000006	0.9437109759583262	30861.0
1553	10.0	0.40808000000000005	0.9338940893920865	35041.0
1554	13.0	0.42232	0.9249999574761132	33482.0
1555	9.0	0.41668000000000005	0.9042139548440956	30889.0
1556	16.0	0.44055999999999995	0.8931355865107508	35044.0
1557	13.0	0.44331999999999994	0.8939251630443028	34871.0
1558	9.0	0.43906000000000006	0.9090143036052275	29356.0
1559	9.0	0.44476	0.8871683632127241	32697.0
1560	13.0	0.44164000000000003	0.8758416686521815	32532.0
1561	22.0	0.43138000000000004	0.8985430990692701	34836.0
1562	15.0	0.44419999999999993	0.8788898400382384	37252.0
1563	16.0	0.40199999999999997	0.9349446424071984	34621.0
1564	13.0	0.42662	0.9232280546329257	34066.0
1565	7.0	0.42510000000000003	0.9160720549107342	39085.0
1566	12.0	0.42083999999999994	0.9412022397809269	41685.0
1567	12.0	0.4136600000000001	0.9384360009265644	29720.0
1568	9.0	0.41956000000000004	0.9266088202131919	41550.0
1569	14.0	0.41047999999999996	0.9216173428934513	42785.0
1570	17.0	0.41997999999999996	0.9410138527129199	40809.0
1571	9.0	0.43115999999999993	0.9310923075668509	36264.0
1572	10.0	0.42611999999999994	0.9527713026815428	34078.0
1573	18.0	0.44095999999999996	0.9262804003812891	38476.0
1574	17.0	0.43156	0.9235093710976839	43713.0
1575	12.0	0.43248	0.9345507829131496	44445.0
1576	12.0	0.42946000000000006	0.9404077083528525	39311.0
1577	15.0	0.4182	0.9409914112318987	38661.0
1578	20.0	0.41594000000000003	0.9403094444003681	40984.0
1579	16.0	0.4308999999999999	0.9101900930081268	38901.0
1580	11.0	0.45506	0.9453518737082484	45932.0
1581	18.0	0.42686	0.9179180009181143	40482.0
1582	11.0	0.43703999999999993	0.9589127259517964	43586.0
1583	16.0	0.42108000000000007	0.9588379937683219	41674.0
1584	12.0	0.43328000000000005	0.9624992654928431	42201.0
1585	10.0	0.42494	0.8071163685386876	45619.0
1586	13.0	0.45399999999999996	0.9605792685007033	40914.0
1587	7.0	0.4476200000000001	0.9542968310503787	49299.0
1588	16.0	0.44162000000000007	0.9263219053775392	50568.0
1589	18.0	0.42902	0.948855681308589	40534.0
1590	17.0	0.44571999999999995	0.9712148451798815	41331.0
1591	25.0	0.42574	0.9470141242476052	47774.0
1592	12.0	0.42722	0.9856421523483858	41630.0
1593	12.0	0.4377400000000001	0.9682712983937781	46119.0
1594	16.0	0.39549999999999996	0.9300264474614286	36974.0
1595	17.0	0.4141	0.9544549219665972	46178.0
1596	14.0	0.41384	0.9790765616416836	50823.0
1597	18.0	0.4124000000000001	0.9295868086220275	48217.0
1598	12.0	0.42341999999999996	0.9612190295275473	59476.0
1599	21.0	0.39138	0.9638883090798398	44891.0
1600	16.0	0.41967999999999994	0.9436110651156098	57171.0
1601	16.0	0.41942	0.9615693319568723	52182.0
1602	13.0	0.4048999999999999	0.8715328822809957	39428.0
1603	16.0	0.41324	0.8669466215983723	39550.0
1604	16.0	0.39208	0.9601818222147562	36104.0
1605	14.0	0.40696	0.7924496392982289	32949.0
1606	20.0	0.41512	0.9708097256292433	36239.0
1607	16.0	0.4299	0.9554238392128679	36898.0
1608	11.0	0.40265999999999996	0.955377609584996	35842.0
1609	18.0	0.41524	0.9637161017206244	43067.0
1610	21.0	0.41572	0.9409826331610145	43081.0
1611	10.0	0.40331999999999996	0.9441168514905126	40275.0
1612	12.0	0.45391999999999993	0.9561073820008038	41241.0
1613	17.0	0.42248	0.8617578374085064	36539.0
1614	13.0	0.43296000000000007	0.9166154494986238	37783.0
1615	14.0	0.4115	0.8804284288324864	32657.0
1616	20.0	0.3947	0.9274279533108974	35246.0
1617	11.0	0.38582000000000005	0.9184181660596926	42158.0
1618	9.0	0.42008	0.9044162577926106	41443.0
1619	13.0	0.43707999999999997	0.8455714015820679	51234.0
1620	9.0	0.40596000000000004	0.904342375325911	53726.0
1621	12.0	0.43356	0.8387609372416907	59914.0
1622	9.0	0.45458	0.7931922061689265	68803.0
1623	7.0	0.50278	0.7775822914807562	71461.0
1624	9.0	0.49666	0.8296333417022154	63537.0
1625	8.0	0.4669	0.819825665302183	70199.0
1626	18.0	0.46401999999999993	0.8518516384580743	59075.0
1627	13.0	0.41064	0.860225163518312	58292.0
1628	11.0	0.45358	0.8890552836332903	68998.0
1629	8.0	0.50012	0.8905808378224515	80039.0
1630	16.0	0.5138799999999999	0.9290493105000106	76315.0
1631	10.0	0.49808	0.9461101530354994	66323.0
1632	7.0	0.5028199999999999	0.9184984042117763	66728.0
1633	11.0	0.51238	0.9583671661471261	74599.0
1634	5.0	0.5380400000000001	0.8975566708213941	57686.0
1635	11.0	0.48491999999999996	0.8356729094667511	71633.0
1636	13.0	0.4744	0.8450962402751875	70196.0
1637	11.0	0.47651999999999994	0.8858812834621617	70122.0
1638	10.0	0.4771999999999999	0.8863870130336362	61024.0
1639	17.0	0.43920000000000003	0.9447964772060915	57153.0
1640	20.0	0.41832	0.8258173355245395	44324.0
1641	20.0	0.42934	0.9410282946989038	43683.0
1642	12.0	0.41794	0.9267240189344801	45498.0
1643	16.0	0.39668	0.8225071644569728	39401.0
1644	14.0	0.40735999999999994	0.8378448383510142	41588.0
1645	13.0	0.41118000000000005	0.9641957025539024	45388.0
1646	16.0	0.4270999999999999	0.8557450392862412	34875.0
1647	19.0	0.40897999999999995	0.9235967852120762	32017.0
1648	21.0	0.4318600000000001	0.9586427670190124	29687.0
1649	18.0	0.40364000000000005	0.9481063888758814	29404.0
1650	13.0	0.43450000000000005	0.9326760755676728	28932.0
1651	20.0	0.4238600000000001	0.9411466434843572	32258.0
1652	12.0	0.42601999999999995	0.9552232292378593	33306.0
1653	16.0	0.44642000000000004	0.9709927161296665	34734.0
1654	17.0	0.4268	0.9706985489654351	34404.0
1655	18.0	0.4039999999999999	0.9729308166642394	27912.0
1656	15.0	0.42401999999999995	0.9522038282531818	27551.0
1657	18.0	0.41292	0.9392878276880132	27517.0
1658	15.0	0.4089400000000001	0.9578273959222474	25755.0
1659	16.0	0.40588	0.9430577229620628	30475.0
1660	18.0	0.41696	0.9358254192361082	25789.0
1661	15.0	0.41009999999999996	0.9438999365454017	28106.0
1662	15.0	0.4077199999999999	0.9378566990141343	32453.0
1663	20.0	0.42882	0.9111900125772614	32119.0
1664	14.0	0.4207000000000001	0.9076178377686677	30893.0
1665	15.0	0.42396	0.960157892094696	32095.0
1666	15.0	0.4044	0.9644957086101263	32628.0
1667	14.0	0.41234000000000004	0.9459747979851805	32157.0
1668	13.0	0.41379999999999995	0.9488018539611411	35448.0
1669	18.0	0.42466000000000004	0.9360441939002517	38786.0
1670	15.0	0.43735999999999997	0.8995408717058488	39713.0
1671	15.0	0.43038000000000004	0.9294545037379449	39691.0
1672	10.0	0.42139999999999994	0.9481448689237822	42620.0
1673	9.0	0.44412	0.7923128855954786	37364.0
1674	11.0	0.4493	0.9492098717637178	45070.0
1675	15.0	0.43446000000000007	0.9396546655458372	41818.0
1676	11.0	0.43712	0.8909685933256052	52909.0
1677	10.0	0.46134000000000003	0.9154437940766295	51573.0
1678	8.0	0.44770000000000004	0.8494927925897904	54989.0
1679	7.0	0.55416	0.9115897940818868	65593.0
1680	11.0	0.5323000000000001	0.9246556463305048	56911.0
1681	9.0	0.52178	0.9066282861151231	70484.0
1682	13.0	0.44266	0.9036217629801475	55934.0
1683	18.0	0.46309999999999996	0.8402678856904423	65836.0
1684	3.0	0.52996	0.8578416174989927	66190.0
1685	15.0	0.49461999999999995	0.8976673345919519	68830.0
1686	4.0	0.50086	0.9071753687472602	63933.0
1687	5.0	0.4893799999999999	0.8676604782046388	60398.0
1688	15.0	0.47972000000000004	0.8605342657625694	65607.0
1689	11.0	0.4984200000000001	0.8490456260439512	61863.0
1690	10.0	0.48008	0.883050263216731	69449.0
1691	10.0	0.5003799999999999	0.884504106201384	73739.0
1692	11.0	0.4996	0.9074828781615509	77033.0
1693	8.0	0.49857999999999997	0.8718614268126563	71563.0
1694	7.0	0.4638999999999999	0.8571093210976559	75175.0
1695	16.0	0.4234800000000001	0.9014655901428513	60788.0
1696	20.0	0.48322000000000004	0.8502476035990525	65590.0
1697	7.0	0.5203	0.8495144095671507	73204.0
1698	8.0	0.48983999999999994	0.8502907086264468	79910.0
1699	9.0	0.52516	0.8963652081572097	65565.0
1700	15.0	0.48806	0.8518248278166654	81421.0
1701	7.0	0.49382	0.8399394383734146	82476.0
1702	4.0	0.54162	0.8881724052969565	65603.0
1703	8.0	0.53332	0.877385714090728	65393.0
1704	11.0	0.553	0.9520376738062147	67115.0
1705	8.0	0.56698	0.9277037308926753	58682.0
1706	6.0	0.56016	0.9297792570384653	73693.0
1707	12.0	0.55474	0.9237245391831025	72500.0
1708	10.0	0.5659000000000001	0.8064185046558692	59537.0
1709	7.0	0.58152	0.9500231568264317	80069.0
1710	8.0	0.56262	0.9262051741955917	66581.0
1711	9.0	0.55774	0.9196235666999688	83134.0
1712	8.0	0.57208	0.969792879744879	76456.0
1713	6.0	0.6030000000000001	0.97597687821309	45252.0
1714	9.0	0.50684	0.8788711814819663	55969.0
1715	11.0	0.5371	0.8642963257049272	56616.0
1716	10.0	0.4971400000000001	0.8748873626557598	51154.0
1717	9.0	0.50204	0.8910365562922883	50804.0
1718	10.0	0.4670000000000001	0.8819194307659565	40030.0
1719	11.0	0.50844	0.9586287324504971	41365.0
1720	10.0	0.48358000000000007	0.9080709263587691	41539.0
1721	12.0	0.5058	0.9497636461053055	44725.0
1722	12.0	0.49944000000000005	0.947838303189245	38509.0
1723	6.0	0.46464	0.9353501671221003	41122.0
1724	14.0	0.4653600000000001	0.9547743839908333	37991.0
1725	15.0	0.46574	0.7762875114233697	27245.0
1726	8.0	0.47666000000000003	0.8683804609793282	35631.0
1727	12.0	0.49117999999999995	0.9482783305395592	39122.0
1728	13.0	0.48707999999999996	0.9665785894403771	36906.0
1729	13.0	0.48618	0.9453491608783785	34928.0
1730	12.0	0.52732	0.9881918108397606	32616.0
1731	14.0	0.50298	0.9244822605137013	38736.0
1732	14.0	0.48725999999999997	0.9497229276972505	34683.0
1733	15.0	0.47734000000000004	0.9479750374424459	39260.0
1734	8.0	0.49000000000000005	0.9091850116838677	33858.0
1735	20.0	0.49076000000000003	0.842445567825719	39981.0
1736	9.0	0.45697999999999994	0.9513191878849035	39200.0
1737	12.0	0.49064	0.9253932423851734	40081.0
1738	11.0	0.49329999999999996	0.9602742643183483	39125.0
1739	10.0	0.51314	0.9857967162642163	40978.0
1740	9.0	0.49394000000000005	0.9504866288524045	40919.0
1741	9.0	0.4859199999999999	0.9415356312676502	44767.0
1742	6.0	0.45236000000000004	0.9220459446895957	43160.0
1743	11.0	0.48960000000000004	0.9014210783920462	40426.0
1744	4.0	0.48545999999999995	0.9220018130698381	43723.0
1745	13.0	0.47661999999999993	0.9126838490275676	44757.0
1746	8.0	0.48489999999999994	0.8993739332567171	46920.0
1747	6.0	0.53672	0.9339983573531501	47005.0
1748	6.0	0.48828000000000005	0.8385703556566921	44465.0
1749	7.0	0.48324	0.8670404467954685	41971.0
1750	8.0	0.48758	0.7147408780614025	43846.0
1751	14.0	0.51092	0.855483104955963	49970.0
1752	9.0	0.52978	0.8780742813796406	45704.0
1753	6.0	0.55486	0.9287490741328615	44296.0
1754	9.0	0.58344	0.9279126187470681	41583.0
1755	6.0	0.51088	0.804856699606339	47022.0
1756	8.0	0.5060800000000001	0.7406859041731041	55895.0
1757	6.0	0.5816800000000001	0.8584335825665285	49080.0
1758	8.0	0.52042	0.5201936586339504	51480.0
1759	3.0	0.51548	0.7965940628406772	51231.0
1760	7.0	0.48225999999999997	0.7059896764833637	38842.0
1761	17.0	0.52292	0.7130912032813924	34303.0
1762	12.0	0.55364	0.7276330674266103	35404.0
1763	10.0	0.52786	0.5881063937759685	34689.0
1764	9.0	0.50398	0.5806691859825476	31225.0
1765	5.0	0.5237999999999999	0.5203457486700099	33409.0
1766	8.0	0.5307999999999999	0.7917875961429851	36479.0
1767	3.0	0.4579	0.7548100052299045	33595.0
1768	2.0	0.12486000000000003	0.2091372347114399	5959.0
1769	7.0	0.60484	0.9714228744420808	40204.0
1770	6.0	0.6321800000000001	0.9801373109119326	39686.0
1771	6.0	0.62816	0.9409902691805508	42542.0
1772	5.0	0.5561799999999999	0.8608926996117529	57167.0
1773	10.0	0.5210600000000001	0.8877798549118322	61503.0
1774	11.0	0.5848399999999999	0.8884726873055993	50382.0
1775	4.0	0.61478	0.9296421327762019	43480.0
1776	8.0	0.6174200000000001	0.9160686448923536	54679.0
1777	4.0	0.60068	0.8661887145551347	45336.0
1778	6.0	0.59646	0.9222624762718138	40968.0
1779	4.0	0.6154	0.9410498527409551	32077.0
1780	8.0	0.59606	0.8864255107613743	34683.0
1781	7.0	0.55438	0.8418897941573511	42321.0
1782	3.0	0.6037	0.9219276354226554	41147.0
1783	14.0	0.53884	0.9211326127118824	46213.0
1784	8.0	0.5966600000000001	0.9070648579823714	33117.0
1785	7.0	0.54348	0.812854939084867	40599.0
1786	6.0	0.5376000000000001	0.7912423869396312	41267.0
1787	13.0	0.5501	0.9189315442138216	33855.0
1788	12.0	0.4913600000000001	0.8972610845458513	45617.0
1789	10.0	0.50674	0.8085981657554397	41500.0
1790	13.0	0.48101999999999995	0.7990253938991297	44978.0
1791	14.0	0.51016	0.7954254996216618	50460.0
1792	6.0	0.56438	0.8774283509862966	41300.0
1793	1.0	0.58658	0.8160180664657697	40204.0
1794	2.0	0.5356799999999999	0.7526171468765591	42992.0
1795	14.0	0.58722	0.8439157356383911	43971.0
1796	7.0	0.51052	0.7804819763772095	44080.0
1797	11.0	0.51244	0.7437000285395645	45833.0
1798	5.0	0.5446	0.7718320531474548	40769.0
1799	8.0	0.5697399999999999	0.8396999315508409	35851.0
1800	4.0	0.53526	0.8206396451815858	45399.0
1801	10.0	0.5456599999999999	0.8260493651867278	41036.0
1802	17.0	0.49034	0.772963588613704	43750.0
1803	22.0	0.4508	0.23214477146534362	14015.0
1804	16.0	0.4653399999999999	0.07229666076033185	4806.0
1805	20.0	0.35616	0.09598956949555228	6377.0
1807	1.0	0.0	0.0	0.0
