0	0.0	0.0	0.0	0
1	0.0	0.0	0.0	0
2	0.0	0.0	0.0	0
3	0.0	0.0	0.0	0
4	0.0	0.0	0.0	0
5	0.0	0.0	0.0	0
6	0.0	0.0	0.0	0
7	0.0	0.0	0.0	0
8	0.0	0.0	0.0	0
9	0.0	0.0	0.0	0
10	0.0	0.0	0.0	0
11	0.0	0.0	0.0	0
12	0.0	0.0	0.0	0
13	0.0	0.0	0.0	0
14	0.0	0.0	0.0	0
15	0.0	0.0	0.0	0
16	0.0	0.0	0.0	0
17	0.0	0.0	0.0	0
18	0.0	0.0	0.0	0
19	0.0	0.0	0.0	0
20	0.0	0.0	0.0	0
21	0.0	0.0	0.0	0
22	0.0	0.0	0.0	0
23	0.0	0.0	0.0	0
24	0.0	0.0	0.0	0
25	0.0	0.0	0.0	0
26	0.0	0.0	0.0	0
27	0.0	0.0	0.0	0
28	0.0	0.0	0.0	0
29	0.0	0.0	0.0	0
30	0.0	0.0	0.0	0
31	0.0	0.0	0.0	0
32	0.0	0.0	0.0	0
33	0.0	0.0	0.0	0
34	0.0	0.0	0.0	0
35	0.0	0.0	0.0	0
36	0.0	0.0	0.0	0
37	0.0	0.0	0.0	0
38	0.0	0.0	0.0	0
39	0.0	0.0	0.0	0
40	0.0	0.0	0.0	0
41	0.0	0.0	0.0	0
42	0.0	0.0	0.0	0
43	0.0	0.0	0.0	0
44	0.0	0.0	0.0	0
45	0.0	0.0	0.0	0
46	0.0	0.0	0.0	0
47	0.0	0.0	0.0	0
48	0.0	0.0	0.0	0
49	0.0	0.0	0.0	0
50	0.0	0.0	0.0	0
51	0.0	0.0	0.0	0
52	0.0	0.0	0.0	0
53	0.0	0.0	0.0	0
54	0.0	0.0	0.0	0
55	0.0	0.0	0.0	0
56	0.0	0.0	0.0	0
57	0.0	0.0	0.0	0
58	0.0	0.0	0.0	0
59	0.0	0.0	0.0	0
60	0.0	0.0	0.0	0
61	0.0	0.0	0.0	0
62	0.0	0.0	0.0	0
63	0.0	0.0	0.0	0
64	0.0	0.0	0.0	0
65	0.0	0.0	0.0	0
66	0.0	0.0	0.0	0
67	0.0	0.0	0.0	0
68	0.0	0.0	0.0	0
69	0.0	0.0	0.0	0
70	0.0	0.0	0.0	0
71	0.0	0.0	0.0	0
72	0.0	0.0	0.0	0
73	0.0	0.0	0.0	0
74	0.0	0.0	0.0	0
75	0.0	0.0	0.0	0
76	0.0	0.0	0.0	0
77	0.0	0.0	0.0	0
78	0.0	0.0	0.0	0
79	0.0	0.0	0.0	0
80	0.0	0.0	0.0	0
81	0.0	0.0	0.0	0
82	0.0	0.0	0.0	0
83	0.0	0.0	0.0	0
84	0.0	0.0	0.0	0
85	0.0	0.0	0.0	0
86	0.0	0.0	0.0	0
87	0.0	0.0	0.0	0
88	0.0	0.0	0.0	0
89	0.0	0.0	0.0	0
90	0.0	0.0	0.0	0
91	0.0	0.0	0.0	0
92	0.0	0.0	0.0	0
93	0.0	0.0	0.0	0
94	0.0	0.0	0.0	0
95	0.0	0.0	0.0	0
96	0.0	0.0	0.0	0
97	0.0	0.0	0.0	0
98	0.0	0.0	0.0	0
99	0.0	0.0	0.0	0
100	0.0	0.0	0.0	0
101	0.0	0.0	0.0	0
102	0.0	0.0	0.0	0
103	0.0	0.0	0.0	0
104	0.0	0.0	0.0	0
105	0.0	0.0	0.0	0
106	0.0	0.0	0.0	0
107	0.0	0.0	0.0	0
108	0.0	0.0	0.0	0
109	0.0	0.0	0.0	0
110	0.0	0.0	0.0	0
111	0.0	0.0	0.0	0
112	0.0	0.0	0.0	0
113	0.0	0.0	0.0	0
114	0.0	0.0	0.0	0
115	0.0	0.0	0.0	0
116	0.0	0.0	0.0	0
117	0.0	0.0	0.0	0
118	0.0	0.0	0.0	0
119	0.0	0.0	0.0	0
120	0.0	0.0	0.0	0
121	0.0	0.0	0.0	0
122	0.0	0.0	0.0	0
123	0.0	0.0	0.0	0
124	0.0	0.0	0.0	0
125	0.0	0.0	0.0	0
126	0.0	0.0	0.0	0
127	0.0	0.0	0.0	0
128	0.0	0.0	0.0	0
129	0.0	0.0	0.0	0
130	0.0	0.0	0.0	0
131	0.0	0.0	0.0	0
132	0.0	0.0	0.0	0
133	0.0	0.0	0.0	0
134	0.0	0.0	0.0	0
135	0.0	0.0	0.0	0
136	0.0	0.0	0.0	0
137	0.0	0.0	0.0	0
138	0.0	0.0	0.0	0
139	0.0	0.0	0.0	0
140	0.0	0.0	0.0	0
141	0.0	0.0	0.0	0
142	0.0	0.0	0.0	0
143	0.0	0.0	0.0	0
144	0.0	0.0	0.0	0
145	0.0	0.0	0.0	0
146	0.0	0.0	0.0	0
147	0.0	0.0	0.0	0
148	0.0	0.0	0.0	0
149	0.0	0.0	0.0	0
150	0.0	0.0	0.0	0
151	0.0	0.0	0.0	0
152	0.0	0.0	0.0	0
153	0.0	0.0	0.0	0
154	0.0	0.0	0.0	0
155	0.0	0.0	0.0	0
156	0.0	0.0	0.0	0
157	0.0	0.0	0.0	0
158	0.0	0.0	0.0	0
159	0.0	0.0	0.0	0
160	0.0	0.0	0.0	0
161	0.0	0.0	0.0	0
162	0.0	0.0	0.0	0
163	0.0	0.0	0.0	0
164	0.0	0.0	0.0	0
165	0.0	0.0	0.0	0
166	0.0	0.0	0.0	0
167	0.0	0.0	0.0	0
168	0.0	0.0	0.0	0
169	0.0	0.0	0.0	0
170	0.0	0.0	0.0	0
171	0.0	0.0	0.0	0
172	0.0	0.0	0.0	0
173	0.0	0.0	0.0	0
174	0.0	0.0	0.0	0
175	0.0	0.0	0.0	0
176	0.0	0.0	0.0	0
177	0.0	0.0	0.0	0
178	0.0	0.0	0.0	0
179	0.0	0.0	0.0	0
180	0.0	0.0	0.0	0
181	0.0	0.0	0.0	0
182	0.0	0.0	0.0	0
183	0.0	0.0	0.0	0
184	0.0	0.0	0.0	0
185	0.0	0.0	0.0	0
186	0.0	0.0	0.0	0
187	0.0	0.0	0.0	0
188	0.0	0.0	0.0	0
189	0.0	0.0	0.0	0
190	0.0	0.0	0.0	0
191	0.0	0.0	0.0	0
192	0.0	0.0	0.0	0
193	0.0	0.0	0.0	0
194	0.0	0.0	0.0	0
195	0.0	0.0	0.0	0
196	0.0	0.0	0.0	0
197	0.0	0.0	0.0	0
198	0.0	0.0	0.0	0
199	0.0	0.0	0.0	0
200	0.0	0.0	0.0	0
201	0.0	0.0	0.0	0
202	0.0	0.0	0.0	0
203	0.0	0.0	0.0	0
204	0.0	0.0	0.0	0
205	0.0	0.0	0.0	0
206	0.0	0.0	0.0	0
207	0.0	0.0	0.0	0
208	0.0	0.0	0.0	0
209	0.0	0.0	0.0	0
210	0.0	0.0	0.0	0
211	0.0	0.0	0.0	0
212	0.0	0.0	0.0	0
213	0.0	0.0	0.0	0
214	0.0	0.0	0.0	0
215	0.0	0.0	0.0	0
216	0.0	0.0	0.0	0
217	0.0	0.0	0.0	0
218	0.0	0.0	0.0	0
219	0.0	0.0	0.0	0
220	0.0	0.0	0.0	0
221	0.0	0.0	0.0	0
222	0.0	0.0	0.0	0
223	0.0	0.0	0.0	0
224	0.0	0.0	0.0	0
225	0.0	0.0	0.0	0
226	0.0	0.0	0.0	0
227	0.0	0.0	0.0	0
228	0.0	0.0	0.0	0
229	0.0	0.0	0.0	0
230	0.0	0.0	0.0	0
231	0.0	0.0	0.0	0
232	0.0	0.0	0.0	0
233	0.0	0.0	0.0	0
234	0.0	0.0	0.0	0
235	0.0	0.0	0.0	0
236	0.0	0.0	0.0	0
237	0.0	0.0	0.0	0
238	0.0	0.0	0.0	0
239	0.0	0.0	0.0	0
240	0.0	0.0	0.0	0
241	0.0	0.0	0.0	0
242	0.0	0.0	0.0	0
243	0.0	0.0	0.0	0
244	0.0	0.0	0.0	0
245	0.0	0.0	0.0	0
246	0.0	0.0	0.0	0
247	0.0	0.0	0.0	0
248	0.0	0.0	0.0	0
249	0.0	0.0	0.0	0
250	0.0	0.0	0.0	0
251	0.0	0.0	0.0	0
252	0.0	0.0	0.0	0
253	0.0	0.0	0.0	0
254	0.0	0.0	0.0	0
255	0.0	0.0	0.0	0
256	0.0	0.0	0.0	0
257	0.0	0.0	0.0	0
258	0.0	0.0	0.0	0
259	0.0	0.0	0.0	0
260	0.0	0.0	0.0	0
261	0.0	0.0	0.0	0
262	0.0	0.0	0.0	0
263	0.0	0.0	0.0	0
264	0.0	0.0	0.0	0
265	0.0	0.0	0.0	0
266	0.0	0.0	0.0	0
267	0.0	0.0	0.0	0
268	0.0	0.0	0.0	0
269	0.0	0.0	0.0	0
270	0.0	0.0	0.0	0
271	0.0	0.0	0.0	0
272	0.0	0.0	0.0	0
273	0.0	0.0	0.0	0
274	0.0	0.0	0.0	0
275	0.0	0.0	0.0	0
276	0.0	0.0	0.0	0
277	0.0	0.0	0.0	0
278	0.0	0.0	0.0	0
279	0.0	0.0	0.0	0
280	0.0	0.0	0.0	0
281	0.0	0.0	0.0	0
282	0.0	0.0	0.0	0
283	0.0	0.0	0.0	0
284	0.0	0.0	0.0	0
285	0.0	0.0	0.0	0
286	0.0	0.0	0.0	0
287	0.0	0.0	0.0	0
288	0.0	0.0	0.0	0
289	0.0	0.0	0.0	0
290	0.0	0.0	0.0	0
291	0.0	0.0	0.0	0
292	0.0	0.0	0.0	0
293	0.0	0.0	0.0	0
294	0.0	0.0	0.0	0
295	0.0	0.0	0.0	0
296	0.0	0.0	0.0	0
297	0.0	0.0	0.0	0
298	0.0	0.0	0.0	0
299	0.0	0.0	0.0	0
300	0.0	0.0	0.0	0
301	0.0	0.0	0.0	0
302	0.0	0.0	0.0	0
303	0.0	0.0	0.0	0
304	0.0	0.0	0.0	0
305	0.0	0.0	0.0	0
306	0.0	0.0	0.0	0
307	0.0	0.0	0.0	0
308	0.0	0.0	0.0	0
309	0.0	0.0	0.0	0
310	0.0	0.0	0.0	0
311	0.0	0.0	0.0	0
312	0.0	0.0	0.0	0
313	0.0	0.0	0.0	0
314	0.0	0.0	0.0	0
315	0.0	0.0	0.0	0
316	0.0	0.0	0.0	0
317	0.0	0.0	0.0	0
318	0.0	0.0	0.0	0
319	0.0	0.0	0.0	0
320	0.0	0.0	0.0	0
321	0.0	0.0	0.0	0
322	0.0	0.0	0.0	0
323	0.0	0.0	0.0	0
324	0.0	0.0	0.0	0
325	0.0	0.0	0.0	0
326	0.0	0.0	0.0	0
327	0.0	0.0	0.0	0
328	0.0	0.0	0.0	0
329	0.0	0.0	0.0	0
330	0.0	0.0	0.0	0
331	0.0	0.0	0.0	0
332	0.0	0.0	0.0	0
333	0.0	0.0	0.0	0
334	0.0	0.0	0.0	0
335	0.0	0.0	0.0	0
336	0.0	0.0	0.0	0
337	0.0	0.0	0.0	0
338	0.0	0.0	0.0	0
339	0.0	0.0	0.0	0
340	0.0	0.0	0.0	0
341	0.0	0.0	0.0	0
342	0.0	0.0	0.0	0
343	0.0	0.0	0.0	0
344	0.0	0.0	0.0	0
345	0.0	0.0	0.0	0
346	0.0	0.0	0.0	0
347	0.0	0.0	0.0	0
348	0.0	0.0	0.0	0
349	0.0	0.0	0.0	0
350	0.0	0.0	0.0	0
351	0.0	0.0	0.0	0
352	0.0	0.0	0.0	0
353	0.0	0.0	0.0	0
354	0.0	0.0	0.0	0
355	0.0	0.0	0.0	0
356	0.0	0.0	0.0	0
357	0.0	0.0	0.0	0
358	0.0	0.0	0.0	0
359	0.0	0.0	0.0	0
360	0.0	0.0	0.0	0
361	0.0	0.0	0.0	0
362	0.0	0.0	0.0	0
363	0.0	0.0	0.0	0
364	0.0	0.0	0.0	0
365	0.0	0.0	0.0	0
366	0.0	0.0	0.0	0
367	0.0	0.0	0.0	0
368	0.0	0.0	0.0	0
369	0.0	0.0	0.0	0
370	0.0	0.0	0.0	0
371	0.0	0.0	0.0	0
372	0.0	0.0	0.0	0
373	0.0	0.0	0.0	0
374	0.0	0.0	0.0	0
375	0.0	0.0	0.0	0
376	0.0	0.0	0.0	0
377	0.0	0.0	0.0	0
378	0.0	0.0	0.0	0
379	0.0	0.0	0.0	2
380	22.0	0.37076	0.36573240874395574	16138
381	9.0	0.3853599999999999	0.20783306677160424	12175
382	23.0	0.37704	0.2705256503812183	10094
383	25.0	0.36068	0.24343725505230776	1469
384	4.0	0.4546	0.3991414347756082	1001
385	2.0	0.45684	0.4425022458092025	1424
386	11.0	0.41112000000000004	0.35837375379443104	2121
387	14.0	0.40054	0.20045142687593256	2802
388	13.0	0.40224	0.3161523078450573	16893
389	24.0	0.41009999999999996	0.36873084048926974	18216
390	11.0	0.41919999999999996	0.2886783948412927	3917
391	20.0	0.42372	0.2094252639434465	4079
392	12.0	0.44004	0.24427672243874501	12092
393	16.0	0.41584000000000004	0.28475645116913906	7026
394	16.0	0.37814	0.2610751653457763	3006
395	17.0	0.46056000000000014	0.3052771246727676	9130
396	15.0	0.39887999999999996	0.23347090111333807	11724
397	14.0	0.4098399999999999	0.2904935681570189	7936
398	15.0	0.42816000000000004	0.24785687259850633	3011
399	15.0	0.42416000000000004	0.2153599899528997	3035
400	17.0	0.3969	0.25947340244462935	3537
401	16.0	0.4220400000000001	0.26692641798805306	4975
402	9.0	0.4199399999999999	0.2820526582188614	11379
403	18.0	0.37514000000000003	0.26456194280053535	6476
404	17.0	0.34779999999999994	0.6708090154699028	20576
405	14.0	0.37352	0.6125041902388048	21277
406	14.0	0.35936	0.7258326067061753	21831
407	23.0	0.36792	0.8784272428924412	25972
408	21.0	0.34944	0.6759066043433382	16116
409	14.0	0.35606000000000004	0.8772077788684665	15381
410	18.0	0.36066000000000004	0.8506145813634576	19059
411	12.0	0.3611	0.7241236506276515	12787
412	17.0	0.36444000000000004	0.8195469912350761	20021
413	8.0	0.39608	0.8469528044584193	23796
414	10.0	0.38586	0.6781553484839511	20934
415	15.0	0.40222	0.7722856226947694	24045
416	10.0	0.43602	0.8626235049736461	28910
417	11.0	0.46269999999999994	0.8578593521161011	30727
418	13.0	0.46238	0.9125673261278036	35403
419	11.0	0.42286	0.8501763707213882	29416
420	16.0	0.39632	0.8531669836250538	30979
421	11.0	0.44132	0.9098262333900039	33985
422	26.0	0.44853999999999994	0.8437830231171328	30626
423	12.0	0.44356	0.8585937996598688	31696
424	9.0	0.43494	0.8652914672695597	26905
425	10.0	0.43593999999999994	0.7903079629342394	28787
426	19.0	0.42802	0.7292642945500784	27579
427	11.0	0.42223999999999995	0.6601672574884522	24059
428	9.0	0.4322599999999999	0.7648994708836244	30716
429	9.0	0.4624399999999999	0.899859544119717	33556
430	17.0	0.48131999999999997	0.9524294314488904	35423
431	11.0	0.4701199999999999	0.9065695650234274	32643
432	14.0	0.40830000000000005	0.8177265242719941	28163
433	11.0	0.40832000000000007	0.8442771637898918	25270
434	8.0	0.41413999999999995	0.8236409680372664	27686
435	12.0	0.45102000000000003	0.7215506689558995	30619
436	13.0	0.41256	0.8372332299073515	26992
437	7.0	0.42330000000000007	0.8765739627078705	28893
438	12.0	0.42690000000000006	0.8246972373374863	30344
439	11.0	0.45016	0.8304717152704876	34440
440	9.0	0.44384	0.7198623101355995	29833
441	13.0	0.41	0.8084530677616175	25438
442	15.0	0.39642000000000005	0.8707819473027472	22463
443	20.0	0.38770000000000004	0.8600346150225522	18730
444	8.0	0.39305999999999996	0.7745176948551663	19945
445	14.0	0.3869	0.8666815954967686	18491
446	15.0	0.38204	0.9615987624823424	17503
447	13.0	0.37343999999999994	0.8877089327893832	17006
448	10.0	0.3657600000000001	0.9132616577353281	16538
449	14.0	0.3924	0.9288917826743924	17454
450	16.0	0.3658199999999999	0.9377317661320657	14485
451	13.0	0.37168	0.920360964486919	16910
452	15.0	0.37851999999999997	0.9620896497455682	17024
453	15.0	0.37392	0.9094713794316155	17063
454	17.0	0.41178000000000003	0.7511551412712463	21258
455	5.0	0.38464	0.9489740356053497	22578
456	13.0	0.3841400000000001	0.7965952211058134	21965
457	14.0	0.43684000000000006	0.9819521032304385	26278
458	20.0	0.42050000000000004	0.9785849126580225	28209
459	21.0	0.43074000000000007	0.9547464934877445	29251
460	14.0	0.44982	0.9339268722239483	34251
461	16.0	0.44633999999999996	0.7798821122423011	34482
462	16.0	0.45565999999999995	0.6966759360796444	30801
463	11.0	0.4156	0.7515435329011291	23732
464	7.0	0.43615999999999994	0.805156809942772	45450
465	7.0	0.47584000000000004	0.7428728742657468	50964
466	5.0	0.51406	0.8328569055323534	55334
467	15.0	0.47940000000000005	0.8419011596938387	52087
468	14.0	0.46831999999999996	0.7405417824815416	53638
469	15.0	0.46848	0.8050242870083377	49824
470	8.0	0.5098800000000001	0.903473057895167	54334
471	11.0	0.4776200000000001	0.9093583331019226	54512
472	10.0	0.4669	0.8863843762427398	63506
473	9.0	0.40906	0.7467909071963158	43910
474	9.0	0.42413999999999996	0.7914227629865335	47129
475	12.0	0.46854	0.8769316711640169	53270
476	12.0	0.49988	0.9294487647677706	33567
477	10.0	0.53686	0.905786421890326	39477
478	11.0	0.4448	0.8949657763918446	30771
479	13.0	0.47117999999999993	0.8943795345546719	29643
480	11.0	0.5354199999999999	0.9284544051997953	30502
481	17.0	0.4403400000000001	0.7998540755155661	26178
482	7.0	0.4640000000000001	0.9217160894312202	28581
483	10.0	0.4271999999999999	0.8730264034807007	23013
484	16.0	0.39974000000000004	0.7263699227647318	21700
485	12.0	0.3955400000000001	0.8808070197015506	22784
486	16.0	0.39186	0.9039989925514882	25322
487	11.0	0.41656000000000015	0.8350518254711224	24996
488	23.0	0.4405199999999999	0.5330892574682911	23076
489	22.0	0.4317999999999999	0.364310004389432	8549
490	17.0	0.5251	0.8306558753294248	30214
491	18.0	0.4938	0.8497696025333944	39952
492	8.0	0.5303	0.8732935331516902	32953
493	16.0	0.49038	0.7997450160120622	36178
494	12.0	0.51924	0.9472759240891712	37338
495	9.0	0.51788	0.9208589852006481	39802
496	10.0	0.4991599999999999	0.9077718296314323	36107
497	14.0	0.4959	0.9490192915882377	36249
498	17.0	0.4434	0.7996782516079495	32633
499	15.0	0.41272	0.6496847611142275	19571
500	20.0	0.39974000000000004	0.8455110972192599	19148
501	10.0	0.41476	0.7024591895050253	25005
502	8.0	0.39572	0.9224095648865087	19871
503	13.0	0.41001999999999994	0.9153062444809514	19402
504	14.0	0.39510000000000006	0.7230648103516498	17319
505	10.0	0.4126000000000001	0.9802107994749896	19835
506	16.0	0.38201999999999997	0.9753324721316976	16434
507	15.0	0.38014	0.970634037703217	14206
508	26.0	0.38781999999999994	0.9421726448044078	18758
509	19.0	0.3993	0.9541308446437036	20108
510	18.0	0.40177999999999997	0.95470360158212	17928
511	12.0	0.39080000000000004	0.8679133325932165	17608
512	18.0	0.38079999999999997	0.7982870205356992	13426
513	18.0	0.3902600000000001	0.6947549956191902	11235
514	21.0	0.38094	0.9142901321659916	11170
515	13.0	0.38026000000000004	0.8224898247603106	11405
516	17.0	0.37152	0.7972881246373226	10972
517	17.0	0.38653999999999994	0.8867530339563798	11814
518	23.0	0.38426000000000005	0.9149079805662448	11051
519	14.0	0.37868	0.9459740851162173	10986
520	13.0	0.37256	0.9516989365312667	10460
521	14.0	0.37638	0.8309371811124273	12050
522	33.0	0.37514	0.9453683300600622	10897
523	15.0	0.36893999999999993	0.8548302175041095	9558
524	19.0	0.37026	0.7738455799637379	10586
525	22.0	0.37002	0.8878126030767834	9559
526	13.0	0.36204000000000003	0.8515822578401111	10704
527	26.0	0.37266	0.95862040852795	9026
528	14.0	0.36876000000000003	0.8655000679462397	9877
529	13.0	0.36632	0.8988626818195563	10057
530	18.0	0.3694800000000001	0.9851989361294973	10409
531	19.0	0.3725	0.8486852282193449	9912
532	16.0	0.36014	0.9583456778131858	12772
533	12.0	0.3771000000000001	0.9589956654855193	11346
534	15.0	0.36444000000000004	0.9227040312248123	12805
535	19.0	0.37152	0.7915189647377052	10973
536	20.0	0.37302	0.9571070880833515	9359
537	17.0	0.38016	0.96057478295625	12395
538	10.0	0.31961999999999996	0.959833885830646	7811
539	11.0	0.33842000000000005	0.9057211857844893	9387
540	14.0	0.3317	0.9618707747497511	10086
541	18.0	0.34485999999999994	0.9545961581360995	9091
542	16.0	0.37532000000000004	0.6731335980320887	9554
543	14.0	0.3576	0.8979827762326441	10982
544	18.0	0.34962000000000004	0.9297516045994964	11674
545	26.0	0.35546000000000005	0.9594741213283537	12635
546	19.0	0.35781999999999997	0.950577665790615	15932
547	19.0	0.33554	0.9739736556851024	12639
548	15.0	0.3464800000000001	0.9294888097659947	12537
549	24.0	0.3526	0.9664894050626949	13069
550	14.0	0.34632000000000007	0.8601194522403438	10176
551	12.0	0.3532599999999999	0.9204048441325453	12866
552	9.0	0.35273999999999994	0.904436385335946	10042
553	21.0	0.34253999999999996	0.91286309943377	10273
554	16.0	0.34485999999999994	0.8848394424944617	10303
555	19.0	0.36042	0.9378948512239149	10580
556	19.0	0.34162000000000003	0.8563646701886397	11670
557	16.0	0.33798	0.9769132184031021	10339
558	20.0	0.34972000000000003	0.901324764981877	10798
559	19.0	0.3387	0.8575172968583266	11211
560	17.0	0.3399400000000001	0.957104327590027	11264
561	17.0	0.33593999999999996	0.9535004159883177	10458
562	12.0	0.3399799999999999	0.8263353415673994	10529
563	24.0	0.3410600000000001	0.9583753228893573	10119
564	15.0	0.3383	0.5601192474116734	9357
565	14.0	0.34942000000000006	0.3670398657406819	9622
566	15.0	0.3483	0.6413434293608596	11452
567	12.0	0.33472	0.8932888586310094	10689
568	19.0	0.34708	0.8423276438162232	12205
569	19.0	0.35074000000000005	0.9540799186068689	9990
570	12.0	0.34590000000000004	0.8819963280414406	10537
571	17.0	0.35256	0.9510173469529937	10734
572	16.0	0.36010000000000003	0.7933849205549944	10485
573	14.0	0.34634	0.8149560636109924	8762
574	10.0	0.37467999999999996	0.8937977760658639	10544
575	17.0	0.36221999999999993	0.8423841119132499	9762
576	13.0	0.33852000000000004	0.9341298089945731	8070
577	14.0	0.35711999999999994	0.8411409854661834	9920
578	18.0	0.35162	0.94131258783873	9295
579	17.0	0.3655799999999999	0.8537810467353771	10605
580	18.0	0.3520999999999999	0.9199625439846377	8993
581	20.0	0.34802	0.9391378978539925	10715
582	7.0	0.35552	0.8488167126157514	11923
583	8.0	0.35816	0.9262463581004714	13409
584	17.0	0.3965999999999999	0.966060687626462	17122
585	15.0	0.36008	0.9309139471156507	15935
586	18.0	0.36945999999999996	0.8431099965683178	19246
587	21.0	0.33912	0.924143322389305	14539
588	15.0	0.3569	0.8452698483446442	16497
589	17.0	0.35997999999999997	0.7506486610664851	15972
590	21.0	0.3498799999999999	0.9684159615031532	15091
591	19.0	0.34704	0.9569726769479112	11335
592	13.0	0.36699999999999994	0.8730855050972142	12151
593	20.0	0.35332	0.9656313971413445	13197
594	14.0	0.33958	0.9187325868798822	9871
595	15.0	0.37186	0.8820592710109711	12478
596	21.0	0.34306000000000003	0.9334587431358127	10467
597	14.0	0.36152	0.8967768964146346	10360
598	23.0	0.35733999999999994	0.9031389243229566	11701
599	7.0	0.35929999999999995	0.8887510340415852	19066
600	13.0	0.37668	0.9223486424310783	15773
601	13.0	0.36774	0.9265156541155766	15817
602	21.0	0.3616	0.925307923638162	15111
603	19.0	0.35978	0.9343336396708113	13596
604	10.0	0.37882000000000005	0.85312102540041	14021
605	17.0	0.3647000000000001	0.9245295570228311	15230
606	16.0	0.3736	0.8902204694501819	12740
607	17.0	0.38232000000000005	0.9236874551077616	11590
608	13.0	0.37506	0.7509868542866218	11325
609	11.0	0.36510000000000004	0.9500805472755557	11181
610	14.0	0.37877999999999995	0.8369705753502704	12561
611	18.0	0.37444000000000005	0.8264923483747674	12257
612	20.0	0.3716999999999999	0.9234736156152791	12256
613	10.0	0.38632000000000005	0.9581547295544921	16501
614	15.0	0.37440000000000007	0.9522467630533021	17672
615	11.0	0.38946000000000003	0.9520254624424643	20583
616	20.0	0.3893000000000001	0.826615244486722	17902
617	17.0	0.38514	0.8593824342103289	21685
618	20.0	0.38445999999999997	0.8360321771242295	20359
619	18.0	0.36769999999999997	0.9519449919186015	18388
620	12.0	0.37612	0.8961665650483288	23928
621	16.0	0.35547999999999996	0.925740084426828	21648
622	12.0	0.35474000000000006	0.857249926229683	22935
623	21.0	0.36532000000000003	0.802692650199349	19279
624	17.0	0.40734000000000004	0.9062563502309517	24470
625	15.0	0.37498	0.9183663900693674	27178
626	21.0	0.40568	0.8786510325794435	27124
627	20.0	0.3567	0.9216359181720817	24891
628	12.0	0.38358000000000003	0.8418435145894247	25944
629	9.0	0.42028	0.8363241242330287	30081
630	15.0	0.4261	0.7604729373036055	36614
631	17.0	0.40517999999999993	0.8426709714441083	28266
632	7.0	0.3849	0.8438479717610494	26006
633	9.0	0.42186000000000007	0.7750054712060491	30690
634	13.0	0.43884	0.6769858515150526	32401
635	9.0	0.40876000000000007	0.8241586454772367	26247
636	14.0	0.39026000000000005	0.8528395447463418	27975
637	12.0	0.38722	0.8883707272067626	24148
638	17.0	0.40763999999999995	0.817445193887885	24869
639	13.0	0.40658	0.8026431864325053	22537
640	20.0	0.38338000000000005	0.8970901630709788	20869
641	10.0	0.38	0.780031944281073	22992
642	16.0	0.38266000000000006	0.6939276615321509	18975
643	12.0	0.39348	0.7969686863803175	19549
644	20.0	0.3778	0.8540712043621663	19718
645	18.0	0.3804800000000001	0.6719980345876955	19856
646	13.0	0.37461999999999995	0.8477393504687009	18548
647	19.0	0.40474	0.9426500467009353	21829
648	18.0	0.4330399999999999	0.9250650222037223	26704
649	15.0	0.42017999999999994	0.925945067109326	27632
650	21.0	0.3881000000000001	0.9432308968390138	22438
651	13.0	0.36701999999999996	0.8926207078942986	23733
652	14.0	0.3664	0.8481409191821608	20306
653	15.0	0.39808	0.8910895116963922	25497
654	17.0	0.41446	0.7326887279328347	22800
655	23.0	0.39912	0.8688406381228696	23427
656	19.0	0.3973199999999999	0.9209949508756633	20556
657	15.0	0.38268	0.8870822149634486	18821
658	16.0	0.38800000000000007	0.8620179912608351	21489
659	14.0	0.38360000000000005	0.780565997166151	21260
660	16.0	0.38472	0.9353477453412015	19078
661	26.0	0.37927999999999995	0.8961429045939993	14411
662	14.0	0.36442	0.962933504982919	14305
663	19.0	0.36924	0.9674948092583161	15108
664	13.0	0.36505999999999994	0.927920840748393	15366
665	15.0	0.3803399999999999	0.8621527573336377	14721
666	11.0	0.38836	0.7621021137632585	13857
667	20.0	0.37634	0.9505800842147478	15064
668	9.0	0.39366	0.9519384283333534	13014
669	14.0	0.38096	0.9275167550919332	14644
670	18.0	0.37778	0.9451059875979758	14315
671	19.0	0.3721	0.8289279277391827	14884
672	25.0	0.3681399999999999	0.9386807892755286	12670
673	17.0	0.37524	0.9528299113279639	15802
674	22.0	0.36308000000000007	0.9474936469860312	13570
675	19.0	0.3773	0.9719102879992053	13905
676	20.0	0.38138	0.9781122820579174	16353
677	24.0	0.36994	0.9807532340943709	14553
678	8.0	0.38842	0.9605957292923676	19592
679	15.0	0.38805999999999996	0.9338840179674949	18743
680	9.0	0.38996000000000003	0.9762580773866385	18713
681	17.0	0.3774	0.9776973327550075	19821
682	16.0	0.3917	0.9350604331613521	20409
683	15.0	0.39030000000000004	0.9903171093544433	20177
684	27.0	0.40287999999999996	0.9616205844963658	21911
685	20.0	0.41678	0.8563267592196458	22789
686	12.0	0.41456000000000004	0.8451777929905527	25886
687	18.0	0.40354000000000007	0.9255391258583965	28492
688	15.0	0.4231000000000001	0.8915377332648331	32165
689	20.0	0.41324	0.9047593687570477	30509
690	12.0	0.43122	0.9148067045062178	40576
691	15.0	0.42608	0.9551516029690083	26431
692	18.0	0.4137199999999999	0.7539979133318565	24199
693	21.0	0.41314	0.869141094852717	20239
694	12.0	0.40326	0.9388991076341137	21145
695	12.0	0.41628	0.778037691245905	25630
696	10.0	0.41247999999999996	0.8331977987062116	25916
697	16.0	0.41582	0.6987620681515487	26810
698	17.0	0.4379	0.7655675159275418	26985
699	5.0	0.44601999999999997	0.6809349275983544	32671
700	7.0	0.47448000000000007	0.6062338627913844	20918
701	8.0	0.44388	0.7255190348883129	28436
702	6.0	0.43672000000000005	0.7088527429942555	34671
703	9.0	0.42318000000000006	0.8015983654958414	29100
704	7.0	0.40208	0.7719979559864367	27518
705	8.0	0.38756	0.8086671427641586	25904
706	12.0	0.41296	0.8355814577529288	27081
707	7.0	0.42097999999999997	0.7377114284558648	29929
708	8.0	0.42493999999999993	0.7420641205766868	30017
709	9.0	0.39427999999999996	0.8137265371065525	27046
710	14.0	0.4293800000000001	0.7075014675063213	26029
711	15.0	0.41517999999999994	0.7955002264699593	31877
712	16.0	0.40610000000000007	0.7358104132806547	27059
713	14.0	0.3901199999999999	0.8210475117025974	25457
714	10.0	0.41330000000000006	0.8330881405956934	31009
715	7.0	0.41925999999999997	0.8179260662229306	31731
716	9.0	0.49700000000000005	0.8202486026739574	36587
717	15.0	0.46976000000000007	0.8415229724155338	35972
718	15.0	0.40149999999999997	0.8446425863764964	27307
719	10.0	0.38352	0.853956497839734	25650
720	18.0	0.36496	0.9269396431841029	18864
721	11.0	0.36591999999999997	0.8259319966329345	21241
722	12.0	0.3563400000000001	0.8703119057900176	19017
723	20.0	0.3553	0.9099042417854647	21767
724	17.0	0.3630799999999999	0.8499523563901	22123
725	13.0	0.41802000000000006	0.7987689317947108	27114
726	11.0	0.38280000000000003	0.8110572106479141	26671
727	8.0	0.3898	0.8641205783186918	20778
728	12.0	0.39794	0.8475880490373284	17208
729	13.0	0.40764	0.9085094364908322	18592
730	16.0	0.39435999999999993	0.9233314502470608	20734
731	24.0	0.38192	0.854099445136213	31996
732	16.0	0.37478	0.7755109329927198	13931
733	6.0	0.38566	0.8623867009343503	17473
734	15.0	0.39059999999999995	0.8711206500829646	22711
735	18.0	0.36112	0.9687163398688146	23713
736	17.0	0.37479999999999997	0.8838085233323206	22209
737	20.0	0.4077799999999999	0.815217595289726	21779
738	16.0	0.39052	0.9351163785205773	17857
739	20.0	0.44978	0.9783428222534825	19706
740	16.0	0.39321999999999996	0.9404460785204383	21629
741	11.0	0.42077999999999993	0.911757381895842	21933
742	19.0	0.43054000000000003	0.9418326234243487	21835
743	16.0	0.39862	0.8542992382468401	21744
744	18.0	0.39390000000000003	0.9303893220167575	26134
745	15.0	0.37703999999999993	0.9637746622586675	23177
746	12.0	0.39441999999999994	0.972889083591728	21579
747	13.0	0.37628000000000006	0.8325112547793158	19647
748	16.0	0.37984	0.9673047132143765	25259
749	13.0	0.37079999999999996	0.907820002914063	23065
750	8.0	0.38758	0.9429423496570416	24781
751	15.0	0.3746400000000001	0.9240006422071585	23721
752	11.0	0.39322	0.8814095539946998	29120
753	14.0	0.40808	0.7481041700981675	26359
754	16.0	0.33409999999999995	0.9516372905099578	20267
755	12.0	0.36432000000000003	0.8140794336892437	18794
756	15.0	0.36478	0.7032139101682329	17379
757	11.0	0.3414200000000001	0.9224974707612086	14930
758	15.0	0.35882	0.8561965270507094	17170
759	16.0	0.35700000000000004	0.7571427983580579	17820
760	15.0	0.36260000000000003	0.9241834540001744	16929
761	13.0	0.44864000000000004	0.925530209477055	15943
762	19.0	0.37712	0.8746232078699816	18101
763	12.0	0.36157999999999996	0.9314729269577937	15152
764	9.0	0.3832000000000001	0.7284686366366753	14517
765	24.0	0.36386	0.8708621628778078	12880
766	18.0	0.3846	0.9304981744228772	15447
767	14.0	0.36739999999999995	0.9010463891088721	14507
768	12.0	0.38630000000000003	0.7914792345900311	12735
769	20.0	0.38	0.9227623074537374	10589
770	15.0	0.37242	0.8855894655505598	10684
771	17.0	0.37244	0.874381406644921	11684
772	13.0	0.3553	0.9677359089966971	9898
773	17.0	0.4073399999999999	0.8327863641257957	11023
774	15.0	0.38839999999999997	0.8874396823177255	10817
775	16.0	0.36284	0.9159558270991012	10310
776	18.0	0.36992	0.9153804175097754	10845
777	16.0	0.3649	0.9058428354891128	11051
778	14.0	0.37122	0.8565852348752606	12725
779	11.0	0.36023999999999995	0.9483520331528347	11796
780	22.0	0.37920000000000004	0.8814913379092293	10021
781	18.0	0.39088	0.835144651454933	11060
782	15.0	0.38136000000000003	0.7343282818541973	11501
783	21.0	0.37192000000000003	0.8610398899539532	12663
784	23.0	0.3714	0.8873418585042715	11925
785	19.0	0.37408	0.8581892774060823	13273
786	16.0	0.40056	0.9299502672783524	17172
787	16.0	0.37484	0.8232708482892132	16224
788	14.0	0.39504000000000006	0.7250647988562946	19239
789	20.0	0.3995	0.7885990082221471	18426
790	8.0	0.37446000000000007	0.8690603569431266	20442
791	9.0	0.40892	0.8026678863210573	24018
792	11.0	0.4207	0.7970662856147347	29194
793	11.0	0.42019999999999996	0.7738458824392276	25847
794	12.0	0.3981	0.7914674456039087	24680
795	17.0	0.37257999999999997	0.7987403990293779	19860
796	17.0	0.3810799999999999	0.7728503921847976	19955
797	24.0	0.38104	0.8915805389249944	20726
798	12.0	0.38648000000000005	0.8694513444203118	16496
799	10.0	0.38412	0.7030486151892847	13048
800	17.0	0.3762400000000001	0.875775246608662	12791
801	17.0	0.38717999999999997	0.6967323161723571	12814
802	21.0	0.3738	0.7460001468105032	11746
803	19.0	0.371	0.8332716753246955	10117
804	24.0	0.37082	0.9072457127319254	11074
805	12.0	0.3717599999999999	0.8676397893904253	11483
806	21.0	0.3747	0.9537140452704189	11489
807	16.0	0.36591999999999997	0.7830568934529862	10285
808	15.0	0.3694200000000001	0.8414566421582157	10196
809	21.0	0.36723999999999996	0.9031807877870699	10028
810	23.0	0.3448399999999999	0.9789153576015515	9510
811	18.0	0.36188000000000003	0.8206942345758849	9511
812	14.0	0.35912	0.850007608209928	9711
813	16.0	0.35109999999999997	0.9456994429919112	9161
814	16.0	0.34854	0.9142995546389506	9965
815	20.0	0.35513999999999996	0.8189909698468038	9618
816	19.0	0.35932000000000003	0.7414843631202502	7275
817	18.0	0.35474000000000006	0.907985476250067	8650
818	9.0	0.3465	0.9534810861543681	8437
819	16.0	0.33256	0.9687996023369567	8297
820	11.0	0.3351799999999999	0.915381918222429	8773
821	13.0	0.34702000000000005	0.8857039872329012	9761
822	14.0	0.32720000000000005	0.9395346385343463	8318
823	17.0	0.35647999999999996	0.8685936616208445	8604
824	13.0	0.35031999999999996	0.9318249154531623	9191
825	15.0	0.33909999999999996	0.9019695404299628	8638
826	17.0	0.34552000000000005	0.9286783211067479	8734
827	14.0	0.34421999999999997	0.8947480714605891	9075
828	17.0	0.33906	0.8338389204523031	8603
829	21.0	0.33652	0.9308276807257442	10337
830	21.0	0.33122	0.9719692176181278	7878
831	9.0	0.34290000000000004	0.9328888044440558	8364
832	13.0	0.34915999999999997	0.9000594061001319	8793
833	12.0	0.34802	0.769881069132117	7783
834	15.0	0.3648599999999999	0.9002040720841165	10149
835	25.0	0.34452	0.8537572343473615	7382
836	17.0	0.34818	0.8345890520409864	8656
837	17.0	0.35966000000000004	0.9288217480105795	9717
838	20.0	0.33873999999999993	0.9768786865238875	8081
839	15.0	0.35802	0.8051203515422969	8642
840	16.0	0.3477	0.9348157789868117	9222
841	24.0	0.35741999999999996	0.9375461383302649	9904
842	16.0	0.36454000000000003	0.9059163501541391	8503
843	13.0	0.3436599999999999	0.9285197195296547	9434
844	14.0	0.3473200000000001	0.8240112392392619	8496
845	18.0	0.33623999999999993	0.9303331913814284	8637
846	14.0	0.34197999999999995	0.9453316080471437	8304
847	15.0	0.33282000000000006	0.8721998592194109	8037
848	18.0	0.33340000000000003	0.8839530036476723	8763
849	18.0	0.3425	0.9557428952119591	7971
850	16.0	0.33456	0.9092560063118568	9359
851	10.0	0.35850000000000004	0.9165450357109061	8522
852	12.0	0.35318000000000005	0.825192557979182	8571
853	18.0	0.35888000000000003	0.9105445067261708	9797
854	14.0	0.35458000000000006	0.8322138964627674	9802
855	18.0	0.36414	0.8060450949485125	9203
856	13.0	0.34584	0.9219068313728518	7462
857	14.0	0.33903999999999995	0.9058562960315586	7874
858	17.0	0.34418	0.9024957836877794	7828
859	21.0	0.34	0.9104092388474121	7142
860	17.0	0.3423999999999999	0.9261691708600345	8132
861	20.0	0.33185999999999993	0.958593265756312	7880
862	13.0	0.35037999999999997	0.9104584472596337	9180
863	15.0	0.33612000000000003	0.9368718384440073	8237
864	10.0	0.32952000000000004	0.8995021860934778	7863
865	10.0	0.3588599999999999	0.8470722648290833	9186
866	14.0	0.33796000000000004	0.9403580397153674	8816
867	15.0	0.3472200000000001	0.9018670164793877	8198
868	13.0	0.35108000000000006	0.7618442207461013	7459
869	17.0	0.35272000000000003	0.8935300346371357	8019
870	21.0	0.33476	0.8494161165147698	7768
871	13.0	0.33580000000000004	0.9273670484528739	8332
872	18.0	0.33794	0.9580903671480488	8449
873	16.0	0.33198	0.9239997785941209	7595
874	18.0	0.34023999999999993	0.759245987150114	7518
875	17.0	0.34263999999999994	0.9158310308613905	8136
876	19.0	0.35682	0.766839162138254	8159
877	11.0	0.3287	0.8590273947540111	7151
878	17.0	0.34108	0.904961662770011	8408
879	19.0	0.33997999999999995	0.8196598916766782	6738
880	8.0	0.36526	0.87833228845366	8654
881	18.0	0.36028000000000004	0.8282103125168728	9361
882	14.0	0.36318000000000006	0.8904647835686111	9131
883	20.0	0.35304	0.848167150606323	8040
884	16.0	0.33084	0.9372255197399812	8069
885	16.0	0.3483	0.9153097647826104	8413
886	19.0	0.35011999999999993	0.9464677806881285	9911
887	18.0	0.3441	0.9371083848130868	9120
888	15.0	0.35882000000000003	0.91631390825429	11155
889	12.0	0.3412799999999999	0.8458205259433836	8567
890	16.0	0.34482	0.9210156695580062	9177
891	14.0	0.35412	0.9087756318403963	9777
892	16.0	0.34514	0.9237334528275786	10518
893	17.0	0.34796	0.8609343314137925	11201
894	13.0	0.34991999999999995	0.8982592162475785	10996
895	22.0	0.35597999999999996	0.8184414652661774	11735
896	27.0	0.3647000000000001	0.9315545144917807	12863
897	14.0	0.37331999999999993	0.8588490057038503	13455
898	21.0	0.37662	0.8199021149501977	15407
899	16.0	0.3661200000000001	0.8642118976632046	12533
900	14.0	0.3804399999999999	0.7758720720724831	12883
901	21.0	0.37582	0.8881740061059478	11009
902	12.0	0.38428000000000007	0.7581673333300994	10468
903	14.0	0.39132	0.6935467308395651	10695
904	18.0	0.3734200000000001	0.9376820044191571	12613
905	21.0	0.38455999999999996	0.9019427434825289	14269
906	15.0	0.39484	0.7710856536276515	18690
907	12.0	0.38536000000000004	0.8756915123726243	18908
908	15.0	0.37324000000000007	0.929690502831041	22664
909	14.0	0.36967999999999995	0.8360368819777475	20348
910	14.0	0.38982	0.8354124057554857	24358
911	17.0	0.38095999999999997	0.8658348385402256	27035
912	17.0	0.3872	0.8665322393557765	23055
913	15.0	0.36840000000000006	0.895395637247387	21439
914	13.0	0.39044000000000006	0.8987513297523518	20101
915	16.0	0.38528	0.7770718587529863	15425
916	17.0	0.37345999999999996	0.8914022989826009	10778
917	22.0	0.39752000000000004	0.7544249080116724	11668
918	23.0	0.36495999999999995	0.7942462714752536	10285
919	18.0	0.38514000000000004	0.7392840164610119	11169
920	15.0	0.37164	0.7911126502453317	11225
921	12.0	0.36916	0.8371736069014072	9205
922	18.0	0.36798000000000003	0.884611329852758	10651
923	18.0	0.35776	0.9150065520686906	10761
924	19.0	0.36122	0.8100018020344907	10853
925	10.0	0.39106	0.9110523773555098	7370
926	17.0	0.37604	0.8905647464809425	9591
927	15.0	0.36446000000000006	0.8041153156545748	8723
928	22.0	0.35240000000000005	0.9487941476959677	9219
929	12.0	0.36068	0.7596381033377361	9837
930	9.0	0.335	0.9302657561665948	7748
931	19.0	0.3559800000000001	0.842678898937513	8266
932	16.0	0.34381999999999996	0.7912574703387196	8441
933	15.0	0.33836000000000005	0.8574966315654768	8542
934	14.0	0.34666	0.874397757989763	9173
935	18.0	0.33142000000000005	0.9321994987381382	9156
936	14.0	0.34709999999999996	0.9092405058587139	8361
937	13.0	0.34665999999999997	0.8828879855460863	8011
938	10.0	0.3427800000000001	0.8626091991265895	9563
939	13.0	0.35208	0.8115933244885988	9317
940	20.0	0.36865999999999993	0.8190662111344004	9801
941	18.0	0.35078	0.8940115123999937	8585
942	21.0	0.36054	0.9090154312168878	10925
943	17.0	0.3423399999999999	0.9465754306134132	8414
944	20.0	0.34678	0.9024424514163748	8850
945	16.0	0.34676	0.9341480501895156	9078
946	10.0	0.32384	0.923993630127778	6889
947	14.0	0.32797999999999994	0.9580131329829727	7542
948	11.0	0.34003999999999995	0.934269936155324	9483
949	18.0	0.33257999999999993	0.9571702259296426	8307
950	15.0	0.34025999999999995	0.9491680048894087	8537
951	13.0	0.3519	0.8474544341680901	7690
952	14.0	0.36150000000000004	0.8215042148770181	8975
953	19.0	0.34202	0.9479725593260115	7657
954	20.0	0.36554	0.9176273762168542	9521
955	21.0	0.35208000000000006	0.9697062892644185	10323
956	15.0	0.35532	0.9022379241483128	9349
957	20.0	0.3554	0.900249986189951	9485
958	18.0	0.35641999999999996	0.9230645408586713	8843
959	11.0	0.35275999999999996	0.9412067405467553	9847
960	17.0	0.36758	0.9254052314127388	9978
961	20.0	0.36722	0.9108373259799679	8538
962	19.0	0.3870600000000001	0.9570573093176482	9709
963	8.0	0.35706000000000004	0.9543936185336265	8985
964	13.0	0.35363999999999995	0.9314406217461259	10436
965	14.0	0.35558000000000006	0.8091529951862968	8349
966	14.0	0.35062	0.9032529861317805	8825
967	13.0	0.36414	0.804507858384957	8935
968	12.0	0.35136	0.8473254016416579	11295
969	13.0	0.3375	0.9246361772356114	9030
970	21.0	0.35300000000000004	0.9097999691637814	10066
971	13.0	0.35112000000000004	0.9207839469373871	8840
972	14.0	0.33568	0.9345386001226247	9128
973	20.0	0.36294000000000004	0.7881840309696265	8844
974	14.0	0.37166	0.765205335247558	9986
975	18.0	0.34564	0.8491108229730642	9051
976	14.0	0.35625999999999997	0.8132675136296863	9120
977	20.0	0.36845999999999995	0.8232378422209072	9672
978	17.0	0.3388199999999999	0.8435777485855361	7551
979	12.0	0.34700000000000003	0.861208722657745	8550
980	15.0	0.36238	0.7963148441396153	9676
981	24.0	0.3680800000000001	0.7509784280561256	10500
982	22.0	0.33776000000000006	0.8932521215621527	8402
983	21.0	0.3541	0.8591873088710327	8959
984	12.0	0.36434	0.9168711287030463	10299
985	15.0	0.34932	0.8717965157534974	9656
986	14.0	0.35838000000000003	0.9336602879997782	10409
987	15.0	0.35450000000000004	0.930009619305166	10600
988	16.0	0.35928	0.9444502504647118	9690
989	20.0	0.35605999999999993	0.9562108381272224	10059
990	17.0	0.37338	0.8800628421672436	11589
991	22.0	0.3950600000000001	0.7489112537433861	12633
992	20.0	0.38061999999999996	0.7876703850880747	11937
993	20.0	0.38158000000000003	0.9693753003556683	13300
994	20.0	0.39655999999999997	0.8469312155103244	12876
995	14.0	0.3990000000000001	0.9489386836709952	15069
996	24.0	0.39948	0.7863543778105295	17075
997	14.0	0.39364	0.8097797754993867	17383
998	22.0	0.39468	0.9386798719442909	19302
999	12.0	0.41419999999999996	0.8861844701363977	22724
1000	16.0	0.42438000000000003	0.8049776757904453	27304
1001	11.0	0.43599999999999994	0.7829702824598341	30102
1002	8.0	0.42272000000000004	0.8229130472472929	26988
1003	14.0	0.41296	0.7730574241743625	26633
1004	15.0	0.40547999999999995	0.821522921122957	27758
1005	19.0	0.40064	0.8072554754362588	21816
1006	20.0	0.42762	0.7883349396225938	33064
1007	5.0	0.42486	0.7809780841209489	28557
1008	11.0	0.43706	0.8507200932165883	31264
1009	10.0	0.46358	0.8938472883989643	36232
1010	11.0	0.46654	0.7807599765910462	34285
1011	17.0	0.41246000000000005	0.8971360622236892	29332
1012	15.0	0.37094	0.857207978034603	22939
1013	11.0	0.40004000000000006	0.8562020184058585	28734
1014	9.0	0.4099999999999999	0.7979388401768217	26208
1015	18.0	0.40446	0.821990341541022	28075
1016	14.0	0.4318200000000001	0.8793173682581559	28353
1017	13.0	0.40932	0.8407370390689379	28948
1018	13.0	0.34732	0.9526835349750845	20390
1019	15.0	0.3789999999999999	0.8841920388169916	26063
1020	14.0	0.38842	0.8725139109860814	26106
1021	23.0	0.36538	0.9113668672534637	23383
1022	13.0	0.3896	0.8554231060004105	25923
1023	15.0	0.40574000000000005	0.8573042215646997	25900
1024	18.0	0.4048600000000001	0.8976892036262663	23776
1025	26.0	0.4309200000000001	0.9049723180039145	28431
1026	13.0	0.43750000000000006	0.8993354773452191	28470
1027	13.0	0.41487999999999997	0.8367552972144134	25054
1028	24.0	0.43746	0.8436009905622364	25995
1029	21.0	0.40837999999999997	0.9620973621567561	21815
1030	14.0	0.39324	0.932087728590309	19252
1031	11.0	0.39828	0.90124136259619	17994
1032	8.0	0.38339999999999996	0.8429974391226049	17916
1033	12.0	0.3985199999999999	0.8508756340066483	20293
1034	15.0	0.37688000000000005	0.9244218988458209	23357
1035	13.0	0.40942	0.9140943022941652	20638
1036	20.0	0.42338000000000003	0.8876450829566693	19341
1037	19.0	0.39788	0.8477522184405875	18563
1038	16.0	0.40896	0.9040752925466614	16656
1039	20.0	0.4121	0.9215032912071045	15239
1040	16.0	0.39397999999999994	0.9487594857624455	17612
1041	19.0	0.39978	0.9491198670243779	16891
1042	18.0	0.39492000000000005	0.9337809059822916	17699
1043	26.0	0.37408	0.9470204949870751	15105
1044	10.0	0.44512	0.5196674431836038	18572
1045	19.0	0.41129999999999994	0.8130485019254805	15677
1046	16.0	0.40562000000000004	0.9461197698713746	16524
1047	19.0	0.39334	0.9521164777487623	17741
1048	18.0	0.40781999999999996	0.9670866856187659	20045
1049	16.0	0.40896	0.9713541160026702	23689
1050	15.0	0.42996	0.9538264488782171	19641
1051	8.0	0.40253999999999995	0.9189394866532409	16931
1052	23.0	0.41142	0.6383373086772511	15200
1053	16.0	0.39428	0.7630627168715659	16290
1054	18.0	0.41462000000000004	0.8701828712101641	15596
1055	12.0	0.40834	0.927234916284746	18418
1056	9.0	0.39211999999999997	0.8849166623608962	19835
1057	13.0	0.39686	0.8076608690803693	18337
1058	10.0	0.3653	0.8503375539254067	19947
1059	11.0	0.36662	0.8114724529273587	19245
1060	18.0	0.3953	0.8379536986492326	23302
1061	16.0	0.36400000000000005	0.8249269090892525	19695
1062	14.0	0.36199999999999993	0.8625228178110699	19203
1063	13.0	0.40924	0.8471604312586793	27818
1064	14.0	0.3718	0.8756917864549271	23635
1065	9.0	0.40991999999999995	0.805960499031651	26309
1066	13.0	0.40604	0.8599624722518125	22734
1067	12.0	0.39347999999999994	0.8793562416292078	81606
1068	8.0	0.40178	0.8710510558803126	22948
1069	11.0	0.42232	0.8798388681735372	28847
1070	15.0	0.36362	0.9354928482919878	20826
1071	20.0	0.38732	0.6992919593029753	22145
1072	12.0	0.4198400000000001	0.7873973433021902	21815
1073	10.0	0.40137999999999996	0.8138889283197702	19442
1074	8.0	0.39812	0.7687949508678599	15643
1075	18.0	0.39927999999999997	0.7025853933792946	17535
1076	15.0	0.40342	0.9114648328248925	13692
1077	17.0	0.39188	0.8374172732276816	12345
1078	19.0	0.39263999999999993	0.9281863897280774	11739
1079	19.0	0.38370000000000004	0.969620403419804	12597
1080	15.0	0.39324	0.9055769593957443	11719
1081	16.0	0.38736000000000004	0.9633019678707637	12005
1082	16.0	0.37398000000000003	0.9474404601761645	12012
1083	19.0	0.37977999999999995	0.9223141299470309	13197
1084	18.0	0.36839999999999995	0.9466116761878375	12033
1085	23.0	0.37729999999999997	0.8476475108457637	11391
1086	10.0	0.38824	0.9116799756962793	11887
1087	21.0	0.39751999999999993	0.9038146464898075	13670
1088	17.0	0.4361	0.9566086691944033	16015
1089	11.0	0.38400000000000006	0.7656834814584027	13345
1090	16.0	0.38622	0.8635026629952236	12688
1091	13.0	0.37640000000000007	0.9535798268435601	13990
1092	17.0	0.40244	0.9084513292032607	17197
1093	11.0	0.40504000000000007	0.9030155349045992	16285
1094	17.0	0.4169	0.8269303220239839	15795
1095	17.0	0.42372	0.9539140525251731	21447
1096	23.0	0.41472000000000003	0.8936870101708976	25280
1097	20.0	0.4127	0.8301865381624005	29846
1098	12.0	0.40709999999999996	0.8875260075570023	23530
1099	13.0	0.41001999999999994	0.8531521569142192	31599
1100	9.0	0.41712000000000005	0.9417502476883378	28099
1101	15.0	0.39362	0.9060004527742705	27240
1102	15.0	0.43176000000000003	0.9385251113023033	32295
1103	15.0	0.42204	0.963639049366065	32284
1104	10.0	0.46764000000000006	0.9611607867800936	32880
1105	14.0	0.45008000000000004	0.9146992678420045	27952
1106	13.0	0.41084	0.7329435023831827	26891
1107	16.0	0.4317	0.8282948419448655	32322
1108	11.0	0.40154	0.7488733592738672	26838
1109	17.0	0.38421999999999995	0.8520398622074273	27358
1110	18.0	0.4073800000000001	0.846127952701297	27529
1111	11.0	0.45980000000000004	0.8518393487824301	33810
1112	13.0	0.3928000000000001	0.854796186731206	25772
1113	15.0	0.39914	0.8575631081437933	28781
1114	15.0	0.42124	0.8710594614873187	30889
1115	9.0	0.39668	0.8688825202525465	29012
1116	14.0	0.4298	0.9033476040587823	30784
1117	13.0	0.40868000000000004	0.8867813852342344	28982
1118	12.0	0.43068000000000006	0.8442646177319348	27688
1119	14.0	0.4106	0.7659748389046964	22892
1120	15.0	0.40751999999999994	0.8970149584986544	25228
1121	16.0	0.36944000000000005	0.9187836746365148	21972
1122	25.0	0.34426	0.9504042923232822	19934
1123	16.0	0.40842000000000006	0.9367737369414139	24464
1124	18.0	0.44012000000000007	0.9315813312195963	24015
1125	18.0	0.4139	0.8487990379921808	23943
1126	9.0	0.41532	0.8836020489200861	24907
1127	14.0	0.41725999999999996	0.9394185393728682	22777
1128	17.0	0.41026	0.9562861982594754	17676
1129	20.0	0.4055	0.6353592520235158	15679
1130	16.0	0.4026199999999999	0.9587017767628903	21292
1131	20.0	0.41522000000000003	0.9589363340705545	19386
1132	9.0	0.39461999999999997	0.9394725714780956	22011
1133	20.0	0.4038600000000001	0.9063500114599972	20368
1134	17.0	0.3812	0.9075892416852103	18808
1135	17.0	0.40746000000000004	0.9631471811901329	19152
1136	23.0	0.40124000000000004	0.842445839891129	22868
1137	18.0	0.41186	0.8811763883727911	22413
1138	16.0	0.38845999999999997	0.6863817032019641	16453
1139	24.0	0.40590000000000004	0.9416485196792055	19837
1140	16.0	0.41062000000000004	0.9262194312944484	22997
1141	10.0	0.35438	0.9362186873181023	16790
1142	19.0	0.41785999999999995	0.7201568119724103	18766
1143	12.0	0.43924	0.8977700225479096	21372
1144	6.0	0.41180000000000005	0.9006580660988952	20301
1145	21.0	0.4359	0.9616515884468083	19301
1146	16.0	0.41278000000000004	0.8950708106154766	20021
1147	17.0	0.39126	0.9259466401156753	19684
1148	14.0	0.38084	0.9225595453698948	20422
1149	15.0	0.39082	0.9079841661023402	23428
1150	15.0	0.39447999999999994	0.9149133146301804	21535
1151	19.0	0.39322	0.6384340815483099	16563
1152	22.0	0.4068399999999999	0.9505999231639342	20566
1153	18.0	0.35638	0.9089596450249006	18786
1154	7.0	0.3698	0.9218695462132916	25493
1155	17.0	0.38071999999999995	0.8869160948120967	20533
1156	17.0	0.39918	0.7134439519390713	20137
1157	16.0	0.38938	0.9474500409603928	20945
1158	18.0	0.3843	0.8931129176125633	17637
1159	16.0	0.39602000000000004	0.8109189662371958	17735
1160	13.0	0.3982800000000001	0.8213045522434662	15387
1161	12.0	0.3953200000000001	0.8014023666896986	15186
1162	24.0	0.39315999999999995	0.7627845042558147	12417
1163	9.0	0.39393999999999996	0.8044698231637195	13644
1164	13.0	0.38316	0.836433333737462	13071
1165	13.0	0.39206	0.8242210121305767	14133
1166	16.0	0.40130000000000005	0.9294931023279257	16187
1167	25.0	0.39305999999999996	0.918063848485276	18321
1168	15.0	0.4052800000000001	0.8586640630235165	18113
1169	19.0	0.3978999999999999	0.935587393034685	17826
1170	22.0	0.40826	0.7490782731860846	18742
1171	19.0	0.3994999999999999	0.8640993138096628	23683
1172	14.0	0.41261999999999993	0.865768718810091	26914
1173	17.0	0.39976000000000006	0.8310375483173882	27650
1174	15.0	0.39893999999999996	0.8608702370749292	31211
1175	20.0	0.384	0.8722523718441262	23855
1176	17.0	0.37652	0.8714695927320701	24258
1177	10.0	0.40906	0.8155410362327058	24755
1178	17.0	0.37479999999999997	0.8783917080616098	22824
1179	14.0	0.36648	0.8252453813675972	21637
1180	14.0	0.39224	0.864758664128058	21021
1181	13.0	0.42182000000000003	0.8041605556505815	23134
1182	13.0	0.41512	0.9394109294774247	21102
1183	20.0	0.41059999999999997	0.9104870451792964	21065
1184	24.0	0.42204	0.9439301142741815	23255
1185	19.0	0.40381999999999996	0.9073915599731406	18983
1186	13.0	0.39370000000000005	0.9271340094720973	17799
1187	14.0	0.38905999999999996	0.8776684564080574	16593
1188	16.0	0.39775999999999995	0.9424699140470157	15962
1189	13.0	0.38602	0.9267688412731382	18150
1190	20.0	0.37842	0.9021027189459604	19024
1191	21.0	0.39725999999999995	0.8884989047524775	23985
1192	12.0	0.40193999999999996	0.9018797065144031	26803
1193	19.0	0.41397999999999996	0.930086950430503	26420
1194	20.0	0.39082	0.9335250309857561	23997
1195	26.0	0.39096	0.9622876934234402	21333
1196	18.0	0.39192	0.9637589523263916	24631
1197	14.0	0.40346000000000004	0.7172392879769355	22039
1198	16.0	0.40312000000000003	0.8973300832283053	19293
1199	14.0	0.38666000000000006	0.8255696390337516	19557
1200	14.0	0.39757999999999993	0.8193694306430558	20119
1201	15.0	0.3977199999999999	0.9161818649352715	16989
1202	20.0	0.38603999999999994	0.7247120639458342	14771
1203	23.0	0.40525999999999995	0.9488089662159968	15823
1204	14.0	0.38952	0.9029735808545686	15866
1205	20.0	0.38725999999999994	0.9547465857334352	14133
1206	21.0	0.38612	0.9205218579115308	14163
1207	14.0	0.3820799999999999	0.8842547167502397	16523
1208	26.0	0.36428	0.7553981706739742	13628
1209	22.0	0.35291999999999996	0.8836657054925281	14232
1210	12.0	0.3739200000000001	0.7084940755694601	19567
1211	11.0	0.37136	0.9336905687334336	19600
1212	17.0	0.38647999999999993	0.9289392319218392	21603
1213	13.0	0.39271999999999996	0.9437666670166077	21735
1214	13.0	0.3827	0.9398868694366396	21491
1215	20.0	0.39198	0.9565732930817082	18672
1216	16.0	0.38160000000000005	0.8349003926542691	16487
1217	16.0	0.36878	0.6625917474606415	16831
1218	14.0	0.33449999999999996	0.8002924554772646	13056
1219	22.0	0.41484000000000004	0.8825403189670781	17304
1220	9.0	0.38628	0.9061497388468184	18874
1221	12.0	0.39174	0.8546713736630768	16729
1222	17.0	0.44144	0.8949843684417905	19021
1223	14.0	0.41564000000000006	0.8337291220763513	25384
1224	15.0	0.37805999999999995	0.8813114879841165	24171
1225	11.0	0.35257999999999995	0.8979761149892619	21281
1226	17.0	0.36786	0.8325398384770168	19307
1227	13.0	0.3642600000000001	0.7699151885837241	16980
1228	19.0	0.3717999999999999	0.8525756874837062	19988
1229	19.0	0.36932000000000004	0.7960856336024272	21117
1230	14.0	0.37932000000000005	0.8058244241871326	18173
1231	11.0	0.44502	0.8016774409725763	25320
1232	17.0	0.43150000000000005	0.8065765978892993	22561
1233	12.0	0.42012	0.9552207597536975	21855
1234	14.0	0.42029999999999995	0.9046818989899922	20608
1235	14.0	0.42208000000000007	0.8959642954652918	23902
1236	14.0	0.42538	0.9343347173439147	21088
1237	10.0	0.42001999999999995	0.9327163045342659	23162
1238	20.0	0.42666	0.9504203439177533	27375
1239	16.0	0.43202000000000007	0.9570719313668546	25474
1240	17.0	0.44473999999999997	0.9673851944593571	33484
1241	17.0	0.41662	0.9553777758953995	22661
1242	9.0	0.40042	0.8991683120143161	26007
1243	22.0	0.37534000000000006	0.8951672269799071	24401
1244	23.0	0.39808	0.8629504460366304	26565
1245	14.0	0.41046	0.8738466903640798	24497
1246	13.0	0.39112	0.883555321810493	19635
1247	12.0	0.40990000000000004	0.9303974067438511	17258
1248	17.0	0.38822	0.8840704743074611	12886
1249	21.0	0.37239999999999995	0.963373934758397	12191
1250	19.0	0.4014600000000001	0.827008463708991	13947
1251	21.0	0.37504000000000004	0.9831438841000467	13541
1252	15.0	0.38936	0.8696335885217925	13299
1253	8.0	0.3825	0.8343237856394257	13261
1254	16.0	0.38809999999999995	0.9440841942883201	11855
1255	14.0	0.37456	0.784142539162695	10706
1256	16.0	0.36963999999999997	0.9404325192558517	11738
1257	12.0	0.3754	0.9052387461757976	10640
1258	15.0	0.36279999999999996	0.9353583495823959	10181
1259	18.0	0.37814	0.8402233572309306	10685
1260	17.0	0.36524	0.8006640489997373	10692
1261	16.0	0.35904	0.9456526242437941	10051
1262	19.0	0.38332	0.8446979215587765	11151
1263	27.0	0.36466	0.9551546370242172	10298
1264	21.0	0.38248000000000004	0.8952950048404321	10673
1265	18.0	0.34897999999999996	0.8926480676372686	9895
1266	17.0	0.36105999999999994	0.8669783617620078	11159
1267	27.0	0.36461999999999994	0.9224564735674896	11506
1268	19.0	0.37692	0.9320021656493146	12493
1269	17.0	0.35816000000000003	0.951095177508112	13379
1270	12.0	0.38274	0.9023842247167269	13713
1271	21.0	0.38872	0.7826347399242858	13266
1272	22.0	0.38774000000000003	0.803473711512753	14319
1273	19.0	0.39048	0.8881831040109569	13724
1274	23.0	0.40998000000000007	0.9320497934010497	16147
1275	15.0	0.41814000000000007	0.8675118991655053	20406
1276	15.0	0.3896200000000001	0.8507822241794676	20992
1277	14.0	0.39271999999999996	0.9048736036031264	22593
1278	16.0	0.39477999999999996	0.8916092856813916	24896
1279	12.0	0.41877999999999993	0.7989568627065063	23010
1280	13.0	0.44122	0.7516123911984011	28960
1281	12.0	0.4223799999999999	0.8015281600914276	25828
1282	12.0	0.41592	0.7765114672746534	27006
1283	9.0	0.40051999999999993	0.8371520964486004	26148
1284	9.0	0.43241999999999997	0.7361863419199967	25642
1285	7.0	0.42327999999999993	0.7293181112135707	26254
1286	16.0	0.4193	0.8262693209141695	21794
1287	17.0	0.40946000000000005	0.8752576423909681	18945
1288	15.0	0.39275999999999994	0.8672766117250349	18178
1289	11.0	0.38443999999999995	0.9183258392543879	20660
1290	14.0	0.40053999999999995	0.868026009317702	18511
1291	17.0	0.40338	0.8827497447507187	24157
1292	13.0	0.4083	0.884835689686261	24869
1293	12.0	0.44961999999999996	0.9446077593132421	25040
1294	12.0	0.41214	0.8795081732141434	26973
1295	8.0	0.41516	0.7826112842752163	29153
1296	10.0	0.42710000000000004	0.7539394795796844	32550
1297	14.0	0.44160000000000005	0.8170756164294083	33112
1298	15.0	0.42208000000000007	0.8697676187865133	26870
1299	16.0	0.40440000000000004	0.8688733226028511	27948
1300	16.0	0.4272000000000001	0.8600236730027099	24131
1301	12.0	0.43324000000000007	0.8320039129248594	26931
1302	9.0	0.46064	0.8339861503391371	28735
1303	13.0	0.49388	0.9308122557153204	30319
1304	10.0	0.5344599999999999	0.9419600673134779	31008
1305	18.0	0.48541999999999996	0.9548138138365065	35673
1306	9.0	0.44234	0.9297831539805804	36367
1307	12.0	0.41247999999999996	0.8452971844151641	27462
1308	15.0	0.49107999999999996	0.8764622786820117	31691
1309	12.0	0.43728	0.8835215343083619	34778
1310	10.0	0.45629999999999993	0.8834915998181503	33584
1311	12.0	0.4339	0.8509640860658513	31124
1312	8.0	0.44882000000000005	0.8250130943182399	28729
1313	11.0	0.45328	0.8465012096394852	32168
1314	10.0	0.45337999999999995	0.8438473030557218	31310
1315	18.0	0.44776000000000005	0.84529591104042	29589
1316	12.0	0.43581999999999993	0.8381601739061015	27904
1317	10.0	0.41698	0.8223605543126637	25805
1318	19.0	0.38486000000000004	0.9105088104766795	25649
1319	16.0	0.3662	0.8054901829352026	19461
1320	21.0	0.3512199999999999	0.9444784538200204	18364
1321	8.0	0.36951999999999996	0.8693778570044552	20211
1322	18.0	0.36950000000000005	0.8864050859643413	19015
1323	16.0	0.3899	0.8320921378891823	15694
1324	15.0	0.39887999999999996	0.9377506745270062	20069
1325	14.0	0.45972	0.9487307081028017	22019
1326	21.0	0.42808	0.836474682195187	22382
1327	22.0	0.41438	0.8398066312063951	20714
1328	8.0	0.4380400000000001	0.9398117988073249	23179
1329	18.0	0.42684000000000005	0.8352601870843112	18185
1330	27.0	0.43034	0.9586375733058304	20128
1331	16.0	0.4269200000000001	0.9550768826853184	20718
1332	13.0	0.40608000000000005	0.8865673191087712	18592
1333	19.0	0.41054000000000007	0.7381066863646092	14604
1334	21.0	0.4081200000000001	0.9351002838549863	20129
1335	14.0	0.40686	0.8216377513915704	11286
1336	15.0	0.3943000000000001	0.8769416084508981	8644
1337	16.0	0.38432	0.9498344440578157	8632
1338	16.0	0.35946	0.8879179167824147	15252
1339	19.0	0.3831	0.8653117472003926	22417
1340	13.0	0.37292000000000003	0.8272751745900302	14479
1341	18.0	0.37596	0.7670031617845854	8543
1342	20.0	0.35846000000000006	0.9020855317249472	10744
1343	17.0	0.3769799999999999	0.7380401896081787	17181
1344	14.0	0.34679999999999994	0.8759485352849138	12765
1345	18.0	0.36273999999999995	0.898101884731061	15881
1346	11.0	0.3555	0.8135604554830527	14901
1347	12.0	0.35636	0.8788600182241073	15472
1348	13.0	0.35422000000000003	0.8927711247321415	22084
1349	12.0	0.3390200000000001	0.9494324493159639	22994
1350	18.0	0.37331999999999993	0.7320275539928163	27445
1351	13.0	0.36796000000000006	0.8958444671632838	27581
1352	10.0	0.3835	0.8373529761359604	33432
1353	7.0	0.40868000000000004	0.8392190580313468	28386
1354	10.0	0.3911800000000001	0.8398247183587741	25149
1355	9.0	0.37116	0.8463608304648887	22652
1356	6.0	0.39308	0.8804852352291782	29023
1357	15.0	0.4721	0.8745669299861295	36789
1358	14.0	0.48424	0.8526300059575417	36549
1359	11.0	0.47722000000000003	0.8961880382498344	35372
1360	5.0	0.48406000000000005	0.9023524648710733	36911
1361	12.0	0.43797999999999987	0.856339321380278	36859
1362	21.0	0.42524	0.8833776423307615	34943
1363	19.0	0.4192600000000001	0.8505808697329025	33124
1364	5.0	0.43508	0.9150786631472507	32935
1365	13.0	0.41972000000000004	0.8544709692282704	33121
1366	19.0	0.39548	0.7919012047507181	28219
1367	16.0	0.37636000000000003	0.876492306371188	26796
1368	17.0	0.36749999999999994	0.9194293315052087	24420
1369	13.0	0.36578000000000005	0.8951720472557023	25615
1370	14.0	0.3725200000000001	0.898992104258926	22303
1371	12.0	0.37571999999999994	0.8439125302609835	21498
1372	14.0	0.37315999999999994	0.944681283401896	24609
1373	17.0	0.38162000000000007	0.9083012788355779	26425
1374	16.0	0.39912	0.9494765019797677	29927
1375	18.0	0.41456	0.9240912775153708	31338
1376	17.0	0.41497999999999996	0.9145136242864613	26558
1377	16.0	0.4122	0.8721282935047674	29529
1378	15.0	0.41402	0.9008101983709712	29486
1379	10.0	0.44531999999999994	0.9647400144041769	28176
1380	17.0	0.4664400000000001	0.9383372794820541	31773
1381	17.0	0.48088000000000003	0.9625702806644801	35374
1382	14.0	0.45758000000000004	0.9756894595337315	37655
1383	15.0	0.4710599999999999	0.9292146514883032	38184
1384	16.0	0.4812800000000001	0.9339221655821406	39714
1385	11.0	0.48018	0.9325368515938228	33516
1386	6.0	0.4616	0.8624869358117455	32967
1387	9.0	0.50654	0.9243652720090655	34308
1388	10.0	0.50556	0.949183684683276	36704
1389	7.0	0.4584600000000001	0.8360034145668063	34101
1390	17.0	0.4334	0.9259048904982327	36222
1391	15.0	0.39572	0.919366747978868	30031
1392	12.0	0.41112000000000004	0.85921942213893	28052
1393	10.0	0.41156	0.8226494877314249	32491
1394	12.0	0.46710000000000007	0.9393689558674856	26688
1395	10.0	0.47161999999999993	0.9302846445013689	31224
1396	12.0	0.47723999999999994	0.9302570305811018	35423
1397	21.0	0.39980000000000004	0.7887379878391819	29882
1398	16.0	0.42988000000000004	0.841191641672588	30634
1399	12.0	0.4878	0.9116332652180514	28475
1400	16.0	0.48114000000000007	0.9076531063921471	32464
1401	11.0	0.45405999999999996	0.867046958957638	34581
1402	15.0	0.4435800000000001	0.9213140642285141	33996
1403	7.0	0.4607	0.8992478204269028	36685
1404	10.0	0.42992	0.831935010054121	33122
1405	7.0	0.4363600000000001	0.8291330938994886	28904
1406	9.0	0.44944	0.9432714018369115	26959
1407	23.0	0.44886000000000004	0.9297312592262732	25701
1408	20.0	0.45116	0.9608962530423695	23927
1409	16.0	0.46629999999999994	0.9926032631285663	25308
1410	14.0	0.44648000000000004	0.9736019525960462	23943
1411	15.0	0.41668	0.957316602919036	21412
1412	17.0	0.43604	0.9609451996273849	22741
1413	11.0	0.40668	0.822572543125703	21189
1414	14.0	0.41365999999999997	0.7708345650978565	25885
1415	16.0	0.40814	0.6592526025418163	23041
1416	17.0	0.39592000000000005	0.8877634255575086	20709
1417	13.0	0.39922	0.8223554587123159	22238
1418	16.0	0.42119999999999996	0.7030387899739459	18216
1419	21.0	0.39348	0.765250433243166	16358
1420	10.0	0.38794000000000006	0.7505626001187053	16987
1421	16.0	0.39221999999999996	0.9144127102260569	21073
1422	15.0	0.44404	0.9295889681117268	24105
1423	16.0	0.4628799999999999	0.9071433427558225	24798
1424	12.0	0.43948	0.8939409626737614	23731
1425	12.0	0.4530199999999999	0.9086634537678142	27632
1426	14.0	0.41546	0.836265543539943	25296
1427	13.0	0.40934	0.9267777105380154	24732
1428	13.0	0.37495999999999996	0.7693014887929943	20308
1429	14.0	0.34913999999999995	0.9072554805216235	18676
1430	29.0	0.36694000000000004	0.7848010935747151	21231
1431	15.0	0.39905999999999997	0.8026419782104117	26091
1432	9.0	0.46136000000000005	0.8626864110645355	26964
1433	13.0	0.4640599999999999	0.9057888577519747	26188
1434	16.0	0.42334000000000005	0.8669830753424765	23099
1435	9.0	0.42013999999999996	0.9110761508502064	23977
1436	14.0	0.39927999999999997	0.8486129314993553	24543
1437	26.0	0.38742	0.9123768620943438	25722
1438	20.0	0.39568	0.8508973058274362	25575
1439	20.0	0.39	0.9054043110480738	22612
1440	12.0	0.38420000000000004	0.9180289402972929	22790
1441	20.0	0.38408000000000003	0.9388713969608609	18931
1442	20.0	0.38788000000000006	0.8478888751367587	24832
1443	15.0	0.42174	0.9475589187197548	24010
1444	19.0	0.43938000000000005	0.8895741921593122	25082
1445	20.0	0.39593999999999996	0.7873934963424992	19411
1446	16.0	0.40917999999999993	0.6305814925061444	15849
1447	21.0	0.42190000000000005	0.8982260053362182	17909
1448	13.0	0.40062	0.7697125078162046	16446
1449	19.0	0.40744	0.9497391888415486	15548
1450	22.0	0.3796	0.9231069568388143	14279
1451	17.0	0.41309999999999997	0.9518837454876639	16267
1452	11.0	0.42124	0.9330398417981239	14881
1453	17.0	0.415	0.931333387499158	15370
1454	19.0	0.41875999999999997	0.928695171262369	15088
1455	15.0	0.4038399999999999	0.8850820585708838	16859
1456	18.0	0.40442	0.9274679401814957	17587
1457	16.0	0.42128	0.733007239946416	20397
1458	21.0	0.45096	0.9318341246624676	43706
1459	14.0	0.43754000000000004	0.9511011686933385	29026
1460	14.0	0.48438000000000003	0.9773571712781521	28668
1461	12.0	0.46428	0.970689482164156	28084
1462	15.0	0.45055999999999996	0.9760880770374274	30608
1463	12.0	0.47751999999999994	0.9475475832465419	33321
1464	10.0	0.44001999999999997	0.9217731165515176	30686
1465	11.0	0.46502000000000004	0.9182904845108489	34347
1466	20.0	0.4636	0.8312871922656513	31811
1467	10.0	0.45464	0.8721875673405748	33381
1468	11.0	0.4879200000000001	0.8257327877541016	34514
1469	15.0	0.45026000000000005	0.7546336679144057	32964
1470	13.0	0.43882	0.7245775020667624	32885
1471	12.0	0.4071999999999999	0.7986109351733205	26006
1472	14.0	0.42495999999999995	0.8154533531292656	28525
1473	16.0	0.44331999999999994	0.7986641347203149	25939
1474	9.0	0.52972	0.9218785546885151	33012
1475	17.0	0.40046000000000004	0.8335701030014188	29894
1476	15.0	0.39286	0.8301754155519888	28229
1477	9.0	0.41184	0.7716739682282454	29821
1478	14.0	0.4292800000000001	0.8001399973086266	36109
1479	12.0	0.46169999999999994	0.7582747769775319	32071
1480	8.0	0.46785999999999994	0.5812303042796588	14094
1481	7.0	0.47037999999999996	0.7093494433401989	33514
1482	16.0	0.41350000000000003	0.7959707259365681	29266
1483	8.0	0.46296	0.7740633755195874	30203
1484	11.0	0.5148199999999999	0.8893466698555295	38484
1485	10.0	0.46277999999999997	0.8213788379004426	35849
1486	14.0	0.4264	0.7712511677956327	31913
1487	18.0	0.4171	0.8337482583284844	30050
1488	12.0	0.4561	0.8180683349412051	35296
1489	7.0	0.4377	0.7548436649650357	34253
1490	7.0	0.43152	0.7494266104680172	32319
1491	14.0	0.41158	0.7944891758354655	29537
1492	17.0	0.39452	0.8635383671321298	29680
1493	8.0	0.4613999999999999	0.8952506718953133	33301
1494	6.0	0.51406	0.8412427011247381	29804
1495	13.0	0.48436	0.7841087266171465	35924
1496	10.0	0.4734999999999999	0.7657512192134757	35306
1497	9.0	0.4883600000000001	0.9089527633244866	27060
1498	15.0	0.4461	0.8828766535437454	29966
1499	20.0	0.5081800000000001	0.9444801248833998	30738
1500	13.0	0.49637999999999993	0.921362140506648	31033
1501	7.0	0.51972	0.9154792739784973	37389
1502	18.0	0.44977999999999996	0.9177904464981629	32508
1503	9.0	0.41539999999999994	0.7727743194014466	27241
1504	15.0	0.42736	0.7661420605730823	32342
1505	10.0	0.38189999999999996	0.9075175199464652	25979
1506	21.0	0.4329799999999999	0.8858960463256956	33707
1507	12.0	0.48462000000000005	0.8990710085443887	34145
1508	12.0	0.5333399999999999	0.9290715404048921	35329
1509	16.0	0.42952000000000007	0.837597673798914	30254
1510	15.0	0.42145999999999995	0.8624857262119663	36253
1511	18.0	0.41794	0.8474448568074063	30564
1512	10.0	0.4263	0.8037302274645742	32643
1513	13.0	0.46747999999999995	0.7901524165755115	35896
1514	12.0	0.47411999999999993	0.8376759382786846	35597
1515	12.0	0.46296	0.8516009474974251	36199
1516	15.0	0.45358	0.9216349570262469	31474
1517	10.0	0.45176	0.9260839249607387	30585
1518	16.0	0.48802	0.9409743236443799	36921
1519	19.0	0.42704000000000003	0.9175213469598722	28816
1520	14.0	0.4720000000000001	0.8753223823787593	34735
1521	16.0	0.45036000000000004	0.879184369417065	31749
1522	17.0	0.42710000000000004	0.915730047999863	32501
1523	18.0	0.39652	0.9467213862216054	28078
1524	8.0	0.3761999999999999	0.937363866702751	23800
1525	15.0	0.38552	0.9036246022556081	27873
1526	17.0	0.39787999999999996	0.9034195258184708	27666
1527	19.0	0.4175	0.8283522256379656	28046
1528	14.0	0.45055999999999996	0.9226534315036345	33854
1529	8.0	0.41234000000000004	0.9126772041107856	31001
1530	11.0	0.44955999999999996	0.9634239932128499	32713
1531	8.0	0.50176	0.9403328180465552	34814
1532	19.0	0.42140000000000005	0.9342289817177721	31277
1533	11.0	0.38286000000000003	0.953073498202599	24409
1534	16.0	0.44276	0.9150981570437672	35229
1535	9.0	0.4518	0.9312484494194685	28176
1536	10.0	0.48676	0.941317661094269	29429
1537	6.0	0.48792	0.9002556670801001	30977
1538	14.0	0.4869200000000001	0.8791632022195214	35140
1539	7.0	0.4814	0.9258978905404192	32975
1540	18.0	0.46412	0.8457014671227728	27250
1541	9.0	0.45527999999999996	0.8855748391195619	26073
1542	16.0	0.44508000000000003	0.8823986575167012	30329
1543	12.0	0.44712	0.8641988698435424	29712
1544	11.0	0.49711999999999995	0.756113052157731	27735
1545	9.0	0.45258	0.9016581453873997	30356
1546	3.0	0.48266	0.8534912433980782	31082
1547	8.0	0.51258	0.8136830441776469	32314
1548	7.0	0.51202	0.7924536570320974	36324
1549	11.0	0.51886	0.8480715622174302	32117
1550	13.0	0.48754000000000003	0.8809531062084126	33447
1551	12.0	0.45899999999999996	0.9199521380337844	31663
1552	9.0	0.47354	0.8905438357357679	25199
1553	4.0	0.50314	0.9340627782862813	30399
1554	8.0	0.5382800000000001	0.9492133808697972	25831
1555	14.0	0.47801999999999994	0.9211682299986087	35254
1556	15.0	0.41525999999999996	0.8836004276134634	31488
1557	6.0	0.41739999999999994	0.8155587880988566	34730
1558	13.0	0.45498	0.8541198383919523	34528
1559	17.0	0.45568	0.8175993959871163	30033
1560	18.0	0.40990000000000004	0.8275017095226492	30981
1561	18.0	0.41807999999999995	0.8240058837101941	32706
1562	7.0	0.45024000000000003	0.7755083901697987	35564
1563	20.0	0.41856000000000004	0.8385479322979869	30514
1564	11.0	0.42278000000000004	0.7794641583837136	29001
1565	12.0	0.46712	0.7684372044011092	37792
1566	11.0	0.48066	0.9040852475712909	33157
1567	12.0	0.47698	0.9032795463451481	35470
1568	14.0	0.45834	0.9119115680788983	31925
1569	13.0	0.43483999999999995	0.8445182062217503	27855
1570	8.0	0.42418	0.8782500817511418	25088
1571	10.0	0.44512	0.9176578103181732	26777
1572	18.0	0.44195999999999996	0.9813739981829055	23339
1573	12.0	0.45565999999999995	0.93032411491135	24937
1574	17.0	0.4439399999999999	0.9551231617435137	22768
1575	18.0	0.41364000000000006	0.9640108103830755	23811
1576	11.0	0.41146	0.9640051839734016	17051
1577	14.0	0.40598	0.951261086231257	18247
1578	15.0	0.4147799999999999	0.9549855452705284	18731
1579	15.0	0.39814	0.963277158396933	18225
1580	13.0	0.40996000000000005	0.8555469242761975	18084
1581	23.0	0.418	0.9561062895787809	22579
1582	15.0	0.39312	0.952482706751757	16763
1583	17.0	0.40338000000000007	0.950224798465964	17636
1584	22.0	0.39527999999999996	0.9674883080035956	13753
1585	13.0	0.37870000000000004	0.9462863430791216	12676
1586	20.0	0.37427999999999995	0.9202837624415285	12579
1587	19.0	0.37183999999999995	0.9359155113916496	12775
1588	15.0	0.38856	0.9572236413547275	12992
1589	20.0	0.38799999999999996	0.9431683463520881	11108
1590	14.0	0.38028	0.944504485550253	11810
1591	21.0	0.38260000000000005	0.8589953137883103	9968
1592	18.0	0.37239999999999995	0.9621446143649279	9709
1593	10.0	0.37902	0.9122656557032623	9960
1594	20.0	0.40206000000000003	0.9470309832920181	12291
1595	16.0	0.39025999999999994	0.8483479376486633	9934
1596	13.0	0.38047999999999993	0.9094515876634753	8860
1597	12.0	0.38079999999999997	0.8935659433164286	11335
1598	20.0	0.37904000000000004	0.9493294485985225	11376
1599	20.0	0.38386	0.9289606985054768	12725
1600	19.0	0.3916400000000001	0.9259049599332323	10888
1601	15.0	0.38608	0.9240557102457007	11267
1602	14.0	0.3864	0.9837651764701132	11493
1603	14.0	0.38295999999999997	0.9820117743811791	10662
1604	21.0	0.38750000000000007	0.7768733467840038	9855
1605	14.0	0.38217999999999996	0.9376500566729018	11394
1606	28.0	0.3779200000000001	0.9639062413111151	10323
1607	16.0	0.37595999999999996	0.9313631406552159	11192
1608	17.0	0.37866	0.8657420344529798	10786
1609	12.0	0.37488	0.8484899404334627	10312
1610	14.0	0.35718000000000005	0.8620146536015278	9960
1611	17.0	0.3887	0.8441268390653723	11357
1612	19.0	0.37071999999999994	0.9744736016798977	10864
1613	19.0	0.38139999999999996	0.9047055913165236	9882
1614	22.0	0.36196	0.8480724775969299	9579
1615	15.0	0.37311999999999995	0.8726555262359235	11748
1616	14.0	0.3819600000000001	0.8823352743205507	12156
1617	20.0	0.3799	0.9504370767549153	12094
1618	9.0	0.40059999999999996	0.8592698015969871	12433
1619	11.0	0.3708399999999999	0.8864862175528835	13354
1620	19.0	0.36772	0.9322306778121466	12537
1621	15.0	0.35722000000000004	0.846580390298998	11749
1622	13.0	0.36998000000000003	0.8795909896165425	13481
1623	17.0	0.35208000000000006	0.9399642310657766	13519
1624	18.0	0.35913999999999996	0.9444580190603971	14443
1625	16.0	0.37189999999999995	0.8808208279451191	15362
1626	19.0	0.35144	0.9120541125545912	15350
1627	13.0	0.3734200000000001	0.8558780725672607	19316
1628	16.0	0.40344	0.941049513771198	25830
1629	15.0	0.38314	0.8687818438083215	24331
1630	15.0	0.36103999999999997	0.8755673578166249	19201
1631	15.0	0.39830000000000004	0.826087406463292	20469
1632	18.0	0.3992	0.936969217080781	24289
1633	17.0	0.39087999999999995	0.892555891642793	24496
1634	12.0	0.4266	0.8677728485438998	30444
1635	9.0	0.41062000000000004	0.9306974047082904	31828
1636	12.0	0.39106	0.8894841684852112	27046
1637	27.0	0.425	0.9208784091487596	32530
1638	14.0	0.43498	0.865477839420157	32338
1639	15.0	0.38626	0.8964522128428932	26013
1640	10.0	0.40368000000000004	0.7670913410104315	22131
1641	20.0	0.41840000000000005	0.8970355885348684	19620
1642	13.0	0.41700000000000004	0.8686819401200583	16254
1643	18.0	0.39776000000000006	0.915329235980349	14388
1644	17.0	0.37272000000000005	0.942903112172042	12280
1645	25.0	0.39934	0.9166641095148819	12238
1646	15.0	0.4012	0.7775508385041173	10130
1647	17.0	0.36862	0.9133942703839621	11723
1648	25.0	0.3790799999999999	0.9552433127514239	11324
1649	15.0	0.38884	0.9082568008988889	12837
1650	18.0	0.3847	0.8917718255853585	10885
1651	20.0	0.3586	0.9840157641332666	10067
1652	12.0	0.35478000000000004	0.9504111072919517	9731
1653	14.0	0.35620000000000007	0.9392238438584565	9103
1654	21.0	0.3711399999999999	0.9495132314196558	9726
1655	13.0	0.35544	0.8770514028296372	8823
1656	22.0	0.36072000000000004	0.8369546409959666	8272
1657	19.0	0.36326	0.9652192682323325	10142
1658	13.0	0.36560000000000004	0.8940386861767121	10412
1659	6.0	0.34796000000000005	0.9607842285528854	8941
1660	14.0	0.34508000000000005	0.9456779926940854	9940
1661	21.0	0.3485599999999999	0.9638730806490466	8746
1662	18.0	0.34580000000000005	0.93256880740366	9624
1663	17.0	0.36338000000000004	0.9408833883519332	9660
1664	15.0	0.3626	0.9307018216136358	11189
1665	16.0	0.37926000000000004	0.9229110309499645	9226
1666	18.0	0.35442	0.9718591913798271	8154
1667	24.0	0.35306	0.9389485942944987	8331
1668	14.0	0.34796	0.9293706683921731	8453
1669	16.0	0.3559999999999999	0.9303939766922854	9613
1670	18.0	0.35632	0.9699537365348305	9257
1671	13.0	0.36306000000000005	0.9383782302255778	9892
1672	17.0	0.35126000000000007	0.9384204699754347	7634
1673	20.0	0.36540000000000006	0.8560635140104482	8733
1674	14.0	0.34536	0.9657209997571283	7881
1675	14.0	0.35871999999999993	0.9583289768978179	9713
1676	23.0	0.33169999999999994	0.9517303250141131	8785
1677	19.0	0.32815999999999995	0.9697340149586012	8638
1678	20.0	0.3552	0.9465468149857181	9334
1679	10.0	0.34541999999999995	0.9513687175104565	9937
1680	15.0	0.3485999999999999	0.9346417930035866	9226
1681	12.0	0.35685999999999996	0.9009997547190447	9375
1682	14.0	0.34287999999999996	0.8258544299571885	8329
1683	14.0	0.34302000000000005	0.9631505605005823	9490
1684	13.0	0.33826000000000006	0.9798738738268796	8555
1685	20.0	0.35484000000000004	0.9522606485723942	8793
1686	17.0	0.3730199999999999	0.9503338638009905	9598
1687	23.0	0.35868	0.9300788268577197	9456
1688	12.0	0.35994	0.9240991437357977	8742
1689	20.0	0.36424000000000006	0.9437636904364546	10124
1690	14.0	0.35564000000000007	0.9573914143076976	8607
1691	17.0	0.37906	0.8418284054744752	10008
1692	17.0	0.35	0.945867234059755	9647
1693	16.0	0.35888000000000003	0.9642328161966343	10011
1694	12.0	0.34918000000000005	0.9549330493409574	8679
1695	18.0	0.36178	0.950528807765043	9862
1696	12.0	0.35046	0.934682798909492	9004
1697	20.0	0.3471600000000001	0.9462342543509845	9128
1698	23.0	0.35678	0.955213809371539	9436
1699	17.0	0.38498000000000004	0.8288798408625614	9375
1700	14.0	0.37660000000000005	0.9535641714543164	8763
1701	14.0	0.34273999999999993	0.9318435885478787	9323
1702	10.0	0.35617999999999994	0.8781045209064151	8980
1703	16.0	0.35975999999999997	0.9250584027359254	9540
1704	16.0	0.3550800000000001	0.9441343213529413	10540
1705	21.0	0.36794000000000004	0.9534339544670004	8491
1706	10.0	0.3504	0.9635109455579951	9700
1707	20.0	0.36211999999999994	0.9530669579380429	9879
1708	10.0	0.35899999999999993	0.9456533015074079	9647
1709	21.0	0.36304	0.8594879441635982	8503
1710	17.0	0.36737999999999993	0.9346336686240183	9504
1711	8.0	0.36002	0.9600278389580094	9755
1712	14.0	0.35438000000000003	0.9331449314118817	9521
1713	18.0	0.37628	0.881459626784238	9595
1714	15.0	0.3720199999999999	0.9253867696575344	10661
1715	23.0	0.37714000000000003	0.954807238610719	10829
1716	20.0	0.38154	0.8655264624921807	10940
1717	17.0	0.3699	0.9572461221471011	8770
1718	18.0	0.38272	0.932324364236868	10930
1719	15.0	0.39558	0.9167749181662391	10924
1720	27.0	0.39448	0.9650287503336386	10235
1721	16.0	0.39388000000000006	0.9460337677583944	11099
1722	12.0	0.35760000000000003	0.9505100066590124	10073
1723	10.0	0.37226000000000004	0.9200406241989875	9281
1724	16.0	0.38136	0.8838222344433602	9738
1725	11.0	0.37829999999999997	0.8578428449245794	10605
1726	16.0	0.3600799999999999	0.9205946120055473	10109
1727	13.0	0.37962	0.7397355379266454	9236
1728	15.0	0.36046	0.8542251561148598	10422
1729	16.0	0.35478000000000004	0.946210664527337	8692
1730	14.0	0.3588600000000001	0.7836448287480761	9113
1731	19.0	0.36638	0.7133363966715562	8048
1732	15.0	0.36434	0.9150737290530441	9382
1733	14.0	0.35503999999999997	0.8876173978258247	9396
1734	12.0	0.34582	0.8619370044847662	8562
1735	13.0	0.36713999999999997	0.8310494648489342	8604
1736	12.0	0.36844	0.9354873726518816	9180
1737	20.0	0.36160000000000003	0.9144326109444443	8666
1738	12.0	0.3489999999999999	0.8796877666856977	9536
1739	14.0	0.3349599999999999	0.987415498547389	8375
1740	9.0	0.34035999999999994	0.9236667583651565	9361
1741	26.0	0.35851999999999995	0.8002471145308022	9072
1742	16.0	0.36338000000000004	0.9597084311687634	10017
1743	12.0	0.35999999999999993	0.892241635198854	9302
1744	13.0	0.37488	0.7748261912418445	11720
1745	14.0	0.36058	0.9139824759039874	10901
1746	19.0	0.36278000000000005	0.9152209526556956	10138
1747	23.0	0.3702	0.9241306324040829	9244
1748	20.0	0.37273999999999996	0.8986708172845019	10151
1749	22.0	0.3611600000000001	0.9228539939165175	10441
1750	13.0	0.37112	0.9532164962822725	11208
1751	17.0	0.3790199999999999	0.9470273091218149	9704
1752	10.0	0.37272	0.9249857519648521	10476
1753	17.0	0.3631999999999999	0.9629474038885373	9535
1754	13.0	0.38458	0.8266646467529428	9806
1755	25.0	0.3736	0.9360900411515681	10213
1756	12.0	0.38108	0.8593163030522318	9915
1757	26.0	0.37776000000000004	0.7538290214773993	9672
1758	12.0	0.3648199999999999	0.9515050668700172	9300
1759	19.0	0.38026000000000004	0.9670452990207604	11659
1760	17.0	0.38561999999999996	0.9216581271527654	11676
1761	14.0	0.39616	0.9216254239065931	11483
1762	7.0	0.39291999999999994	0.9436303517610333	10244
1763	20.0	0.40578000000000003	0.9615982824482027	11584
1764	19.0	0.42054	0.8235180477624253	12146
1765	11.0	0.40724	0.9442321134333016	13434
1766	27.0	0.40886	0.9343773561512166	13062
1767	12.0	0.40584000000000003	0.8904626484570556	20115
1768	22.0	0.35656	0.9318225603147499	18791
1769	22.0	0.39252	0.9455783385723676	24577
1770	16.0	0.39061999999999997	0.9035025624572443	18792
1771	22.0	0.39708000000000004	0.8286559682420342	16648
1772	19.0	0.43073999999999996	0.9720441594754421	20048
1773	11.0	0.43007999999999996	0.9243904819415317	21455
1774	12.0	0.44316	0.9260606218321648	22709
1775	15.0	0.43914000000000003	0.9502747428500333	19929
1776	16.0	0.38780000000000003	0.8254158456796062	19610
1777	18.0	0.3666799999999999	0.8538817281587829	17035
1778	17.0	0.41204	0.6820444333735839	19232
1779	16.0	0.39837999999999996	0.8610471981435018	21569
1780	13.0	0.42158	0.8809601060450513	24810
1781	22.0	0.3987800000000001	0.9148591823625586	20357
1782	17.0	0.3791399999999999	0.8008674093900142	20680
1783	10.0	0.36272	0.8787025079288934	18457
1784	13.0	0.3738	0.8712914347068089	18765
1785	15.0	0.39414	0.8730528294964247	25954
1786	13.0	0.36212000000000005	0.9334422631107205	21567
1787	15.0	0.41546	0.9055146501539464	20957
1788	12.0	0.4313	0.910199980884978	21212
1789	14.0	0.44129999999999997	0.9409326845556996	24536
1790	14.0	0.42154	0.8893893416739974	22455
1791	13.0	0.4424	0.8292379356549334	23948
1792	11.0	0.43026000000000003	0.9306987294690607	28619
1793	10.0	0.44106	0.9646881374926192	22496
1794	18.0	0.4402	0.9526875930725687	24218
1795	9.0	0.4554599999999999	0.8769232479492011	21115
1796	16.0	0.44634	0.8622511051752485	21870
1797	14.0	0.46578	0.8795009425808394	24329
1798	11.0	0.46058	0.8237751336383674	28889
1799	11.0	0.44189999999999996	0.8407241908383959	23926
1800	10.0	0.4375	0.8693127503939561	23169
1801	12.0	0.42296	0.9169750686245977	21237
1802	15.0	0.41785999999999995	0.8601426245920107	23253
1803	14.0	0.42846000000000006	0.873203370488197	25363
1804	14.0	0.43162000000000006	0.8616893743066382	21805
1805	17.0	0.39822	0.918128668315504	21630
1806	10.0	0.41304	0.9116420052860996	22232
1807	10.0	0.39413999999999993	0.8957874964524755	21892
1808	17.0	0.41696000000000005	0.9174170611529919	26317
1809	15.0	0.41814	0.9009847521766666	24271
1810	12.0	0.4365599999999999	0.9100336205708164	23741
1811	10.0	0.43822000000000005	0.8252273300226393	26734
1812	9.0	0.43492000000000003	0.8728281745929635	23960
1813	9.0	0.44611999999999996	0.720164772022808	24008
1814	11.0	0.45286000000000004	0.8001184696991726	23132
1815	16.0	0.42812	0.8848505421337253	29530
1816	12.0	0.43684000000000006	0.8211109484067614	31203
1817	12.0	0.45820000000000005	0.8737119580588323	30646
1818	15.0	0.4579999999999999	0.8605217719993041	30310
1819	9.0	0.5172	0.8938922568893474	32923
1820	12.0	0.53106	0.9646275890427318	35727
1821	11.0	0.4689199999999999	0.9422827646424943	30465
1822	20.0	0.42994	0.9583883994076602	28447
1823	22.0	0.42368	0.9112305530860115	30150
1824	14.0	0.43634	0.8955678900316983	27220
1825	8.0	0.51218	0.8422594817766155	36006
1826	10.0	0.41908	0.8409871978912546	30453
1827	18.0	0.37270000000000003	0.9236479269194813	26828
1828	18.0	0.38958000000000004	0.8707546430740776	30206
1829	14.0	0.3831	0.8920304254517044	26559
1830	15.0	0.42992	0.8288702090512243	35036
1831	10.0	0.46337999999999996	0.809741694432938	37037
1832	10.0	0.47483999999999993	0.7903770269003005	35238
1833	10.0	0.48508	0.8208577182381019	38266
1834	5.0	0.51696	0.8887303607205568	34948
1835	10.0	0.51586	0.9381787041569349	29867
1836	11.0	0.5126000000000001	0.9294536681331186	28237
1837	20.0	0.48707999999999996	0.8165297452575168	29907
1838	17.0	0.39978	0.7756176308302117	28386
1839	11.0	0.42839999999999995	0.8316316550650289	31235
1840	18.0	0.43729999999999997	0.7352609613277579	27003
1841	11.0	0.39036000000000004	0.8075630748570659	24048
1842	14.0	0.39986000000000005	0.7454315343671722	19364
1843	19.0	0.37790000000000007	0.916153128964791	22957
1844	15.0	0.3738000000000001	0.8885720485927181	23035
1845	20.0	0.34602000000000005	0.9188898563744704	19411
1846	12.0	0.45254000000000005	0.930441548822155	29243
1847	15.0	0.46924	0.9060073492221837	28133
1848	16.0	0.4187800000000001	0.8943126411651734	26227
1849	14.0	0.37579999999999997	0.854383247490997	25759
1850	4.0	0.4283600000000001	0.7103708771288855	28804
1851	13.0	0.43263999999999997	0.8011078611255726	29900
1852	9.0	0.39446000000000003	0.8652650760042155	27520
1853	13.0	0.45266	0.7392426733398308	25618
1854	9.0	0.4615600000000001	0.9210839704551279	28215
1855	12.0	0.47790000000000005	0.9495839097782034	27714
1856	9.0	0.47704	0.9252724785171557	27870
1857	8.0	0.47297999999999996	0.9160151217653745	26185
1858	11.0	0.47842	0.945185869255585	24895
1859	16.0	0.50006	0.9170509198240789	29442
1860	15.0	0.47497999999999996	0.8948046528686692	27750
1861	14.0	0.46536	0.8838258338113306	28465
1862	10.0	0.51792	0.8742327973852113	30254
1863	8.0	0.48722	0.8767596436164068	31146
1864	14.0	0.4567	0.7659095848134301	33911
1865	13.0	0.40262	0.8840069440999315	28007
1866	12.0	0.4300799999999999	0.7382319901606555	28696
1867	5.0	0.50876	0.9067455805576556	26999
1868	11.0	0.5456	0.9444914633611567	30127
1869	10.0	0.5311400000000001	0.9720245583777929	32208
1870	9.0	0.5328999999999999	0.9351603842824215	31302
1871	11.0	0.5297	0.8524493692296123	32158
1872	12.0	0.46553999999999995	0.7282363882497781	35392
1873	11.0	0.44792000000000004	0.8027449455720499	31235
1874	19.0	0.41202000000000005	0.8875377959677158	28767
1875	14.0	0.39681999999999995	0.9051414528311365	26561
1876	15.0	0.40944	0.8407948032412521	23096
1877	15.0	0.38464	0.7774553025634481	17912
1878	14.0	0.36844	0.9442450107426887	18707
1879	8.0	0.37118000000000007	0.9119651294789025	17692
1880	14.0	0.41196	0.8341143800857012	21375
1881	19.0	0.40620000000000006	0.9114757199411084	23836
1882	14.0	0.39578	0.9325874235410143	22384
1883	13.0	0.46728000000000003	0.9674878991823471	21911
1884	8.0	0.51708	0.9498577213091259	20505
1885	6.0	0.48100000000000004	0.9287643977432694	23120
1886	16.0	0.46906	0.9397465272057342	25103
1887	13.0	0.50688	0.9565288984569932	21951
1888	11.0	0.5241800000000001	0.9728744684654711	26475
1889	10.0	0.51752	0.9461880065697509	27966
1890	11.0	0.46047999999999994	0.8796022422997659	28256
1891	15.0	0.47031999999999996	0.9127411086662831	27652
1892	15.0	0.43	0.8414815795727975	21747
1893	17.0	0.35294000000000003	0.9289184962117678	17048
1894	13.0	0.34534	0.9425900968700289	15444
1895	11.0	0.44434000000000007	0.9181697703774825	20080
1896	10.0	0.46682	0.9325859994565648	23179
1897	14.0	0.4367600000000001	0.9213988685075473	21346
1898	12.0	0.44909999999999994	0.9030517911114723	21679
1899	19.0	0.46449999999999997	0.962817843850566	21337
1900	18.0	0.4784999999999999	0.9204600238565918	22547
1901	13.0	0.49650000000000005	0.9076818525035364	21906
1902	17.0	0.46058	0.9126391359658104	19139
1903	9.0	0.48038	0.8427888759119628	28299
1904	10.0	0.48306000000000004	0.881201273325075	23457
1905	7.0	0.45938	0.8730475039277077	22889
1906	8.0	0.46513999999999994	0.9172218130711446	21885
1907	16.0	0.4785399999999999	0.9262855764911593	21522
1908	15.0	0.46066	0.9242186413431333	20858
1909	19.0	0.41944	0.9340204483636061	22890
1910	11.0	0.49158	0.9637380996209101	26058
1911	15.0	0.37338	0.9662112220836018	21772
1912	17.0	0.41104	0.911053634235832	24374
1913	12.0	0.46332	0.9434340391059346	26339
1914	13.0	0.45858	0.9142604106057156	25059
1915	13.0	0.49561999999999995	0.9479536960560254	27915
1916	13.0	0.458	0.9202191125950714	25448
1917	11.0	0.48497999999999997	0.9149916387170433	29254
1918	10.0	0.51078	0.9418635468964549	30766
1919	9.0	0.47997999999999996	0.9354361619115139	32040
1920	23.0	0.45655999999999997	0.8943126765252098	32426
1921	9.0	0.46667999999999993	0.8975505340511725	28371
1922	16.0	0.4640000000000001	0.9260787295716577	27919
1923	20.0	0.4455799999999999	0.9006662747401958	26652
1924	13.0	0.4465199999999999	0.9205978743321525	23001
1925	23.0	0.44282	0.977739285497046	23427
1926	13.0	0.4478399999999999	0.952998813523371	23358
1927	10.0	0.4712800000000001	0.9608876459409944	24868
1928	12.0	0.44778	0.827512583052396	19491
1929	15.0	0.42353999999999997	0.8877181203269087	22952
1930	12.0	0.4649400000000001	0.9410842833886655	24886
1931	12.0	0.47816000000000003	0.9559628460886774	27010
1932	11.0	0.45587999999999995	0.9212008812632807	27028
1933	10.0	0.5017	0.9145189410299931	24415
1934	11.0	0.47772	0.9538825570709663	30631
1935	16.0	0.3633200000000001	0.9541382987812537	23862
1936	12.0	0.38528	0.9233891164497083	24149
1937	14.0	0.43356	0.7693695583451783	37953
1938	15.0	0.4472	0.8046450141648576	31891
1939	14.0	0.40185999999999994	0.8807092965644618	28277
1940	20.0	0.37004000000000004	0.9600296431058442	28065
1941	12.0	0.51298	0.9407967682627268	45338
1942	15.0	0.4395800000000001	0.927447871289631	40773
1943	15.0	0.47498000000000007	0.9409096733000055	39788
1944	12.0	0.45278000000000007	0.8904406846144909	39533
1945	24.0	0.393	0.9498971635342847	40970
1946	24.0	0.35318	0.9560115829753514	29603
1947	19.0	0.4452999999999999	0.9324960923582326	38663
1948	16.0	0.44106	0.9625128702262808	35202
1949	17.0	0.45542	0.9655320599184882	36555
1950	11.0	0.44234	0.9552106876144478	38565
1951	19.0	0.4456600000000001	0.951242876133361	36422
1952	12.0	0.4504000000000001	0.917352799958878	29954
1953	16.0	0.4113800000000001	0.8846101817067941	15790
1954	12.0	0.40964	0.9535111947652587	16618
1955	16.0	0.41241999999999995	0.9417394736772019	18162
1956	16.0	0.42969999999999997	0.9579292122182477	17244
1957	15.0	0.43012000000000006	0.929285231649192	16323
1958	13.0	0.41562	0.9622034053241321	16513
1959	22.0	0.43572000000000005	0.9465233961930309	13980
1960	14.0	0.42747999999999997	0.9843426701286193	14322
1961	22.0	0.37656	0.9850011579109482	11811
1962	14.0	0.42488	0.8742492399572586	15056
1963	15.0	0.4195	0.9388402011620222	12986
1964	13.0	0.40926	0.9145403118377452	12749
1965	16.0	0.40734000000000004	0.9172307303557865	13606
1966	16.0	0.4335	0.9361441902474508	14703
1967	20.0	0.42861999999999995	0.9515971326941297	13982
1968	13.0	0.42784	0.9761043657646851	15330
1969	20.0	0.41090000000000004	0.9063543442620644	13150
1970	11.0	0.4028600000000001	0.9721257921459115	12346
1971	14.0	0.39318	0.9359628032511226	14035
1972	14.0	0.42168000000000005	0.9748331051527505	14512
1973	19.0	0.43244	0.9862436663208529	14233
1974	19.0	0.42227999999999993	0.9526140635367356	11950
1975	18.0	0.3978	0.9248494530285265	12571
1976	13.0	0.41647999999999996	0.9557328257894002	14321
1977	10.0	0.40741999999999995	0.97735839696708	13251
1978	15.0	0.41274	0.8874777087705742	11919
1979	21.0	0.39342	0.9758114490187413	12686
1980	13.0	0.39622	0.9735006678197863	12045
1981	14.0	0.43495999999999996	0.9522258336679021	13730
1982	14.0	0.36588	0.957127583476776	12096
1983	18.0	0.4424	0.9506884931683606	14766
1984	10.0	0.41179999999999994	0.9569893278487155	16236
1985	13.0	0.43717999999999996	0.9707010086578355	18231
1986	16.0	0.45908	0.953751763770602	18232
1987	10.0	0.47956	0.9562695259314539	22751
1988	11.0	0.45282000000000006	0.9415200060193191	24602
1989	16.0	0.47096000000000005	0.8190582063491879	21495
1990	10.0	0.48006	0.9548782852512158	18972
1991	15.0	0.43805999999999995	0.931579198753218	18142
1992	15.0	0.47663999999999995	0.9523466045614339	20415
1993	13.0	0.51828	0.9640887255190896	24230
1994	9.0	0.49698	0.9804178925171306	22406
1995	9.0	0.46831999999999996	0.8826034917547823	23922
1996	10.0	0.49152	0.8853227111894898	28835
1997	16.0	0.4371000000000001	0.9603887163510129	28506
1998	18.0	0.43516	0.9538098350918226	27148
1999	13.0	0.501	0.9623506744743135	26388
2000	5.0	0.56336	0.9393575854486352	31686
2001	4.0	0.5479799999999999	0.9423438812986862	32407
2002	5.0	0.53882	0.9050426031602729	29961
2003	8.0	0.49556000000000006	0.9074979085909464	27130
2004	8.0	0.51582	0.9285252904263961	24603
2005	10.0	0.44927999999999996	0.9346640720942775	28779
2006	18.0	0.4086	0.9202250835980293	26434
2007	12.0	0.43576	0.9058578826203073	30786
2008	10.0	0.48107999999999995	0.8699147700185189	29852
2009	12.0	0.40914	0.8634096151507279	34412
2010	16.0	0.43812000000000006	0.9246174194734484	32671
2011	17.0	0.49582	0.9430448946083644	27485
2012	4.0	0.5664200000000001	0.8734263040156494	32269
2013	8.0	0.49314	0.7879687820960067	37012
2014	10.0	0.45574	0.8423768917061116	33666
2015	6.0	0.5776	0.8842661918041208	31408
2016	10.0	0.47437999999999997	0.8300732346065759	31089
2017	24.0	0.4757	0.9289004736372702	33778
2018	13.0	0.46116	0.9582241405547823	29967
2019	7.0	0.44612000000000007	0.9433617798017901	27024
2020	5.0	0.6071	0.9813130064573002	28558
2021	11.0	0.5212800000000001	0.9226086567704864	34742
2022	16.0	0.54076	0.9603019912048866	37305
2023	10.0	0.56216	0.9473446017465266	33970
2024	12.0	0.49442	0.9206107239244197	37988
2025	6.0	0.5112000000000001	0.9165886535189824	34894
2026	8.0	0.5413600000000001	0.9677287772708113	30799
2027	12.0	0.43622	0.9581827500415863	26832
2028	7.0	0.33494	0.965044248571448	25321
2029	13.0	0.43335999999999997	0.951890796100063	23030
2030	7.0	0.5160399999999999	0.9697012743896656	24810
2031	11.0	0.49261999999999995	0.9581433853639447	27615
2032	20.0	0.4419600000000001	0.9102906695433322	21178
2033	9.0	0.5036400000000001	0.9392447306431543	24283
2034	14.0	0.45055999999999996	0.8138635315843883	23655
2035	7.0	0.43716	0.7990690798576099	22444
2036	14.0	0.46253999999999995	0.9646899365504	26099
2037	10.0	0.40874000000000005	0.9309682884687356	24266
2038	6.0	0.49558	0.9511024624182542	26287
2039	13.0	0.5320800000000001	0.9757218439374148	31103
2040	5.0	0.55442	0.959701720161126	27589
2041	6.0	0.5015999999999999	0.9401062183030987	32632
2042	11.0	0.37701999999999997	0.8649171406747139	25928
2043	11.0	0.4614600000000001	0.8198634664877602	33274
2044	11.0	0.4738800000000001	0.8120460671166074	28759
2045	12.0	0.42024	0.9034850710583031	28898
2046	16.0	0.44088	0.9093532671404024	33035
2047	14.0	0.46747999999999995	0.8839456893731403	29610
2048	13.0	0.47820000000000007	0.8052827803107705	36335
2049	9.0	0.46901999999999994	0.8388306733014103	34786
2050	9.0	0.49922000000000005	0.7626994031062813	35278
2051	19.0	0.47272000000000003	0.7695717994496215	36637
2052	17.0	0.44179999999999997	0.7763695828582458	33853
2053	11.0	0.4881599999999999	0.9411477910604432	27343
2054	10.0	0.45777999999999996	0.7380266923855667	31275
2055	12.0	0.47324000000000005	0.7574211065339691	35708
2056	10.0	0.46424	0.790633848119253	37377
2057	15.0	0.4469200000000001	0.7757620093620015	31706
2058	7.0	0.4808	0.8104530374968381	36237
2059	14.0	0.55462	0.8292618250550929	34134
2060	11.0	0.53384	0.7535470435435349	39803
2061	10.0	0.4737800000000001	0.7826919686880187	35059
2062	17.0	0.43327999999999994	0.7934304313574813	31597
2063	16.0	0.42274	0.9024620181425418	28612
2064	7.0	0.52788	0.8152486165143562	30953
2065	15.0	0.45053999999999994	0.8560033099929516	30260
2066	11.0	0.43882	0.8279954680377071	30243
2067	3.0	0.53998	0.920230061146465	26405
2068	12.0	0.5084599999999999	0.8746364215746657	30076
2069	13.0	0.48558	0.8735464358913041	31953
2070	5.0	0.49626000000000003	0.8127399579670701	29398
2071	4.0	0.6084	0.9257835595827215	28700
2072	10.0	0.4872000000000001	0.8530861090479064	31191
2073	10.0	0.51124	0.8626437756224401	30990
2074	13.0	0.4618	0.7560171378434934	31198
2075	7.0	0.48344000000000004	0.8521345690383688	37853
2076	13.0	0.45744	0.8203801761811509	34120
2077	19.0	0.42611999999999994	0.8216010615226851	31577
2078	14.0	0.41674	0.8223906987661966	26657
2079	6.0	0.51744	0.8875413934728592	28925
2080	9.0	0.54142	0.8682979774245425	25575
2081	7.0	0.50872	0.6958985122962593	35952
2082	19.0	0.45482000000000006	0.7657315926236294	30354
2083	14.0	0.55516	0.9327824345700987	27604
2084	14.0	0.45468000000000003	0.8379521262606152	26888
2085	16.0	0.43288	0.7472400304328478	30898
2086	4.0	0.5183	0.7963191713653526	32206
2087	7.0	0.51098	0.831481907680274	37775
2088	12.0	0.41986000000000007	0.835400982057909	26211
2089	10.0	0.42163999999999996	0.8788520932306096	25780
2090	13.0	0.44723999999999997	0.8894960477305622	25564
2091	4.0	0.58458	0.942044589688183	19562
2092	6.0	0.64118	0.9939166653399985	18720
2093	7.0	0.5921	0.9235971658797671	19276
2094	10.0	0.5195200000000001	0.9006542202738429	18871
2095	10.0	0.55294	0.9456257508614462	16694
2096	9.0	0.5356799999999999	0.9807429545703693	25128
2097	9.0	0.5091	0.8548509983326733	19412
2098	13.0	0.49967999999999996	0.8951733724852006	21770
2099	10.0	0.4791599999999999	0.8766868707187387	22406
2100	10.0	0.56666	0.9653277720767618	23611
2101	15.0	0.52314	0.9409811304165676	22180
2102	2.0	0.55364	0.8720036461336668	27806
2103	5.0	0.63046	0.9631250296486852	25413
2104	6.0	0.5771999999999999	0.9347038191790844	29227
2105	5.0	0.58204	0.8848228765851807	27624
2106	9.0	0.5595399999999999	0.8133803205886984	23432
2107	6.0	0.5454199999999999	0.857393925979161	24660
2108	11.0	0.57896	0.8261761874284759	26121
2109	6.0	0.51832	0.8528916995338257	33695
2110	6.0	0.54188	0.8091770600217438	28750
2111	7.0	0.51512	0.8515733880426496	26232
2112	3.0	0.63804	0.9742134662446235	21951
2113	3.0	0.6111800000000001	0.8647711039047665	23329
2114	6.0	0.56584	0.6807094020785311	25115
2115	7.0	0.54654	0.8261694279888375	31148
2116	8.0	0.57246	0.8786764142682003	28776
2117	5.0	0.5665800000000001	0.8967614241823464	25981
2118	5.0	0.62458	0.9136923177016156	23628
2119	2.0	0.5784800000000001	0.876166590937841	25912
2120	8.0	0.55092	0.6621327266549326	15534
2121	8.0	0.59034	0.5133890685060345	12068
2122	8.0	0.5698200000000001	0.46915787640236634	13095
2123	4.0	0.5745600000000001	0.5524522894471059	10090
2124	8.0	0.5705	0.49564021800520613	11169
2125	10.0	0.41525999999999996	0.8563716326261999	23785
2126	8.0	0.54414	0.9049031616930127	16206
2127	7.0	0.58122	0.708178885966026	14890
2128	12.0	0.46214000000000005	0.5595336224305413	17202
2129	10.0	0.4243	0.6893997386786953	18491
2130	17.0	0.40018	0.8615255272311158	17511
2131	9.0	0.39842000000000005	0.5682888619936611	17510
2132	12.0	0.40442000000000006	0.5115436902469896	15730
2133	16.0	0.4234400000000001	0.8058426924313294	19774
2134	16.0	0.40348	0.8047110906680212	25353
2135	12.0	0.4168	0.721429945430428	16417
2136	8.0	0.42358000000000007	0.7008771686775198	18348
2137	7.0	0.4121600000000001	0.7417285741257933	19887
2138	9.0	0.4223800000000001	0.8365657976437615	19714
2139	16.0	0.40055999999999997	0.8602615823673277	18126
2140	13.0	0.40694	0.8954164787319921	15510
2141	7.0	0.4293	0.7968584626441321	17554
2142	10.0	0.40246000000000004	0.8414042054423447	13068
2143	15.0	0.41775999999999996	0.8638688377884224	23398
2144	13.0	0.40302	0.876738406753862	12609
2145	9.0	0.34088	0.6218621247004071	12695
2146	1.0	0.0	0.0	0
