0	0.0	0.0	0.0	0.0
1	13.0	0.34997999999999996	0.19317124990229936	4220.0
2	12.0	0.36022	0.1834423916996246	3597.0
3	15.0	0.39862000000000003	0.08842082562118783	2575.0
4	16.0	0.45596000000000003	0.10018152830813047	4211.0
5	10.0	0.48965999999999993	0.6906395632872314	28932.0
6	8.0	0.53272	0.7645023177680051	33393.0
7	4.0	0.52658	0.7156847932961851	32967.0
8	4.0	0.59748	0.7900639037200513	31444.0
9	4.0	0.59932	0.7954436132763304	40244.0
10	7.0	0.6018800000000001	0.7916678911387932	37844.0
11	8.0	0.59732	0.7823468307523508	34086.0
12	4.0	0.6218199999999999	0.8157723634716271	32745.0
13	3.0	0.59452	0.781346230409051	39426.0
14	2.0	0.5898	0.7625352928325556	64391.0
15	3.0	0.5643	0.7438655104066709	47051.0
16	1.0	0.58902	0.7866130091412115	40413.0
17	3.0	0.60768	0.818268694374978	34790.0
18	5.0	0.6013000000000001	0.8132414213924958	43552.0
19	1.0	0.58762	0.8319020469241394	43781.0
20	3.0	0.6175200000000001	0.8300602800076177	41119.0
21	4.0	0.6006599999999999	0.8583802001135341	39926.0
22	5.0	0.6259800000000001	0.8637416086667958	34346.0
23	1.0	0.5885600000000001	0.7708025149040066	37593.0
24	3.0	0.62948	0.8812447122844684	35242.0
25	5.0	0.6381799999999999	0.9653929460781151	34546.0
26	4.0	0.56184	0.7333468218466914	50429.0
27	6.0	0.55628	0.8929178690991563	47457.0
28	6.0	0.58866	0.89779154347525	38075.0
29	4.0	0.6189399999999999	0.8476106846264678	36215.0
30	7.0	0.57098	0.7803834802860654	44190.0
31	5.0	0.58026	0.8283583517976603	45172.0
32	7.0	0.5860200000000001	0.8606837213912478	41642.0
33	7.0	0.5683	0.7926896172325988	47519.0
34	11.0	0.5416399999999999	0.7738314568453485	45445.0
35	9.0	0.58418	0.8865367062820245	42671.0
36	8.0	0.60134	0.8868775660162743	46264.0
37	5.0	0.59164	0.7770213953520241	45112.0
38	7.0	0.58062	0.8063523079162853	47569.0
39	5.0	0.5920000000000001	0.8171930465609533	39226.0
40	2.0	0.5676599999999999	0.7636554933794454	42360.0
41	5.0	0.5718000000000001	0.784453484803238	56042.0
42	8.0	0.5718799999999999	0.8337035265486008	43796.0
43	3.0	0.5674999999999999	0.8076418015488266	52245.0
44	11.0	0.6073000000000001	0.9356627347093428	35352.0
45	8.0	0.5853200000000001	0.7793742463486333	49121.0
46	7.0	0.5897199999999999	0.8485891045722821	42082.0
47	2.0	0.52924	0.7828313183572856	47384.0
48	5.0	0.56804	0.7823157202559035	44794.0
49	1.0	0.55656	0.7880200267184223	49733.0
50	2.0	0.5248	0.7482094513363501	52281.0
51	6.0	0.51056	0.7689301163774517	47637.0
52	5.0	0.53418	0.8086445378460042	52860.0
53	9.0	0.51356	0.7487164023939036	49243.0
54	8.0	0.55204	0.8014792848616576	46130.0
55	9.0	0.5665399999999999	0.8477585982500311	46364.0
56	8.0	0.54132	0.8283230266374889	40828.0
57	13.0	0.4607	0.7332122550048519	39312.0
58	10.0	0.48102000000000006	0.7550567101429727	45232.0
59	4.0	0.5190400000000001	0.7012950201326186	67469.0
60	8.0	0.5462400000000001	0.7862714745373102	56718.0
61	6.0	0.55182	0.7491459471847897	52838.0
62	4.0	0.55938	0.8310976621734828	48080.0
63	8.0	0.56176	0.7743581837692833	45788.0
64	8.0	0.54932	0.8222763102510073	42346.0
65	6.0	0.53326	0.812080243304691	49896.0
66	10.0	0.52882	0.769789990716794	47213.0
67	2.0	0.56052	0.8087410879256781	48753.0
68	3.0	0.5449200000000001	0.750491702368304	49469.0
69	3.0	0.56344	0.8552082815604918	48533.0
70	4.0	0.5945199999999999	0.8788621979708761	46828.0
71	8.0	0.5588599999999999	0.7402493796515096	50811.0
72	5.0	0.60844	0.8838674990544746	39191.0
73	6.0	0.59754	0.9113645174625653	42171.0
74	8.0	0.5337	0.7219129327032515	55071.0
75	13.0	0.56024	0.8256234272638157	47462.0
76	9.0	0.55208	0.8067721995056033	48998.0
77	9.0	0.52068	0.769444002589602	48519.0
78	2.0	0.531	0.6944069746597699	50357.0
79	8.0	0.55216	0.770077180849033	44496.0
80	8.0	0.57182	0.852447078336356	34304.0
81	3.0	0.58908	0.8228380872254477	46142.0
82	7.0	0.5341400000000001	0.7414771535222464	50777.0
83	3.0	0.53892	0.7457668202041691	55183.0
84	11.0	0.52976	0.7218302062568245	58415.0
85	6.0	0.53548	0.7100147715983536	50023.0
86	5.0	0.5445600000000002	0.7396458012227389	53731.0
87	7.0	0.5697800000000001	0.8742137711810041	51554.0
88	8.0	0.52616	0.8117360091767162	44560.0
89	3.0	0.54572	0.7411720047971404	47449.0
90	3.0	0.57386	0.8208678007206603	51858.0
91	1.0	0.5543199999999999	0.8194895460376378	50781.0
92	5.0	0.52666	0.725450785000985	51652.0
93	5.0	0.5545399999999999	0.8516219814210979	46692.0
94	5.0	0.5318999999999999	0.8019791488580631	54093.0
95	3.0	0.50512	0.7049648920428714	52283.0
96	9.0	0.51414	0.6708149591831505	56696.0
97	7.0	0.5200400000000001	0.6194336573781	54462.0
98	6.0	0.52564	0.7446448943710858	55364.0
99	10.0	0.52902	0.8134127131506949	55416.0
100	5.0	0.56328	0.8691370324846721	42561.0
101	5.0	0.5763199999999999	0.946776045433948	42998.0
102	12.0	0.6006	0.964778890551802	45012.0
103	13.0	0.49942	0.7113716021145736	49719.0
104	8.0	0.53542	0.8784014788669873	47126.0
105	12.0	0.54292	0.860622726123659	47454.0
106	10.0	0.52624	0.8310425946548295	55184.0
107	9.0	0.4994199999999999	0.8106441921232211	51057.0
108	1.0	0.49278000000000005	0.768573213141898	51900.0
109	8.0	0.52532	0.7948764343870652	51815.0
110	5.0	0.5069400000000001	0.7462131152345587	49588.0
111	9.0	0.52558	0.7742589582727575	43145.0
112	17.0	0.4582199999999999	0.8669482401368503	43841.0
113	8.0	0.5567	0.8439946184416629	43385.0
114	4.0	0.51526	0.6855512697374403	49567.0
115	2.0	0.53088	0.7096953945880551	53656.0
116	5.0	0.55732	0.7559875515353699	52324.0
117	9.0	0.5439800000000001	0.7311697775190281	50139.0
118	13.0	0.546	0.8813290742739726	49810.0
119	12.0	0.51952	0.9140731841512544	55410.0
120	10.0	0.5013	0.8762137566598106	51471.0
121	7.0	0.4603399999999999	0.9023961419884471	50511.0
122	12.0	0.47015999999999997	0.8124668794352825	51699.0
123	5.0	0.4578400000000001	0.83629652755745	48362.0
124	6.0	0.56462	0.905680176536303	34031.0
125	15.0	0.5056200000000001	0.8513120745169415	40954.0
126	6.0	0.48603999999999997	0.6855644254000296	46234.0
127	7.0	0.5380999999999999	0.7319094290160825	46115.0
128	4.0	0.52526	0.7820668072527032	48273.0
129	6.0	0.5369999999999999	0.7868679528525588	56208.0
130	3.0	0.51262	0.7449077486754275	50455.0
131	9.0	0.4626400000000001	0.7107961161313098	43504.0
132	11.0	0.4392199999999999	0.7166726484838726	48466.0
133	6.0	0.50052	0.7843147106896083	54234.0
134	4.0	0.53722	0.8815916872615713	50687.0
135	2.0	0.5029000000000001	0.7700873457234164	49301.0
136	5.0	0.46918000000000004	0.7994963077896322	49078.0
137	8.0	0.4638400000000001	0.7573094868771258	49742.0
138	10.0	0.43945999999999996	0.7883776451094561	36597.0
139	10.0	0.43089999999999995	0.8270496834095981	35290.0
140	6.0	0.43226	0.4821009641425395	17390.0
141	7.0	0.43279999999999996	0.6782145541870553	34334.0
142	6.0	0.46234000000000003	0.7902720043134358	38390.0
143	15.0	0.4781	0.7541682295287033	40786.0
144	5.0	0.47017999999999993	0.775646723439093	38834.0
145	7.0	0.48717999999999995	0.7640669554885876	43174.0
146	5.0	0.45683999999999997	0.3958838388090773	8648.0
147	2.0	0.03632	0.06410329774109398	4012.0
148	10.0	0.5035000000000001	0.7783432908792718	47946.0
149	9.0	0.49854	0.7545244695441066	48123.0
150	5.0	0.5409000000000002	0.8153417085973474	67824.0
151	5.0	0.5419200000000001	0.8309474923486715	56531.0
152	7.0	0.52088	0.7622893693517969	52470.0
153	8.0	0.5726200000000001	0.8607997713598288	41659.0
154	2.0	0.5428399999999999	0.8117341149829004	56153.0
155	8.0	0.52308	0.7998233093660435	50220.0
156	6.0	0.47394000000000003	0.7898273366466754	43981.0
157	9.0	0.4909200000000001	0.7513072867705662	49823.0
158	11.0	0.57482	0.8437826773929072	47938.0
159	7.0	0.6013	0.8804850583353412	50348.0
160	11.0	0.52844	0.8397289371494491	59406.0
161	9.0	0.50286	0.7693756439251649	56973.0
162	7.0	0.5107	0.7533776359207022	57086.0
163	9.0	0.5179600000000001	0.8124409229945079	48273.0
164	5.0	0.51362	0.7022311845525845	52387.0
165	5.0	0.51142	0.6773229718207532	55409.0
166	4.0	0.5128199999999999	0.6599786547036647	45993.0
167	4.0	0.5341600000000001	0.6463752659997449	41461.0
168	9.0	0.51598	0.652763553149932	53060.0
169	3.0	0.527	0.7037460670569615	52550.0
170	21.0	0.4656	0.8575123212787087	43652.0
171	9.0	0.5544	0.7796039226733795	53614.0
172	2.0	0.52486	0.7005783606777809	55650.0
173	6.0	0.40290000000000004	0.607969814147358	34724.0
174	2.0	0.12818000000000002	0.18535052448874667	11341.0
175	8.0	0.4829800000000001	0.8259748029273953	44105.0
176	3.0	0.4468	0.7637741317413543	36215.0
177	7.0	0.49413999999999997	0.18632333056247233	7082.0
178	9.0	0.44214000000000003	0.7502182557407286	33245.0
179	15.0	0.45734	0.8481523714393528	37202.0
180	2.0	0.4551199999999999	0.8277492324624711	26658.0
181	8.0	0.46724000000000004	0.9216586747340779	29799.0
182	4.0	0.48332	0.7262436821169722	34264.0
183	9.0	0.47991999999999996	0.6853431592657162	42199.0
184	12.0	0.44526	0.7215464897117685	42936.0
185	6.0	0.43940000000000007	0.8328165666255073	34479.0
186	8.0	0.42158	0.7784170893723563	34651.0
187	13.0	0.44079999999999997	0.7915928588730186	32303.0
188	12.0	0.43102	0.7725714821934837	33388.0
189	17.0	0.40230000000000005	0.8769257796268337	31380.0
190	13.0	0.43936	0.7781540815315728	33895.0
191	20.0	0.41786	0.7669760247473406	33757.0
192	8.0	0.4368200000000001	0.7885000729490222	36085.0
193	14.0	0.4399	0.7306316814057903	39237.0
194	12.0	0.44702	0.708404787079651	46194.0
195	13.0	0.44244	0.6996098888393429	44777.0
196	17.0	0.431	0.6405435980258429	36714.0
197	10.0	0.44784	0.7111497066453921	43833.0
198	10.0	0.5020200000000001	0.7320320992356463	48570.0
199	6.0	0.5212199999999999	0.8220773951124244	54847.0
200	9.0	0.50624	0.7575692361774633	52650.0
201	12.0	0.50308	0.8098935426811047	51515.0
202	7.0	0.5124399999999999	0.8360477488993193	53665.0
203	3.0	0.5070600000000001	0.783420457983003	53178.0
204	6.0	0.54198	0.8216038590814783	47723.0
205	5.0	0.49437999999999993	0.7820961683424837	48419.0
206	6.0	0.50696	0.7505785391055747	51785.0
207	6.0	0.52664	0.7315090378240644	62606.0
208	4.0	0.56436	0.8106636857795371	56778.0
209	6.0	0.528	0.6766677259655514	54345.0
210	5.0	0.54546	0.8190134020384741	54097.0
211	1.0	0.5193599999999999	0.6989578492763188	51862.0
212	8.0	0.5181	0.7204052581536605	57254.0
213	5.0	0.53696	0.7502561409744064	60795.0
214	8.0	0.5093	0.6967963312682849	58591.0
215	10.0	0.5099199999999999	0.8167038682598906	48984.0
216	5.0	0.5196599999999999	0.7422715437538017	62996.0
217	7.0	0.52022	0.8031218680861124	59015.0
218	7.0	0.54518	0.8517554633108494	54334.0
219	10.0	0.5183599999999999	0.7446280847925714	58650.0
220	7.0	0.5406200000000001	0.7910936042521824	53857.0
221	5.0	0.5100000000000001	0.7304740749918127	52808.0
222	6.0	0.53044	0.8623584093275477	46821.0
223	9.0	0.5107400000000001	0.7496881409721086	54152.0
224	1.0	0.51484	0.711551050762019	56168.0
225	4.0	0.5146200000000001	0.7296162947737813	52543.0
226	3.0	0.5447000000000001	0.8096816219197551	48659.0
227	4.0	0.52394	0.7283096724062725	50264.0
228	7.0	0.4919599999999999	0.7284350656140357	58629.0
229	7.0	0.5388000000000001	0.8057038099788474	58442.0
230	4.0	0.51636	0.7222934189156307	50447.0
231	5.0	0.55274	0.8119028419673031	47047.0
232	4.0	0.52246	0.7557103014035802	60160.0
233	8.0	0.5236800000000001	0.7442320705448129	60269.0
234	7.0	0.45969999999999994	0.7131932506230007	45703.0
235	10.0	0.45277999999999996	0.758465658747261	42274.0
236	11.0	0.45050000000000007	0.7627543850721192	50164.0
237	14.0	0.40989999999999993	0.8073548942381615	42278.0
238	12.0	0.42892	0.7331971012378369	42204.0
239	27.0	0.4480199999999999	0.7466195518777146	46912.0
240	12.0	0.43854	0.5573262332098494	39942.0
241	21.0	0.45126000000000005	0.7251784102013175	36990.0
242	8.0	0.43908	0.6298718311044397	35241.0
243	6.0	0.46128	0.7216683620065538	39362.0
244	12.0	0.4443600000000001	0.7214541955994181	36825.0
245	17.0	0.45652000000000004	0.7833174516663245	40823.0
246	11.0	0.42824000000000007	0.7653606867938476	36063.0
247	9.0	0.42628000000000016	0.8025461776070548	34538.0
248	10.0	0.45208	0.7531333752653613	46521.0
249	10.0	0.43288	0.7428385757241069	40804.0
250	9.0	0.41529999999999995	0.668809391520297	35194.0
251	7.0	0.43644000000000005	0.7271219777156724	39738.0
252	11.0	0.4395199999999999	0.7527921312324384	41387.0
253	7.0	0.47262	0.6995826970107709	57160.0
254	5.0	0.45721999999999996	0.7041794479070841	46661.0
255	4.0	0.5429	0.7648890359886725	55759.0
256	7.0	0.53706	0.8097822119678225	52441.0
257	9.0	0.55474	0.7933682037839566	58684.0
258	10.0	0.5421199999999999	0.7982480760929267	56240.0
259	3.0	0.52306	0.795904107458215	54252.0
260	5.0	0.5212600000000001	0.7638682066678707	53984.0
261	1.0	0.5268	0.745665476501084	54490.0
262	7.0	0.5440600000000001	0.9643653789137484	46780.0
263	10.0	0.5538000000000001	0.9450012330649596	44958.0
264	1.0	0.5646800000000001	0.879718841218869	55357.0
265	5.0	0.53794	0.7010541918763586	54530.0
266	4.0	0.53338	0.7615405983072839	51400.0
267	9.0	0.50328	0.8326958744949354	53044.0
268	5.0	0.46843999999999997	0.855968219906028	49693.0
269	5.0	0.47094	0.8132124144875121	49638.0
270	9.0	0.4667	0.8204868216557031	45757.0
271	16.0	0.45915999999999996	0.8649664967912045	46706.0
272	14.0	0.4457	0.8557896554894121	43551.0
273	9.0	0.4536	0.822954812195363	47090.0
274	8.0	0.4788400000000001	0.7681233641443334	46945.0
275	9.0	0.45596000000000003	0.7634983295734962	48900.0
276	8.0	0.48200000000000004	0.6908939727333473	53387.0
277	4.0	0.5174599999999999	0.7555349503695038	56817.0
278	6.0	0.53628	0.7326928452311449	55864.0
279	5.0	0.5634600000000001	0.8444790162117873	61646.0
280	7.0	0.5371	0.780766075346306	51928.0
281	2.0	0.5624599999999998	0.8133836101849413	51769.0
282	2.0	0.49662	0.7289337433108	55464.0
283	5.0	0.53314	0.7650733631748687	57760.0
284	5.0	0.5368399999999999	0.7974622550320263	54538.0
285	3.0	0.5515	0.849023889099711	49327.0
286	5.0	0.51188	0.5119701456154031	51806.0
287	7.0	0.50946	0.5617870942942743	55829.0
288	5.0	0.50034	0.6409161481178008	53298.0
289	5.0	0.5095	0.69183145120567	61263.0
290	10.0	0.5405800000000001	0.7551991822806083	58085.0
291	1.0	0.54294	0.7961842395613421	48945.0
292	7.0	0.51192	0.7395479984226893	58332.0
293	6.0	0.53634	0.7487559616069452	55579.0
294	13.0	0.46065999999999996	0.7330955355143229	48611.0
295	10.0	0.44111999999999996	0.7985552750008137	44688.0
296	15.0	0.46299999999999997	0.8538845898678292	46996.0
297	11.0	0.4796599999999999	0.7192778457544557	48697.0
298	14.0	0.41978000000000004	0.81740954416661	42639.0
299	14.0	0.40613999999999995	0.7936650688637118	40558.0
300	16.0	0.40368000000000004	0.8255161888864477	34763.0
301	8.0	0.46016000000000007	0.8050539105084796	38785.0
302	7.0	0.46422	0.8355988878536027	37713.0
303	5.0	0.44976	0.8027819126239127	47936.0
304	17.0	0.51058	0.8470353576253941	45967.0
305	6.0	0.5072	0.8428894152875417	47263.0
306	8.0	0.54044	0.757052595133438	48696.0
307	9.0	0.52658	0.9622804272442542	41676.0
308	10.0	0.4737200000000001	0.8130037312441843	50889.0
309	5.0	0.50814	0.7177626799232476	49230.0
310	9.0	0.52718	0.8691017267960226	47066.0
311	10.0	0.5366200000000001	0.8398621238803828	48778.0
312	6.0	0.48062	0.7104359292865421	43435.0
313	6.0	0.48854	0.8124759262952544	48853.0
314	14.0	0.4512	0.7592902030435963	41121.0
315	10.0	0.47178	0.867619434618785	34801.0
316	7.0	0.41613999999999995	0.7903767950324845	37154.0
317	11.0	0.43341999999999997	0.8431991104316229	39096.0
318	10.0	0.46674000000000004	0.7814221989001756	48301.0
319	9.0	0.45331999999999995	0.7528260003073363	48051.0
320	15.0	0.45714000000000005	0.8258640514710106	36048.0
321	10.0	0.42418	0.8600608121733915	37862.0
322	12.0	0.5160399999999999	0.8695182074437106	53140.0
323	9.0	0.49676000000000003	0.8292759957055459	55157.0
324	13.0	0.51204	0.7800126217742857	50314.0
325	4.0	0.50184	0.7266277493241576	55247.0
326	11.0	0.5218600000000001	0.8526010774161995	52316.0
327	6.0	0.5028200000000002	0.7645631601003913	52890.0
328	6.0	0.5162	0.7613316380418458	52730.0
329	14.0	0.5118600000000001	0.8711064592439134	52252.0
330	9.0	0.4953	0.8610068949221857	50725.0
331	9.0	0.49798000000000003	0.7541080470593408	53870.0
332	8.0	0.5332399999999999	0.7871607799733368	47738.0
333	6.0	0.52266	0.8376686994041472	57820.0
334	12.0	0.50316	0.9136533261753006	48273.0
335	8.0	0.49357999999999996	0.7568992183069785	56489.0
336	8.0	0.47875999999999996	0.6940884546177971	56855.0
337	5.0	0.48002	0.7721102960893454	50105.0
338	6.0	0.48334000000000005	0.7363682424163025	54742.0
339	6.0	0.53388	0.8683139571036522	50761.0
340	7.0	0.5230600000000001	0.8421755831399357	57960.0
341	9.0	0.48088000000000003	0.7035386612540045	50741.0
342	5.0	0.5177	0.7814357518084184	56633.0
343	5.0	0.50982	0.8506767385319555	60145.0
344	3.0	0.51642	0.7981360591873654	55532.0
345	7.0	0.5077200000000001	0.7620725216227472	56065.0
346	1.0	0.5541	0.8092336091972908	58663.0
347	3.0	0.55152	0.7506290698172938	58689.0
348	9.0	0.5698000000000001	0.8343352067095298	61746.0
349	5.0	0.51746	0.7069965898153222	57816.0
350	6.0	0.51946	0.7116205089993388	57996.0
351	3.0	0.51962	0.7641475274806885	58336.0
352	7.0	0.52886	0.7431169910263563	62099.0
353	5.0	0.5180799999999999	0.7547243417218789	54152.0
354	6.0	0.5075	0.7685349167670873	53507.0
355	6.0	0.52714	0.8094810351998989	48726.0
356	12.0	0.51618	0.7633765220819317	53127.0
357	6.0	0.5333	0.7777889488572303	53167.0
358	6.0	0.52896	0.759041907334195	58741.0
359	6.0	0.53998	0.7756597975551156	58394.0
360	6.0	0.4963	0.6388671652046211	50960.0
361	7.0	0.56116	0.8014419396587509	61307.0
362	4.0	0.53344	0.7380741708651634	56148.0
363	2.0	0.51118	0.7435414493622308	59642.0
364	2.0	0.53974	0.8056284407800881	59451.0
365	10.0	0.54668	0.7684702950196699	55758.0
366	8.0	0.54642	0.8075936162182192	58655.0
367	6.0	0.55	0.7961581352603925	69946.0
368	4.0	0.54086	0.7973848475798165	59872.0
369	0.0	0.51914	0.748778843659802	61208.0
370	4.0	0.58604	0.8498833617240334	50360.0
371	8.0	0.5613199999999999	0.9175190075895934	56059.0
372	9.0	0.5448999999999999	0.8263479645527502	58410.0
373	10.0	0.51898	0.737894364023563	58311.0
374	4.0	0.5683799999999999	0.8260904846954935	52473.0
375	8.0	0.5555599999999999	0.8508489588767283	55323.0
376	3.0	0.54488	0.8303723699386315	57203.0
377	7.0	0.5852	0.9093917466903436	40504.0
378	5.0	0.5128	0.7610287755866363	53255.0
379	11.0	0.5601	0.8849730646689958	47397.0
380	4.0	0.57604	0.8190790583204528	48475.0
381	6.0	0.5159400000000001	0.7195871860813959	56334.0
382	8.0	0.50088	0.8171328134312303	53203.0
383	6.0	0.51774	0.827818165411879	65360.0
384	5.0	0.52608	0.7983070452379716	58298.0
385	4.0	0.54372	0.7791001367095314	57793.0
386	7.0	0.53342	0.8177464306072495	52440.0
387	4.0	0.53294	0.8412867798096645	51727.0
388	6.0	0.51274	0.8040055474007111	52082.0
389	6.0	0.5353	0.7660132400650331	63392.0
390	5.0	0.48919999999999997	0.8413632188829312	56093.0
391	5.0	0.505	0.8875070376867094	53380.0
392	7.0	0.55818	0.8954127311370669	50638.0
393	4.0	0.5491	0.811775652121073	45373.0
394	7.0	0.5142	0.7833282298161149	47022.0
395	4.0	0.5085	0.7928360223436187	48900.0
396	13.0	0.44400000000000006	0.6925604583266377	41248.0
397	12.0	0.48814	0.7724967520648542	45279.0
398	23.0	0.40506	0.6692005715822641	29010.0
399	13.0	0.39913999999999994	0.7225017030127607	32853.0
400	28.0	0.3954400000000001	0.6371018826014518	34008.0
401	12.0	0.42945999999999995	0.7397909897487257	30866.0
402	21.0	0.41638	0.8123571470520711	25746.0
403	14.0	0.4359200000000001	0.689347397378906	25136.0
404	13.0	0.40050000000000013	0.6615512302876175	19329.0
405	12.0	0.44292000000000004	0.5656408817933954	20594.0
406	17.0	0.40218	0.6745889172253186	21364.0
407	18.0	0.41302	0.6577038622698539	23796.0
408	17.0	0.38461999999999996	0.7167358835079831	16693.0
409	11.0	0.40946	0.7270642396716195	20464.0
410	6.0	0.1725	0.21952936289660654	3193.0
411	10.0	0.21177999999999997	0.230113321009833	1350.0
412	13.0	0.39718	0.727003899294371	7803.0
413	22.0	0.42256	0.5884432564121379	8345.0
414	15.0	0.4093	0.6543158383773137	14472.0
415	17.0	0.4033	0.7328931683141912	22517.0
416	17.0	0.39332000000000006	0.6777055264907058	18516.0
417	20.0	0.3816600000000001	0.7353635209270853	19918.0
418	17.0	0.39942	0.6129217872697453	24130.0
419	16.0	0.39358000000000004	0.6404410333776837	21825.0
420	18.0	0.38856	0.59864648566709	20090.0
421	5.0	0.45910000000000006	0.8965047789088062	14893.0
422	12.0	0.38844	0.7822565910503861	22668.0
423	16.0	0.42546000000000006	0.6852209306559419	29336.0
424	23.0	0.38542000000000004	0.7529675068060603	28469.0
425	11.0	0.39934	0.7434647357846526	31438.0
426	17.0	0.40869999999999995	0.7309105921982761	33580.0
427	21.0	0.39319999999999994	0.762668261272991	27421.0
428	17.0	0.40568000000000004	0.7821317045044299	25351.0
429	20.0	0.3825	0.7750251005419853	26083.0
430	14.0	0.41662	0.6698457055942361	28175.0
431	33.0	0.38721999999999995	0.7123153910952478	24590.0
432	22.0	0.41194000000000003	0.7603105563527629	29828.0
433	9.0	0.45886000000000005	0.7553337070056589	35202.0
434	16.0	0.4048400000000001	0.7170925532486988	28830.0
435	10.0	0.45447999999999994	0.7615531203209666	43101.0
436	13.0	0.39887999999999996	0.6927901537899408	31153.0
437	16.0	0.42056000000000004	0.6934679139874903	31081.0
438	21.0	0.39764000000000005	0.7312851214437349	29146.0
439	31.0	0.4018	0.7659145900120419	27121.0
440	9.0	0.44623999999999997	0.7264559459016512	27740.0
441	19.0	0.4293	0.7255716600315741	22144.0
442	15.0	0.39586000000000005	0.7389585554130345	18598.0
443	24.0	0.38644000000000006	0.5743769175113184	17236.0
444	11.0	0.43242	0.7374840529069588	21251.0
445	13.0	0.38642000000000004	0.7884032203820119	15919.0
446	21.0	0.38933999999999996	0.6653004134031567	18238.0
447	28.0	0.36888000000000004	0.6943781739034505	15688.0
448	10.0	0.42234	0.6655057251156565	19630.0
449	44.0	0.38888	0.67623848973772	17112.0
450	16.0	0.43516000000000005	0.719653721300518	18354.0
451	19.0	0.3883	0.5129818339264158	16057.0
452	17.0	0.41348	0.7977586167220562	17579.0
453	33.0	0.41866	0.8815319805136511	17451.0
454	13.0	0.42590000000000006	0.801897829246066	20456.0
455	14.0	0.46159999999999995	0.7015582610356824	19083.0
456	17.0	0.42914	0.6359189530148683	18140.0
457	19.0	0.3995	0.5915888016136734	14215.0
458	45.0	0.41101999999999994	0.6828299376722556	16033.0
459	9.0	0.43079999999999996	0.7107993123739037	20969.0
460	20.0	0.40432	0.7931139060581851	18945.0
461	21.0	0.41187999999999986	0.8356497970739226	16125.0
462	13.0	0.4101200000000001	0.6561701915774196	14021.0
463	19.0	0.38211999999999996	0.6804939352627203	16556.0
464	9.0	0.4530799999999999	0.7530080888322047	19637.0
465	9.0	0.44555999999999996	0.7794740431920525	21918.0
466	19.0	0.39049999999999996	0.722901429884121	15648.0
467	16.0	0.41738	0.6835452058670886	18121.0
468	11.0	0.41690000000000005	0.7868084879150461	19947.0
469	10.0	0.43135999999999997	0.7582550071481156	20220.0
470	34.0	0.4002799999999999	0.7623376669371461	16815.0
471	12.0	0.41778	0.7859208887919932	17881.0
472	14.0	0.42688000000000004	0.624225275135426	19475.0
473	15.0	0.39104	0.8250276596915849	15682.0
474	8.0	0.4464000000000001	0.761171953898052	20039.0
475	16.0	0.4084400000000001	0.6631721142326638	19037.0
476	25.0	0.38164000000000003	0.7352455093563087	18550.0
477	9.0	0.42107999999999995	0.7289765812759762	24670.0
478	14.0	0.40105999999999997	0.7488119655038015	24227.0
479	11.0	0.41491999999999996	0.8012002158965821	22299.0
480	20.0	0.39270000000000005	0.7779725566821657	17767.0
481	13.0	0.43756000000000006	0.7612410721165108	19400.0
482	28.0	0.38792000000000004	0.7672688658605037	17722.0
483	15.0	0.4416199999999999	0.7819058774833071	21582.0
484	3.0	0.4519999999999999	0.7373321394359987	26315.0
485	12.0	0.4051199999999999	0.7034314120556128	23646.0
486	20.0	0.38040000000000007	0.6986109186464371	18171.0
487	51.0	0.40928	0.7431476660321945	13553.0
488	54.0	0.37510000000000004	0.6794602955295898	10183.0
489	69.0	0.37510000000000004	0.737734694363779	8923.0
490	128.0	0.36595999999999995	0.8259027859820929	8675.0
491	59.0	0.37116	0.5652657956502646	17862.0
492	1.0	0.24352000000000001	0.08355678334285048	1685.0
493	0.0	0.0	0.0	0.0
494	0.0	0.0	0.0	0.0
495	0.0	0.0	0.0	0.0
496	0.0	0.0	0.0	0.0
497	0.0	0.0	0.0	0.0
498	0.0	0.0	0.0	0.0
499	0.0	0.0	0.0	0.0
500	0.0	0.0	0.0	0.0
501	0.0	0.0	0.0	0.0
502	0.0	0.0	0.0	0.0
503	0.0	0.0	0.0	0.0
504	0.0	0.0	0.0	0.0
505	0.0	0.0	0.0	0.0
506	0.0	0.0	0.0	0.0
507	0.0	0.0	0.0	0.0
508	0.0	0.0	0.0	0.0
509	0.0	0.0	0.0	0.0
510	0.0	0.0	0.0	0.0
511	0.0	0.0	0.0	0.0
512	0.0	0.0	0.0	0.0
513	0.0	0.0	0.0	0.0
514	0.0	0.0	0.0	0.0
515	0.0	0.0	0.0	0.0
516	0.0	0.0	0.0	0.0
517	0.0	0.0	0.0	0.0
518	0.0	0.0	0.0	0.0
519	0.0	0.0	0.0	0.0
520	0.0	0.0	0.0	0.0
521	0.0	0.0	0.0	0.0
522	0.0	0.0	0.0	0.0
523	0.0	0.0	0.0	0.0
524	0.0	0.0	0.0	0.0
525	0.0	0.0	0.0	0.0
526	0.0	0.0	0.0	0.0
527	0.0	0.0	0.0	0.0
528	0.0	0.0	0.0	0.0
529	0.0	0.0	0.0	0.0
530	0.0	0.0	0.0	0.0
531	0.0	0.0	0.0	0.0
532	0.0	0.0	0.0	0.0
533	0.0	0.0	0.0	0.0
534	0.0	0.0	0.0	0.0
535	0.0	0.0	0.0	0.0
536	0.0	0.0	0.0	0.0
537	0.0	0.0	0.0	0.0
538	0.0	0.0	0.0	0.0
539	0.0	0.0	0.0	0.0
540	0.0	0.0	0.0	0.0
541	0.0	0.0	0.0	0.0
542	0.0	0.0	0.0	0.0
543	0.0	0.0	0.0	0.0
544	0.0	0.0	0.0	0.0
545	0.0	0.0	0.0	0.0
546	0.0	0.0	0.0	0.0
547	0.0	0.0	0.0	0.0
548	0.0	0.0	0.0	0.0
549	0.0	0.0	0.0	0.0
550	0.0	0.0	0.0	0.0
551	0.0	0.0	0.0	0.0
552	0.0	0.0	0.0	0.0
553	0.0	0.0	0.0	0.0
554	3.0	0.13582	0.20180769798475812	471358.0
555	18.0	0.36638	0.5443630623756798	15819.0
556	35.0	0.36533999999999994	0.583959727557817	15497.0
557	22.0	0.36306	0.6257993258207465	15797.0
558	71.0	0.3618599999999999	0.643623038968066	10074.0
559	99.0	0.36744	0.6584352188366565	11069.0
560	96.0	0.36352000000000007	0.825315163026828	9021.0
561	90.0	0.37014	0.7463907437124888	8894.0
562	42.0	0.41038	0.7559655224993981	7505.0
563	14.0	0.40346	0.8086451805862404	14626.0
564	6.0	0.42954000000000003	0.9259603787352134	13457.0
565	6.0	0.42822000000000005	0.9080490375421622	27289.0
566	18.0	0.41564	0.7823956733321015	22589.0
567	11.0	0.45198	0.8985236535940283	23886.0
568	21.0	0.40428	0.8469943301954836	18709.0
569	20.0	0.38682	0.9470926381077301	19755.0
570	14.0	0.44420000000000004	0.8341083726442028	25199.0
571	11.0	0.40342000000000006	0.8482771498212526	25409.0
572	18.0	0.42242	0.9317432704861824	22638.0
573	18.0	0.4293399999999999	0.7964991853964463	25776.0
574	12.0	0.43520000000000003	0.9645755948976795	26755.0
575	14.0	0.42228	0.8337497058096578	25902.0
576	19.0	0.42507999999999996	0.9168335228526399	31416.0
577	14.0	0.4331599999999999	0.9484135370631805	33602.0
578	22.0	0.44317999999999996	0.8613295051780677	39657.0
579	17.0	0.45904000000000006	0.9080442846157456	44278.0
580	11.0	0.41534000000000004	0.8741286747541315	39589.0
581	22.0	0.46588	0.9375102324909574	46997.0
582	20.0	0.42977999999999994	0.8728876891058486	41779.0
583	17.0	0.37248000000000003	0.8492485075385474	31519.0
584	22.0	0.40568	0.8753231556826746	31369.0
585	15.0	0.3697	0.7905890355691417	24789.0
586	17.0	0.44112	0.9414570518475655	31167.0
587	18.0	0.47253999999999996	0.9576245029998686	35384.0
588	11.0	0.45346000000000003	0.8843148194616978	33228.0
589	14.0	0.4622	0.9422560917038694	34426.0
590	14.0	0.48898	0.9324257385563831	38330.0
591	19.0	0.47088	0.9518473898844017	31272.0
592	14.0	0.45811999999999997	0.8429211150016396	29751.0
593	14.0	0.40754000000000007	0.8793258395815824	32132.0
594	11.0	0.4465399999999999	0.7183221522325215	36741.0
595	13.0	0.47162	0.963014704602385	30788.0
596	21.0	0.43700000000000006	0.8529594733045762	29669.0
597	13.0	0.4932600000000001	0.9473745934868171	33468.0
598	9.0	0.51114	0.9411115485863163	32242.0
599	13.0	0.45924	0.835406397382626	31664.0
600	10.0	0.5328	0.9070164658662881	33658.0
601	17.0	0.47389999999999993	0.8991611231943476	46204.0
602	4.0	0.4882999999999999	0.8663240138205935	50080.0
603	2.0	0.52806	0.8867422116600232	49126.0
604	10.0	0.48909999999999987	0.873107781827278	46283.0
605	7.0	0.51374	0.8182031050594938	52077.0
606	13.0	0.49392	0.8359836860252988	47030.0
607	4.0	0.5034000000000001	0.7667826413691413	42458.0
608	13.0	0.43906000000000006	0.7908244966344138	40232.0
609	13.0	0.34817999999999993	0.9455172970493682	33319.0
610	10.0	0.3852999999999999	0.9141901179296276	37542.0
611	17.0	0.52102	0.9605441574658387	40366.0
612	8.0	0.49632000000000004	0.8766131300737997	34682.0
613	15.0	0.44386000000000003	0.7748484435509646	30733.0
614	8.0	0.47284	0.944225183261171	32344.0
615	16.0	0.46336	0.9581762187592436	30339.0
616	16.0	0.47178	0.9712439079213047	33971.0
617	12.0	0.47074	0.9367126668650265	30263.0
618	12.0	0.45842000000000005	0.9387727654429164	34031.0
619	11.0	0.45940000000000003	0.9108031341915671	29299.0
620	18.0	0.4654200000000001	0.9593578583642566	33899.0
621	15.0	0.47194	0.9574133143666906	33158.0
622	17.0	0.44240000000000007	0.9339585024703176	34559.0
623	14.0	0.47294	0.949852096366722	35310.0
624	15.0	0.46413999999999994	0.9547976411488788	31368.0
625	10.0	0.42874	0.9419387291308857	22453.0
626	13.0	0.42473999999999995	0.9422423605875998	29539.0
627	19.0	0.4501000000000001	0.9750365919300212	28397.0
628	18.0	0.4304	0.9761150617300584	24821.0
629	13.0	0.3944599999999999	0.9679403995000797	25614.0
630	14.0	0.405	0.9541049425957845	26189.0
631	14.0	0.44412000000000007	0.961606148993862	26797.0
632	15.0	0.45758000000000004	0.9604478322136567	30651.0
633	14.0	0.41036	0.9725540363962706	25168.0
634	10.0	0.42568000000000006	0.9399023209698193	24663.0
635	14.0	0.47986000000000006	0.9661493417527172	27407.0
636	7.0	0.48217999999999994	0.984954249803292	24567.0
637	10.0	0.46077999999999997	0.937336252720219	32421.0
638	13.0	0.42176	0.9433458092987544	27329.0
639	11.0	0.42601999999999995	0.8824042771232639	24438.0
640	17.0	0.4469000000000001	0.9422693761321912	27012.0
641	10.0	0.44266000000000005	0.9442858484197125	30869.0
642	17.0	0.44432000000000005	0.9220253424627869	30966.0
643	13.0	0.42618	0.9340293796406852	26275.0
644	20.0	0.41534	0.9622646684728067	22651.0
645	11.0	0.4225000000000001	0.9390103858075065	26053.0
646	6.0	0.40657999999999994	0.9314298319046475	23740.0
647	22.0	0.41554	0.9420334786753352	23483.0
648	17.0	0.40324	0.9230984340454815	28111.0
649	15.0	0.43294	0.9603360575411795	25010.0
650	15.0	0.45182	0.953443408315609	31191.0
651	17.0	0.46453999999999995	0.9268569662324329	30545.0
652	18.0	0.40544	0.9271697902454361	28061.0
653	14.0	0.46384000000000003	0.8619527514171327	35119.0
654	10.0	0.45217999999999997	0.9285728385781454	33859.0
655	12.0	0.41832	0.8671084561430416	38944.0
656	3.0	0.44572	0.8890225829820518	46738.0
657	22.0	0.41684000000000004	0.8957294295732134	42806.0
658	17.0	0.40006	0.881150016420131	41710.0
659	14.0	0.4012199999999999	0.9052354841379627	31130.0
660	15.0	0.43026000000000003	0.8302171102828619	40357.0
661	19.0	0.45524000000000003	0.7185175067874306	42430.0
662	7.0	0.49198000000000003	0.7997703134014497	50390.0
663	8.0	0.4794	0.7217468166513373	54361.0
664	6.0	0.45514000000000004	0.7344685750297946	40240.0
665	16.0	0.42956000000000005	0.7567098725837533	41115.0
666	7.0	0.45826	0.7446034809611392	43504.0
667	12.0	0.46631999999999996	0.8766907106542889	45104.0
668	9.0	0.45744000000000007	0.8137993862678898	43363.0
669	13.0	0.48224000000000006	0.61503579158401	52511.0
670	5.0	0.47931999999999997	0.6178601855552908	51959.0
671	5.0	0.48296000000000006	0.759934919208084	52599.0
672	4.0	0.4748199999999999	0.7494326602660387	48440.0
673	10.0	0.524	0.8428848331380582	41791.0
674	4.0	0.5577399999999999	0.9244750597443265	40678.0
675	13.0	0.56266	0.9376434618761392	45011.0
676	9.0	0.43189999999999995	0.8513365994461723	42807.0
677	10.0	0.52832	0.9618416669080384	41925.0
678	8.0	0.52456	0.9515926176681655	41279.0
679	10.0	0.5143800000000001	0.9125439180089255	40423.0
680	10.0	0.5344199999999999	0.9046159296046226	39821.0
681	7.0	0.44602	0.8704207646459414	37363.0
682	8.0	0.4810600000000001	0.8817924065026514	34676.0
683	15.0	0.50472	0.915199926914649	39457.0
684	8.0	0.5160600000000001	0.9263182044164384	41874.0
685	7.0	0.54628	0.9419377257617755	45280.0
686	10.0	0.45384	0.8336543718152907	41126.0
687	15.0	0.4765	0.8609825173882385	40949.0
688	15.0	0.46454	0.8565706620181464	40481.0
689	23.0	0.39436	0.9131857430933241	31613.0
690	9.0	0.425	0.8614837007871443	41464.0
691	20.0	0.44322	0.795961092371379	43094.0
692	9.0	0.45061999999999997	0.778953036156725	47702.0
693	10.0	0.41678000000000004	0.8353017799201897	47768.0
694	7.0	0.44873999999999997	0.7901126458904518	50914.0
695	9.0	0.43701999999999996	0.8034531920730322	47093.0
696	15.0	0.4622	0.8397170711169601	46404.0
697	7.0	0.51962	0.8271997690743093	64373.0
698	10.0	0.42910000000000004	0.7982525325452718	42275.0
699	9.0	0.51044	0.8390429389270967	48662.0
700	23.0	0.41402	0.78661655546011	35582.0
701	11.0	0.45814	0.8022173924469936	36099.0
702	14.0	0.40396	0.7535106058231551	33885.0
703	20.0	0.4320800000000001	0.6860394164075913	31990.0
704	14.0	0.4201999999999999	0.8726145382472209	37099.0
705	8.0	0.43352	0.9240299232947479	41079.0
706	17.0	0.42524000000000006	0.9206315586050263	41595.0
707	20.0	0.42886	0.7481432861719307	40969.0
708	10.0	0.42556000000000005	0.8236499290009334	38209.0
709	9.0	0.49412	0.8455318432157757	46049.0
710	7.0	0.54834	0.8904610615853806	45951.0
711	9.0	0.52434	0.8530271782069511	56805.0
712	5.0	0.5436599999999999	0.9246529370565449	54360.0
713	9.0	0.44797999999999993	0.8568288169824714	52281.0
714	9.0	0.47644000000000003	0.8349192715924788	59064.0
715	12.0	0.5499	0.8989213833065259	45849.0
716	7.0	0.51806	0.8524449518639597	55531.0
717	6.0	0.46934	0.7876090144056699	49617.0
718	12.0	0.47554	0.8365556586066315	48064.0
719	7.0	0.48608000000000007	0.8667452690880456	48426.0
720	14.0	0.55036	0.9066771094440458	52341.0
721	11.0	0.48101999999999995	0.7235112654116199	48066.0
722	6.0	0.52558	0.8305163782130185	53380.0
723	10.0	0.5040800000000001	0.6958700629500014	51584.0
724	7.0	0.57696	0.9360555849105252	54693.0
725	4.0	0.5564800000000001	0.8441590633591805	50666.0
726	9.0	0.5073399999999999	0.7864453941535736	50591.0
727	7.0	0.5377200000000001	0.8393896856866613	59847.0
728	5.0	0.5098600000000001	0.7545958138937422	57409.0
729	14.0	0.52042	0.8132950355824807	52141.0
730	5.0	0.5160000000000001	0.8397314724588678	57001.0
731	6.0	0.51756	0.829013048137633	44874.0
732	8.0	0.53114	0.7514151344543407	53086.0
733	5.0	0.46540000000000004	0.6610015290858368	42288.0
734	15.0	0.45603999999999995	0.7746504626516659	39462.0
735	3.0	0.6228000000000001	0.1039148654405657	11163.0
736	7.0	0.44612000000000007	0.6675844348702187	24339.0
737	13.0	0.41620000000000007	0.832677008641608	31427.0
738	11.0	0.42193999999999987	0.7645137538936602	29581.0
739	11.0	0.4433	0.7170255806497492	35040.0
740	14.0	0.40001999999999993	0.8297026777982113	28062.0
741	8.0	0.42373999999999995	0.8310530590540296	30555.0
742	14.0	0.4075600000000001	0.806906346353883	23026.0
743	14.0	0.4223799999999999	0.7536614924716315	26784.0
744	10.0	0.40020000000000006	0.7806841940110334	26653.0
745	10.0	0.45032000000000005	0.6517959183574632	30403.0
746	20.0	0.41894	0.8137449072159821	25966.0
747	17.0	0.38400000000000006	0.8548915734975037	22131.0
748	14.0	0.38832	0.8595229890862945	21605.0
749	14.0	0.42596000000000006	0.8193792950763897	25181.0
750	14.0	0.44548000000000004	0.7082967761077148	30204.0
751	9.0	0.39358000000000004	0.8065644733325369	26927.0
752	15.0	0.41164	0.7045795590915526	24141.0
753	14.0	0.4077	0.7787596263599916	28732.0
754	12.0	0.42502	0.7789416999696189	30005.0
755	2.0	0.59356	0.23198298380522633	9589.0
756	14.0	0.43868000000000007	0.7405337041546824	23178.0
757	9.0	0.41646000000000005	0.8490432473436436	25086.0
758	16.0	0.38410000000000005	0.8410317197386283	24052.0
759	14.0	0.4189	0.8269008079440667	25652.0
760	7.0	0.43584	0.7923444475391268	27224.0
761	12.0	0.3914999999999999	0.9178625259658038	29493.0
762	7.0	0.40296	0.8303146620831735	26842.0
763	13.0	0.41878	0.7826086689870683	27507.0
764	12.0	0.3978800000000001	0.7715612257141352	31492.0
765	17.0	0.42351999999999995	0.7497342086426271	31725.0
766	10.0	0.44122	0.7115665018921941	30395.0
767	13.0	0.46501999999999993	0.7985753560189468	39779.0
768	7.0	0.46718	0.8104824502934398	46853.0
769	12.0	0.48141999999999996	0.8504987039135178	49572.0
770	10.0	0.49154000000000003	0.8619016726048199	47515.0
771	5.0	0.49928000000000006	0.8075285982484902	50334.0
772	9.0	0.5128	0.7692619203913853	56404.0
773	5.0	0.5324	0.8238229720265274	50891.0
774	7.0	0.54326	0.7832449549291971	54591.0
775	15.0	0.5178	0.8017535523342649	54244.0
776	8.0	0.5207200000000001	0.7803040708230551	62737.0
777	7.0	0.55132	0.8540084004510698	58683.0
778	7.0	0.52152	0.8275086411303899	60266.0
779	3.0	0.5267	0.8379485888463065	55013.0
780	9.0	0.49982	0.8011618469484255	56039.0
781	5.0	0.5220400000000001	0.7530587189509472	51411.0
782	5.0	0.50946	0.7607279647615952	65136.0
783	4.0	0.51542	0.8852954578762079	55739.0
784	4.0	0.5579	0.7763597050412858	47070.0
785	10.0	0.50558	0.6656478753716557	46576.0
786	6.0	0.52086	0.7350989043524256	51840.0
787	3.0	0.51686	0.7945296706724824	52837.0
788	9.0	0.52154	0.7291685636753855	58153.0
789	4.0	0.4764600000000001	0.7275014325409428	58702.0
790	4.0	0.48229999999999995	0.7403511830888055	59143.0
791	8.0	0.4832000000000001	0.7056002458422308	56181.0
792	9.0	0.5218600000000001	0.8644712831588943	49984.0
793	3.0	0.5593800000000001	0.8417182581782106	51455.0
794	6.0	0.48896	0.7466323703976211	54960.0
795	9.0	0.47822	0.7836880208679972	46225.0
796	9.0	0.5089199999999999	0.8616840257874355	58080.0
797	10.0	0.5285600000000001	0.8738732282123477	54814.0
798	4.0	0.5300600000000001	0.8225706812775829	58083.0
799	5.0	0.53196	0.8354295693836277	53402.0
800	11.0	0.47107999999999994	0.7874555997093431	55195.0
801	14.0	0.4095000000000001	0.8640173034553368	40752.0
802	16.0	0.40842	0.675156807893649	41779.0
803	14.0	0.42532000000000003	0.8033702341090774	38979.0
804	11.0	0.41241999999999995	0.7427147280333976	34150.0
805	14.0	0.4231399999999999	0.8430076073905408	41189.0
806	7.0	0.49013999999999996	0.8991618451665858	53522.0
807	12.0	0.53018	0.5582479874980313	30604.0
808	13.0	0.48818	0.7666778898402709	44923.0
809	6.0	0.44620000000000004	0.8010356847640384	48220.0
810	10.0	0.39848	0.7590799229106631	36087.0
811	15.0	0.3772	0.8913074683462261	40352.0
812	7.0	0.42091999999999996	0.7543194021700477	34279.0
813	8.0	0.4808200000000001	0.7652812283224729	54112.0
814	4.0	0.5393399999999999	0.8629516103975811	48447.0
815	3.0	0.5182199999999999	0.8744835013377646	52309.0
816	3.0	0.4809799999999999	0.7723367302792546	56138.0
817	6.0	0.52456	0.7905157869732611	60899.0
818	4.0	0.53368	0.812894113284169	61115.0
819	5.0	0.5028199999999999	0.755328306132022	59626.0
820	3.0	0.51442	0.8286472294251258	52724.0
821	4.0	0.51978	0.7947786057388682	52682.0
822	9.0	0.54538	0.8681649407508588	50715.0
823	10.0	0.518	0.8026185951915861	53255.0
824	5.0	0.51642	0.8352098255709745	57286.0
825	7.0	0.51414	0.774087648716152	55938.0
826	4.0	0.5126999999999999	0.7016125656917926	51601.0
827	9.0	0.46684	0.5844704426156427	43600.0
828	12.0	0.44811999999999996	0.6470088340144442	54488.0
829	12.0	0.46248	0.6934562188023091	45363.0
830	15.0	0.44736	0.6934366560781491	42077.0
831	11.0	0.44436	0.7398167714387027	47260.0
832	8.0	0.49450000000000005	0.6268358941601176	47575.0
833	11.0	0.48064000000000007	0.6651303549192739	45471.0
834	1.0	0.51606	0.8033317816743027	52649.0
835	9.0	0.47888	0.8298540407832417	54977.0
836	8.0	0.5200200000000001	0.867108428497493	52540.0
837	7.0	0.5233399999999999	0.7608419113913144	52548.0
838	12.0	0.5290599999999999	0.8377748042393042	53207.0
839	7.0	0.44170000000000004	0.7808927541792586	34376.0
840	16.0	0.43944000000000005	0.8960364347625498	34048.0
841	17.0	0.45206	0.9028630856590621	44627.0
842	11.0	0.45966	0.884067843625652	49749.0
843	20.0	0.43104	0.8377158112763045	38194.0
844	13.0	0.4726200000000001	0.8764589801479136	44770.0
845	18.0	0.45769999999999994	0.808421437944458	43879.0
846	9.0	0.47454	0.8007522984454745	50408.0
847	11.0	0.535	0.8461499347697338	49256.0
848	6.0	0.58288	0.9210481025921791	34484.0
849	3.0	0.54818	0.8005536192897429	56587.0
850	8.0	0.5126999999999999	0.8440101846253278	52041.0
851	4.0	0.5329400000000001	0.892814831260814	43336.0
852	11.0	0.50734	0.8831937676012136	51070.0
853	13.0	0.51376	0.9385438259137807	43508.0
854	9.0	0.5352600000000001	0.8763632474683304	54172.0
855	6.0	0.5881200000000001	0.8996927831911238	47732.0
856	6.0	0.53982	0.8048467566648285	59865.0
857	5.0	0.5492	0.8430134312200315	51490.0
858	12.0	0.50898	0.8389921871363879	59731.0
859	11.0	0.44496	0.7594420639977327	48878.0
860	6.0	0.45456	0.8047583580577516	47095.0
861	10.0	0.4640600000000001	0.8346893490881362	45764.0
862	8.0	0.43620000000000003	0.8134249452116628	36420.0
863	18.0	0.42172	0.8218852908014821	27055.0
864	15.0	0.42532000000000003	0.38505408282345727	24997.0
865	16.0	0.43449999999999994	0.31005151301938244	21740.0
866	19.0	0.4100599999999999	0.337240396720667	19826.0
867	13.0	0.45056000000000007	0.3575636419428834	23591.0
868	15.0	0.44718	0.3983072090217927	23542.0
869	20.0	0.41838000000000003	0.4327541862845683	21373.0
870	15.0	0.42534000000000005	0.37610627378390693	22779.0
871	17.0	0.41808	0.3557127262826833	20065.0
872	18.0	0.40781999999999996	0.4621825771370041	21740.0
873	19.0	0.43476	0.3801658357613276	25421.0
874	15.0	0.42618	0.36510938050311764	23302.0
875	23.0	0.43199999999999994	0.35841375658257574	23755.0
876	21.0	0.45234	0.7456235783789729	36377.0
877	8.0	0.50726	0.5673358691879162	27335.0
878	9.0	0.44932	0.7838930036667752	47263.0
879	8.0	0.49498	0.7886095588553961	55544.0
880	7.0	0.50694	0.7919539190154772	53304.0
881	6.0	0.51064	0.8274995134124681	55682.0
882	9.0	0.51924	0.8788618215402644	56816.0
883	7.0	0.49032000000000003	0.8092811296803596	57572.0
884	9.0	0.50188	0.8526926400721865	59904.0
885	13.0	0.50058	0.8668421209433339	57875.0
886	7.0	0.43270000000000003	0.8489109035530215	39749.0
887	22.0	0.36666	0.8396185977891296	26224.0
888	14.0	0.40187999999999996	0.9261305360734534	37035.0
889	23.0	0.40380000000000005	0.8659106599532711	32856.0
890	14.0	0.39942	0.9036886830992115	34103.0
891	9.0	0.42682	0.8700418481475031	37166.0
892	12.0	0.40796	0.8140479902737016	37235.0
893	14.0	0.39498	0.9038043487318899	31885.0
894	14.0	0.3990600000000001	0.7535026665885161	29387.0
895	13.0	0.39318	0.8345043141756666	32094.0
896	15.0	0.38955999999999996	0.9206289051845552	30824.0
897	16.0	0.38217999999999996	0.7000249909059634	31139.0
898	14.0	0.4236	0.7198632473387842	29065.0
899	11.0	0.4329	0.765269274305896	31592.0
900	9.0	0.46984000000000004	0.8911896308681252	46972.0
901	6.0	0.44034	0.7965333073598483	49445.0
902	9.0	0.4721600000000001	0.8100252179371541	50583.0
903	7.0	0.4919200000000001	0.8387959582770422	59284.0
904	7.0	0.5147200000000001	0.8185697834438924	57614.0
905	2.0	0.5347999999999999	0.7775220901629974	58278.0
906	9.0	0.5339	0.7524404613885631	56285.0
907	6.0	0.53102	0.8105202539670882	54000.0
908	5.0	0.53472	0.6828967871791408	54658.0
909	11.0	0.52806	0.8146679878712407	54346.0
910	10.0	0.51192	0.6999207744601031	57334.0
911	3.0	0.54194	0.8231438378812193	54031.0
912	6.0	0.55564	0.8931031544451064	51634.0
913	2.0	0.5610200000000001	0.8279212247625849	55124.0
914	8.0	0.51414	0.7335040456111026	54313.0
915	4.0	0.5185400000000001	0.7672929733393326	59514.0
916	6.0	0.52866	0.7845142436912435	56682.0
917	5.0	0.5394599999999999	0.7764415367671343	55280.0
918	5.0	0.5275	0.7685278985011897	62871.0
919	7.0	0.5201	0.8143647564810855	61026.0
920	3.0	0.51508	0.8113442141189237	54167.0
921	6.0	0.5014	0.7533326578732438	61193.0
922	5.0	0.52644	0.7694622803892647	53709.0
923	4.0	0.53274	0.6916542244362471	56177.0
924	11.0	0.50176	0.7635294383623952	57813.0
925	6.0	0.5706	0.8514395109809602	48646.0
926	4.0	0.52838	0.78336659690701	51002.0
927	7.0	0.52998	0.814353967069445	51441.0
928	8.0	0.50658	0.8185159538126252	52174.0
929	7.0	0.5005	0.8202636853207679	49494.0
930	9.0	0.5009399999999999	0.8351512902062374	45694.0
931	14.0	0.40781999999999996	0.8575470255651744	45072.0
932	21.0	0.41934000000000005	0.798972966546255	39417.0
933	12.0	0.44543999999999995	0.824112781876055	47706.0
934	11.0	0.48025999999999996	0.8399810387173745	48931.0
935	8.0	0.46382000000000007	0.7191014209637396	46617.0
936	4.0	0.5022	0.8150707127515877	46544.0
937	6.0	0.50766	0.8895960848870498	44031.0
938	10.0	0.50102	0.7179341216182102	48858.0
939	7.0	0.5001599999999999	0.8000085848342442	46605.0
940	14.0	0.49096000000000006	0.7776298571729315	51422.0
941	8.0	0.43522000000000005	0.78898466482735	51992.0
942	5.0	0.54206	0.8489614584955547	60219.0
943	9.0	0.51234	0.7810583711946376	57673.0
944	11.0	0.55672	0.8807507221727019	51423.0
945	9.0	0.5143800000000001	0.7557122425613749	54101.0
946	10.0	0.49862	0.7146416534232615	56453.0
947	13.0	0.46540000000000004	0.7980179593993945	56396.0
948	8.0	0.44139999999999996	0.8618390848085192	45362.0
949	15.0	0.48238	0.8760295975282266	53626.0
950	7.0	0.54938	0.7644073551734317	49273.0
951	5.0	0.52514	0.7309924253433825	48834.0
952	12.0	0.48591999999999996	0.758269303812463	59202.0
953	13.0	0.46123999999999993	0.7470858319793362	46358.0
954	7.0	0.52548	0.7704658036335483	52484.0
955	4.0	0.5289400000000001	0.7256082405541411	52265.0
956	4.0	0.4951	0.6950071026040981	55647.0
957	7.0	0.52448	0.7206553670879732	50087.0
958	1.0	0.54576	0.8078027655135309	47953.0
959	7.0	0.54064	0.8644166266095805	49164.0
960	4.0	0.51636	0.8503889148963507	58514.0
961	7.0	0.47298000000000007	0.7207990986217764	50514.0
962	8.0	0.5068	0.7797431698114822	51541.0
963	12.0	0.5192	0.8511186927620528	45074.0
964	2.0	0.53226	0.7673532464838214	51346.0
965	4.0	0.51896	0.7643593848497436	49715.0
966	2.0	0.4930800000000001	0.7390228032748577	47749.0
967	4.0	0.47572000000000003	0.6961992396194951	50644.0
968	1.0	0.45685999999999993	0.1519098663879489	11363.0
969	10.0	0.42601999999999995	0.6436672339470088	32911.0
970	17.0	0.4567600000000001	0.8428490788757549	44099.0
971	14.0	0.47239999999999993	0.7567781391700785	48027.0
972	3.0	0.5183800000000001	0.8111413162473198	51234.0
973	5.0	0.49654000000000004	0.8416382685043214	44796.0
974	20.0	0.4380200000000001	0.8125615779799608	45875.0
975	13.0	0.45688	0.7398875481775727	47655.0
976	6.0	0.5273800000000001	0.7917649800733739	57504.0
977	3.0	0.53404	0.7838867612704755	50963.0
978	12.0	0.52216	0.7564726911234931	52061.0
979	6.0	0.56018	0.857105793199447	49122.0
980	3.0	0.5269400000000001	0.7444070996450636	49544.0
981	2.0	0.5124200000000001	0.7051874470248213	55798.0
982	11.0	0.56726	0.8399947695887239	56706.0
983	4.0	0.52764	0.7697051088376459	55076.0
984	8.0	0.5329	0.7765712989711412	62692.0
985	8.0	0.51588	0.6980451196645734	60742.0
986	9.0	0.52362	0.7381206810522605	54178.0
987	8.0	0.5159199999999999	0.6828200195861689	65751.0
988	6.0	0.52292	0.7370128949559048	56743.0
989	21.0	0.5296	0.7972003492898738	60550.0
990	9.0	0.5557	0.5762296796144332	41529.0
991	7.0	0.5425	0.6834738635033486	45280.0
992	7.0	0.55086	0.8466844891919892	47270.0
993	7.0	0.52832	0.7732762354030901	46438.0
994	9.0	0.48088000000000003	0.7180954371509963	56006.0
995	10.0	0.44754000000000005	0.7755712220075696	48694.0
996	7.0	0.46630000000000005	0.8050142130106852	48722.0
997	13.0	0.5123400000000001	0.8046448515376406	54407.0
998	5.0	0.55062	0.9091199219121399	61804.0
999	8.0	0.54948	0.749888607696138	55520.0
1000	7.0	0.53212	0.7298967745967665	55988.0
1001	5.0	0.52298	0.7635038083763906	51065.0
1002	11.0	0.54272	0.7894347708772043	46995.0
1003	2.0	0.5684	0.8619005166026413	47799.0
1004	6.0	0.5130199999999999	0.6925097603470571	54475.0
1005	7.0	0.5191600000000001	0.8003337759929375	54802.0
1006	7.0	0.54454	0.8661899308740301	46873.0
1007	7.0	0.5859800000000001	0.9274657169114372	53381.0
1008	8.0	0.5221199999999999	0.7990410837517808	47797.0
1009	8.0	0.5169400000000001	0.7930088110012672	44546.0
1010	15.0	0.4969199999999999	0.8658460789888653	45552.0
1011	12.0	0.4761200000000001	0.5821902464123738	35097.0
1012	0.0	0.46998000000000006	0.1357618296485524	17103.0
1013	13.0	0.4811599999999999	0.7946885251494943	42425.0
1014	5.0	0.51338	0.818474126613008	43095.0
1015	9.0	0.5121	0.8320770165408887	52947.0
1016	7.0	0.53508	0.8723644508657192	44529.0
1017	7.0	0.5123399999999999	0.7588792634976339	56555.0
1018	6.0	0.56098	0.8157027945860196	45168.0
1019	3.0	0.5480200000000001	0.8561226181654223	43999.0
1020	6.0	0.55076	0.7888322460199577	45233.0
1021	9.0	0.53444	0.8244411535189998	46006.0
1022	4.0	0.49900000000000005	0.7197559587269595	43584.0
1023	4.0	0.5496	0.9003449849434634	38520.0
1024	11.0	0.5367400000000001	0.8770039669334574	54131.0
1025	4.0	0.5012000000000001	0.7534775150759553	51505.0
1026	8.0	0.5263	0.8863604219532457	51923.0
1027	11.0	0.48572000000000004	0.9025139905785569	56695.0
1028	7.0	0.47428000000000003	0.8086697395140753	45041.0
1029	3.0	0.5074200000000001	0.8441033722632455	44485.0
1030	6.0	0.51458	0.8637851442851715	50480.0
1031	8.0	0.48144	0.9037349069046409	43314.0
1032	9.0	0.5133	0.8757070900364504	54689.0
1033	5.0	0.47838	0.8911218324272745	51603.0
1034	10.0	0.4455200000000001	0.8891251125405685	48852.0
1035	11.0	0.45274000000000003	0.8997533098174106	47393.0
1036	7.0	0.5282800000000001	0.8771249983848454	52734.0
1037	8.0	0.51628	0.809562124197601	57950.0
1038	9.0	0.47624	0.7474738593857992	54776.0
1039	6.0	0.48028000000000004	0.8731492973840592	56519.0
1040	11.0	0.4573599999999999	0.9333137644917155	55075.0
1041	15.0	0.43788000000000005	0.9298314059053081	55341.0
1042	6.0	0.46049999999999996	0.8647435521455337	51320.0
1043	10.0	0.44959999999999994	0.871545060211501	46499.0
1044	6.0	0.49763999999999997	0.8582310587748357	49639.0
1045	8.0	0.42732	0.8355503440708227	45542.0
1046	9.0	0.41226000000000007	0.8804215864442898	45898.0
1047	19.0	0.41212000000000004	0.9099424553459846	38134.0
1048	19.0	0.42854	0.8001705317538491	38823.0
1049	16.0	0.41908	0.8273198661398941	37435.0
1050	15.0	0.40912	0.8534461883806997	35052.0
1051	9.0	0.41623999999999994	0.780574643615347	39716.0
1052	14.0	0.41994	0.8511680118567856	38848.0
1053	16.0	0.45144	0.7915251534607984	46129.0
1054	9.0	0.45434	0.8950501149738249	42327.0
1055	6.0	0.4383600000000001	0.7901563431611837	40469.0
1056	9.0	0.4416	0.7735117082308874	36882.0
1057	11.0	0.43311999999999995	0.8055932195408704	33361.0
1058	14.0	0.44104	0.7980415410806954	34034.0
1059	5.0	0.43212000000000006	0.7846238669180998	34181.0
1060	10.0	0.46430000000000005	0.6404551719204639	41135.0
1061	9.0	0.45178000000000007	0.6568375763555527	40208.0
1062	13.0	0.45500000000000007	0.678965392112593	41902.0
1063	19.0	0.4397	0.7466629229238644	46952.0
1064	10.0	0.46537999999999996	0.6104779658463544	45333.0
1065	8.0	0.45037999999999995	0.5905386788632907	42829.0
1066	11.0	0.44724	0.6442996888828892	39407.0
1067	14.0	0.4419199999999999	0.6773972024295097	44009.0
1068	9.0	0.46126	0.6336648248367306	43161.0
1069	13.0	0.44659999999999994	0.7846608011750672	42062.0
1070	12.0	0.45990000000000003	0.7313787820803288	42088.0
1071	13.0	0.45158000000000004	0.8135388095827588	38997.0
1072	12.0	0.44558	0.7841367137515292	38448.0
1073	10.0	0.45458	0.7171766007667898	35973.0
1074	16.0	0.42722	0.751275266242614	29230.0
1075	8.0	0.42652	0.8100924099946976	27646.0
1076	6.0	0.44770000000000004	0.783611541284519	36789.0
1077	23.0	0.44064	0.6734849908969691	34289.0
1078	18.0	0.44372	0.6732148160156922	39993.0
1079	23.0	0.44177999999999995	0.6622847228722969	39348.0
1080	7.0	0.4469000000000001	0.7783626653818201	38341.0
1081	6.0	0.46199999999999997	0.7628039216293813	35344.0
1082	8.0	0.48252	0.7063120355264263	44793.0
1083	8.0	0.47154	0.7542065019143461	38972.0
1084	0.0	0.46564	0.7293580780016261	47431.0
1085	4.0	0.47733999999999993	0.6715288233059657	47761.0
1086	4.0	0.48594000000000004	0.5898893273952982	40926.0
1087	8.0	0.5207599999999999	0.7414594453854702	49439.0
1088	13.0	0.51528	0.7393620295487882	39223.0
1089	7.0	0.52754	0.8155788862184556	43337.0
1090	5.0	0.4726600000000001	0.740206838848291	45250.0
1091	3.0	0.47635999999999995	0.7068402314082312	39298.0
1092	5.0	0.5545	0.843506786071138	45877.0
1093	11.0	0.55826	0.8418225740344186	46434.0
1094	6.0	0.5136000000000001	0.7192978448203196	45899.0
1095	10.0	0.4970400000000001	0.7403302551340657	42919.0
1096	7.0	0.48955999999999994	0.7742930653722513	37161.0
1097	8.0	0.48109999999999997	0.7197851969267185	44029.0
1098	7.0	0.52436	0.7847799554701023	40568.0
1099	8.0	0.5239199999999999	0.7930187899860449	40864.0
1100	10.0	0.46956	0.7839058792564721	40208.0
1101	11.0	0.45164000000000004	0.7117193347014598	42286.0
1102	7.0	0.46746000000000004	0.7707597879763569	37401.0
1103	24.0	0.44752000000000003	0.8095808038683111	39255.0
1104	7.0	0.4538199999999999	0.7973300612172782	24271.0
1105	4.0	0.47761999999999993	0.403445021552417	11489.0
1106	8.0	0.45959999999999995	0.7171583674441896	8504.0
1107	9.0	0.4623400000000001	0.5967826790584464	27348.0
1108	10.0	0.48174	0.6218336339667426	49781.0
1109	5.0	0.49745999999999996	0.616956259965399	50792.0
1110	8.0	0.47946	0.6652852281827845	53199.0
1111	7.0	0.54228	0.7917496412906367	49003.0
1112	6.0	0.54804	0.7468363971465044	49196.0
1113	7.0	0.55154	0.8219717857142421	47463.0
1114	11.0	0.5292800000000001	0.7877838494200242	52309.0
1115	4.0	0.5551599999999999	0.9081509193607689	40156.0
1116	6.0	0.5225799999999999	0.7443644555201109	52488.0
1117	11.0	0.6083	0.9026980334167042	43093.0
1118	10.0	0.51726	0.7936189586080743	54308.0
1119	2.0	0.58868	0.884683776436982	45284.0
1120	7.0	0.54406	0.8429299924016372	47208.0
1121	3.0	0.5159	0.8140176286281248	47878.0
1122	13.0	0.54434	0.8688011291381781	86021.0
1123	2.0	0.57428	0.9311348290622596	45081.0
1124	6.0	0.48984	0.8429868747136087	39500.0
1125	8.0	0.41644000000000003	0.7460467344403574	36501.0
1126	13.0	0.42700000000000005	0.769371624478043	38922.0
1127	12.0	0.42946000000000006	0.7910127502255063	35526.0
1128	19.0	0.43426000000000003	0.8504321131538135	35991.0
1129	11.0	0.44498000000000004	0.7822077153414511	37817.0
1130	15.0	0.4493000000000001	0.7483737997209255	37164.0
1131	7.0	0.48094000000000003	0.7755512000827168	44807.0
1132	5.0	0.55192	0.8394179479528511	42431.0
1133	9.0	0.5227	0.8079110044932059	43155.0
1134	10.0	0.4732	0.7398185750090637	37526.0
1135	13.0	0.44384	0.8737313192897542	45559.0
1136	8.0	0.4449	0.8373226637773781	43842.0
1137	18.0	0.40568	0.8619789466907825	33855.0
1138	12.0	0.3999799999999999	0.9070665334125319	32058.0
1139	12.0	0.43654000000000004	0.9007750459156506	28356.0
1140	18.0	0.41424	0.8753615940816963	25419.0
1141	15.0	0.40962000000000004	0.9271979479982989	23288.0
1142	8.0	0.46049999999999996	0.9420926096646565	30146.0
1143	13.0	0.47594000000000003	0.8528085521018439	24010.0
1144	8.0	0.42385999999999996	0.805349002992155	25729.0
1145	11.0	0.42347999999999997	0.8463756931824774	26776.0
1146	15.0	0.43073999999999996	0.9551394982650497	23804.0
1147	14.0	0.43404000000000004	0.8502945656142021	23862.0
1148	7.0	0.43738	0.8507406171725619	27464.0
1149	6.0	0.46526	0.8902739529374577	25846.0
1150	7.0	0.45746	0.845198071062515	22355.0
1151	8.0	0.45071999999999995	0.8462813143814522	26620.0
1152	9.0	0.45110000000000006	0.8021237131120793	31379.0
1153	11.0	0.4386	0.7335998617998557	33774.0
1154	9.0	0.45514000000000004	0.8260152809638457	41430.0
1155	12.0	0.4477000000000001	0.834200170664326	43616.0
1156	10.0	0.41910000000000003	0.856863608609212	38287.0
1157	15.0	0.43744	0.8441902430321526	39487.0
1158	15.0	0.4497	0.8499452980183023	41506.0
1159	11.0	0.43014	0.8599100120593642	27385.0
1160	8.0	0.43468	0.8045920543091569	30906.0
1161	14.0	0.4562599999999999	0.90751865927446	37091.0
1162	13.0	0.43961999999999996	0.9173613644186817	44969.0
1163	11.0	0.4396000000000001	0.8845950058090092	41690.0
1164	13.0	0.44526	0.7539491716685204	39521.0
1165	10.0	0.4563999999999999	0.8015206485200128	40199.0
1166	4.0	0.46634	0.6441058545369213	44185.0
1167	5.0	0.4565200000000001	0.6595533608042257	35200.0
1168	7.0	0.4598799999999999	0.7097298953116915	35191.0
1169	12.0	0.45970000000000005	0.8193344803498572	36263.0
1170	3.0	0.49476	0.8559195752174387	37481.0
1171	13.0	0.5222	0.8558197905741656	39194.0
1172	12.0	0.47434000000000004	0.8152171171920652	36803.0
1173	7.0	0.47723999999999994	0.7256232287723197	45538.0
1174	9.0	0.47069999999999995	0.8495775565991591	45655.0
1175	11.0	0.47344	0.7822853515562778	50273.0
1176	8.0	0.4796599999999999	0.8525649321765304	49291.0
1177	8.0	0.55254	0.8384057902424625	49090.0
1178	6.0	0.50436	0.7861273686330594	54522.0
1179	11.0	0.5301199999999999	0.7891670634109632	43960.0
1180	8.0	0.52598	0.7294860875098386	57357.0
1181	9.0	0.5516599999999999	0.8050774255832911	47184.0
1182	6.0	0.2726896551724138	0.048176650405371294	3768.0
