400	14.0	0.36945999999999996	0.31554910158940336	11031
401	9.0	0.37498000000000004	0.2494019644478923	12969
402	6.0	0.3598799999999999	0.2029648380100329	12481
403	17.0	0.40554	0.5765539876475686	12462
404	10.0	0.48595999999999995	0.34292961002029637	4856
405	9.0	0.4661	0.3680244571462601	3564
406	5.0	0.45816	0.1843721370930357	2329
407	13.0	0.44086	0.25876290877651154	7518
408	23.0	0.43144	0.3627134058257887	40500
409	7.0	0.47731999999999997	0.4099425347834181	63542
410	6.0	0.46340000000000003	0.23682695719380495	24819
411	8.0	0.41042	0.6577743336886522	52557
412	13.0	0.3951799999999999	0.4396102172982759	24750
413	13.0	0.41357999999999995	0.2281813055293874	1917
414	8.0	0.47412	0.19299340114255742	2298
415	12.0	0.4444199999999999	0.24995709865172971	2153
416	12.0	0.43806000000000006	0.4618091541712487	8549
417	11.0	0.28834	0.6084537603526334	27216
418	5.0	0.11202000000000002	0.13373493821195306	4040
419	10.0	0.44630000000000003	0.31178626264831394	4313
420	13.0	0.40298	0.25639001050760957	5058
421	16.0	0.37618	0.34033511135455397	2758
422	20.0	0.3857600000000001	0.437362057876063	5925
423	17.0	0.37408	0.37282897950041954	10637
424	11.0	0.4724399999999999	0.35573609706183174	3847
425	10.0	0.46074000000000004	0.37291679801519734	4377
426	5.0	0.44608000000000003	0.2027298061501064	1944
427	11.0	0.45159999999999995	0.2062283611588574	1879
437	3.0	0.09371999999999998	0.13393024833810613	3437
438	9.0	0.37763999999999986	0.6420068947363694	41661
439	13.0	0.4443600000000001	0.3236804274673127	5146
440	9.0	0.42248	0.2623812140967765	4745
441	17.0	0.38966	0.28865203660164074	2915
442	20.0	0.3582599999999999	0.4442427529078244	4338
443	19.0	0.3880599999999999	0.40279666691706856	4577
444	3.0	0.09268000000000001	0.06751877637513622	0
445	9.0	0.28416	0.24427922611424172	2275
446	7.0	0.35672000000000004	0.6243027741465347	30959
447	15.0	0.36642	0.6344027160272284	27875
448	11.0	0.42414	0.6182821061045408	38004
449	12.0	0.41828	0.6729795047068232	46204
450	8.0	0.5038999999999999	0.6486572930020792	48740
451	14.0	0.36782	0.4949910882988415	30265
452	0.0	0.03552	0.023140805715310308	173
453	12.0	0.39343999999999996	0.2677422572732652	5334
454	9.0	0.46138000000000007	0.15224653494223336	1166
455	15.0	0.4184999999999999	0.7038594084918677	32436
456	12.0	0.46726	0.7140716103164734	25709
457	12.0	0.4524	0.8048866532648643	36880
458	10.0	0.48766000000000004	0.8528712477308524	40620
459	8.0	0.49526	0.8533545414258157	35658
460	17.0	0.44	0.8097560817697119	38614
461	13.0	0.46995999999999993	0.685848489671185	39580
462	11.0	0.41562	0.35655144632139185	19400
463	10.0	0.3941800000000001	0.4015646703373664	14999
464	14.0	0.38572	0.33983080825964346	17509
465	17.0	0.42983999999999994	0.25992483239826414	8487
466	14.0	0.43745999999999996	0.23324874267301435	3941
467	9.0	0.44310000000000005	0.22010653851693016	4305
468	10.0	0.46630000000000005	0.15307721943691735	3095
469	16.0	0.44622000000000006	0.4497557046207037	4831
470	1.0	0.12632000000000002	0.11003845032388924	1933
471	7.0	0.32214	0.1089841410163499	838
472	9.0	0.4603	0.49533003165513606	25834
473	13.0	0.47576	0.5816203021317105	29078
474	12.0	0.38705999999999996	0.8507479159064312	24383
475	19.0	0.40171999999999997	0.9289847239851569	26743
476	11.0	0.40362000000000003	0.9156173114084697	28245
477	15.0	0.42724000000000006	0.9046221730045276	27249
478	11.0	0.40162	0.7902594854650757	20071
479	8.0	0.3901599999999999	0.7729667574098352	17497
480	12.0	0.41044	0.8926716705734224	19119
481	12.0	0.39696	0.9030885602108426	20761
482	12.0	0.3949	0.9133837922585835	18788
483	11.0	0.39303999999999994	0.878631941253456	20775
484	13.0	0.40112000000000003	0.8698288541366377	17027
485	14.0	0.3833200000000001	0.7931967557007558	14265
486	12.0	0.39842	0.7528413299281906	15135
487	9.0	0.3770200000000001	0.5188218889713617	15135
488	17.0	0.38358	0.5073989681435384	12866
489	12.0	0.3939599999999999	0.5551207694839612	13960
490	13.0	0.38108000000000003	0.4903453841137215	15496
491	16.0	0.3870599999999999	0.49267374086583005	13893
492	15.0	0.38211999999999996	0.5166046873239621	12340
493	10.0	0.38888	0.49170482530985243	9066
494	13.0	0.38994	0.46549220173724976	9968
495	13.0	0.39099999999999996	0.49873702621590316	13453
496	19.0	0.38772	0.7277662907510296	15448
497	18.0	0.40068000000000004	0.8318727938474173	16860
498	6.0	0.40092000000000005	0.81773676068696	15803
499	14.0	0.39578	0.8421995106638122	14510
500	14.0	0.38937999999999995	0.8942808837334965	17256
501	9.0	0.41654	0.8761367959598115	18650
502	5.0	0.41828000000000004	0.8257832338104394	19544
503	13.0	0.42326	0.8175236386999659	21574
504	19.0	0.38173999999999997	0.9135668210344154	17475
505	8.0	0.3801800000000001	0.9262275032117578	16520
506	4.0	0.4838	0.9382128374293088	22389
507	12.0	0.36028	0.9760873347188779	18321
508	10.0	0.51716	0.9167450494502346	27259
509	8.0	0.57914	0.9010050014721983	28978
510	14.0	0.35784000000000005	0.7897583134173763	20590
511	11.0	0.3797	0.9015971105079504	23638
512	18.0	0.35844000000000004	0.9342893474635009	27650
513	21.0	0.37522	0.9554781512871182	27038
514	18.0	0.40136000000000005	0.9052704854239656	24193
515	15.0	0.4148800000000001	0.9350071573236535	25841
516	15.0	0.4099600000000001	0.9429347925235668	22687
517	9.0	0.4404600000000001	0.8604619664745898	26400
518	12.0	0.4794	0.9461978458205051	26675
519	11.0	0.46602	0.9480704693938911	27243
520	7.0	0.47846000000000005	0.9039600743934169	28438
521	8.0	0.43223999999999996	0.95133678308352	28029
522	16.0	0.45262	0.9388309009995508	30489
523	9.0	0.41938000000000003	0.8867658841776969	25280
524	12.0	0.43317999999999995	0.9004102766597973	23801
525	11.0	0.43735999999999997	0.8560591421399399	23427
526	21.0	0.40942	0.9134897413097005	29564
527	16.0	0.41363999999999995	0.872607119914453	26874
528	18.0	0.42900000000000005	0.9374774356463782	24215
529	18.0	0.41985999999999996	0.8921547561288939	23501
530	9.0	0.39728	0.9015648088751986	20208
531	14.0	0.39936	0.8920086198770374	18334
532	16.0	0.40397999999999995	0.9589573849755486	19704
533	12.0	0.39538000000000006	0.9163521826542161	18875
534	19.0	0.39964000000000005	0.9139869906330514	20498
535	18.0	0.39306	0.8566765764782135	21335
536	17.0	0.40596	0.9470913831732396	21128
537	11.0	0.42184	0.8900548162773899	20639
538	10.0	0.42152000000000006	0.9656049611861449	24555
539	14.0	0.42701999999999996	0.9214137589815573	20894
540	20.0	0.40080000000000005	0.919480664280648	21016
541	18.0	0.38623999999999997	0.8964946561249209	23036
542	13.0	0.4357599999999999	0.9440627090814327	29525
543	12.0	0.41447999999999996	0.9457354297240287	26584
544	8.0	0.39262	0.8984236566217902	23997
545	15.0	0.43184	0.9282536823946226	31763
546	18.0	0.4441400000000001	0.9664893033601261	38032
547	9.0	0.3809	0.9696758981460125	32831
548	15.0	0.40984000000000004	0.8275881746053211	25241
549	16.0	0.43928000000000006	0.9525256076337918	33808
550	14.0	0.3918000000000001	0.9398129282355248	32209
551	13.0	0.39372	0.944065155914913	24107
552	21.0	0.40476	0.9386490830374731	29956
553	12.0	0.39887999999999996	0.9529595779842511	28929
554	12.0	0.4085399999999999	0.9414009315848109	28995
555	13.0	0.40514000000000006	0.9452449864848108	27796
556	16.0	0.4107	0.9663252044178297	30943
557	13.0	0.3793800000000001	0.8934813376903139	23569
558	22.0	0.45292	0.9663988692181592	28253
559	23.0	0.42938000000000004	0.9508620183022626	28273
560	10.0	0.42112	0.9633499720891607	23346
561	20.0	0.45498000000000005	0.9329412598013693	24977
562	14.0	0.42624	0.8846008663149088	26415
563	15.0	0.40016000000000007	0.9193787294638285	26149
564	14.0	0.43456000000000006	0.8608141902814862	31335
565	7.0	0.45118	0.944673993036509	29465
566	7.0	0.46718	0.8741619117313307	25197
567	13.0	0.48552	0.847936427997848	26846
568	14.0	0.41681999999999997	0.6519239700778391	29412
569	14.0	0.43914000000000003	0.4828729743148507	24503
570	9.0	0.42744	0.6485129542040955	30011
571	7.0	0.4701200000000001	0.2182495805661422	8817
572	11.0	0.45263999999999993	0.19005320120854716	2843
573	12.0	0.37244	0.2506593175557002	2828
574	11.0	0.3936	0.29756478456828167	11100
575	12.0	0.44594	0.1948350878341546	2850
576	8.0	0.47372	0.20112665567100133	3758
577	13.0	0.42142	0.22802339631222468	3429
578	12.0	0.4310000000000001	0.2817565565554248	7742
579	12.0	0.41412	0.27610296258797296	14473
580	13.0	0.39556	0.42966847787834656	18684
581	14.0	0.42103999999999997	0.35739964844160543	25826
582	6.0	0.5109800000000001	0.8218685432339762	46497
583	4.0	0.08648	0.15767079387757416	10633
584	4.0	0.4072	0.7567129260121687	31088
585	8.0	0.4541800000000001	0.9262278807566054	40791
586	11.0	0.45144	0.8818860910252438	38629
587	11.0	0.5018	0.932262716923114	41784
588	7.0	0.5291600000000001	0.9450434291120837	37127
589	8.0	0.43607999999999997	0.8171945319970593	34139
590	14.0	0.40978000000000003	0.7953896610562059	30278
591	16.0	0.42288	0.9143713689497336	30006
592	13.0	0.42506000000000005	0.9229190290431311	29116
593	17.0	0.4283799999999999	0.8778627823361408	25474
594	18.0	0.43518	0.8662847037600161	27503
595	7.0	0.43278000000000005	0.8726225017152488	29461
596	15.0	0.43288000000000004	0.882215649606439	27401
597	9.0	0.4309000000000001	0.8815249613989948	28829
598	17.0	0.44672000000000006	0.8707204647956787	32947
599	8.0	0.46535999999999994	0.8863203837660137	31947
600	10.0	0.3946	0.8859465200163759	27933
601	14.0	0.37675999999999993	0.9215218369818426	30991
602	16.0	0.40454	0.8793514509583469	32801
603	19.0	0.41629999999999995	0.8762000479172711	28981
604	10.0	0.41162	0.906348411112808	25286
605	16.0	0.41462000000000004	0.868809947019746	24625
606	11.0	0.4107	0.8211498456403538	25696
607	15.0	0.45818	0.41141904879965974	14302
608	10.0	0.43613999999999997	0.21098503003942431	3923
609	17.0	0.48702000000000006	0.39466162995697457	3768
610	18.0	0.42341999999999996	0.4036021605269643	3985
611	14.0	0.40728000000000003	0.4622378996268354	3210
612	15.0	0.42963999999999997	0.40619721270301884	4585
613	21.0	0.45366	0.3015403806583501	2452
614	17.0	0.40880000000000005	0.22412114711945505	2342
615	11.0	0.39202	0.34472653020213767	4641
616	12.0	0.44636	0.24398263622267943	1914
617	14.0	0.43994	0.19227699331157044	2357
618	13.0	0.40946	0.41461642277480254	16521
619	14.0	0.40985999999999995	0.5909508342304065	19760
620	13.0	0.42234	0.5173466410680997	21044
621	18.0	0.43886	0.496872376019764	23135
622	19.0	0.41562	0.556861116778615	26286
623	17.0	0.42052	0.8149487700181395	29576
624	7.0	0.42266	0.9124948949317427	32216
625	17.0	0.39837999999999996	0.9445024639127063	33618
626	10.0	0.42105999999999993	0.9202211548052366	31486
627	8.0	0.45856	0.919191342766379	30758
628	10.0	0.43964	0.8540503598667896	33518
629	6.0	0.46718000000000004	0.8651001797162416	33036
630	12.0	0.48628	0.876518581604264	35185
631	4.0	0.49232	0.9463747211071303	37766
632	16.0	0.53772	0.9457458069345597	41825
633	8.0	0.51324	0.9163912722055322	34457
634	11.0	0.4257	0.8813205519906343	30723
635	17.0	0.49323999999999996	0.9351795773417559	27938
636	15.0	0.43666	0.9259949208275562	23993
637	22.0	0.43238000000000004	0.8289296394311599	19334
638	18.0	0.41833999999999993	0.46230152284236314	19635
639	11.0	0.41807999999999995	0.5022653644884141	14714
640	14.0	0.41074	0.7259825719819711	15888
641	17.0	0.4321	0.9323334763262084	22207
642	17.0	0.4407600000000001	0.9083007908258636	21760
643	8.0	0.41257999999999995	0.9181342525381376	20682
644	17.0	0.3913799999999999	0.8927208551907428	21870
645	14.0	0.42648	0.9344405784978415	26022
646	21.0	0.39525999999999994	0.8397467322225954	17160
647	14.0	0.40214000000000005	0.9148703024479156	19240
648	12.0	0.43232	0.8199139174441943	22731
649	19.0	0.43711999999999995	0.4106581547736995	3126
650	14.0	0.40370000000000006	0.5353507595087159	5266
651	13.0	0.40886	0.40408305266180966	2263
652	23.0	0.45539999999999997	0.43940212730738704	3383
653	8.0	0.49219999999999997	0.27079666416479475	2849
654	15.0	0.44392000000000004	0.18232706488089945	2608
655	12.0	0.43672	0.29295075587943875	3103
656	8.0	0.38754000000000005	0.3228929549436075	5199
657	19.0	0.42166	0.20091273983918215	4657
658	15.0	0.40354	0.7022047380782984	25544
659	17.0	0.42228	0.9292462683002362	32594
660	18.0	0.41106000000000004	0.8689765406956748	23512
661	15.0	0.3915800000000001	0.9252448393953433	24373
662	22.0	0.40023999999999993	0.9181717257328369	26100
663	14.0	0.39724000000000004	0.9301327574045793	26456
664	15.0	0.3849600000000001	0.9541757084866712	24683
665	12.0	0.38811999999999997	0.8951675748150151	21968
666	17.0	0.39866	0.9318869270399176	20903
667	19.0	0.3988400000000001	0.9335865551359855	24507
668	14.0	0.40163999999999994	0.952373590114456	25552
669	16.0	0.4174	0.8799471877290739	29162
670	17.0	0.41456	0.864136807132657	27780
671	17.0	0.40636000000000005	0.8661691365441396	26164
672	14.0	0.41314	0.8611504944566286	24589
673	9.0	0.4099399999999999	0.9497558015279497	22975
674	16.0	0.40038	0.9506304563778448	21136
675	18.0	0.40122	0.9610459823444206	24827
676	23.0	0.40942000000000006	0.9510877214329799	23834
677	20.0	0.39598000000000005	0.8859483964448338	24009
678	18.0	0.42474000000000006	0.9548654531357104	27467
679	17.0	0.42885999999999996	0.8686903432627021	28926
680	26.0	0.4292	0.8945277720595534	27971
681	15.0	0.42772	0.8408862270241276	30525
682	18.0	0.43110000000000004	0.9164363548966692	32930
683	19.0	0.4081	0.8661609644678872	31202
684	11.0	0.39686	0.8332534989357342	28201
685	26.0	0.3852800000000001	0.9053155479748536	32267
686	14.0	0.42166000000000003	0.8029186372720517	38124
687	8.0	0.4145999999999999	0.833529063435539	46833
688	19.0	0.39666	0.832777798382572	31150
689	17.0	0.40956000000000004	0.7405677689468073	37849
690	12.0	0.41272	0.8787384219004899	42319
691	13.0	0.39454	0.7937603033024351	39028
692	10.0	0.42776	0.8669026566066764	45269
693	11.0	0.46044	0.5995935573337577	23436
694	18.0	0.44600000000000006	0.6180657097964316	23908
695	11.0	0.38555999999999996	0.7179023893458605	31522
696	15.0	0.46162	0.46780068017066956	18540
697	13.0	0.43918	0.6502106272289196	31089
698	16.0	0.3632000000000001	0.8165927440964196	36280
699	15.0	0.39602	0.9477806222393138	44983
700	18.0	0.42797999999999997	0.9594674143120238	45288
701	14.0	0.4167	0.9414315548381973	42549
702	18.0	0.39174	0.9221705777976968	37806
703	17.0	0.35775999999999997	0.9353613457825422	30295
704	13.0	0.38160000000000005	0.8171403456027423	52229
705	13.0	0.41809999999999997	0.8191107250670511	47818
706	7.0	0.42372	0.7543665160229038	38817
707	25.0	0.42338000000000003	0.8355687984006543	38397
708	13.0	0.37228	0.9399938724459557	33107
709	15.0	0.35876	0.9462282067081531	31518
710	18.0	0.39270000000000005	0.8127307379517147	29997
711	14.0	0.37964	0.8649805072243627	29659
712	17.0	0.36162000000000005	0.7733323414271208	25698
713	28.0	0.36957999999999996	0.8020599623483894	22421
714	15.0	0.35124	0.9363272087534079	25773
715	13.0	0.34819999999999995	0.9480029163879701	27068
716	15.0	0.35506	0.9724454399246938	29261
717	20.0	0.35766000000000003	0.9582711574149811	27526
718	16.0	0.37538000000000005	0.9065136898200374	27559
719	15.0	0.37427999999999995	0.9706510198651074	32853
720	14.0	0.37896	0.9416593731061845	30414
721	7.0	0.36140000000000005	0.9452396309585361	23479
722	11.0	0.37314	0.9908900654596531	26154
723	15.0	0.36591999999999997	0.9269519414718439	24850
724	20.0	0.37178	0.9628779523085044	24633
725	14.0	0.36948000000000003	0.9696965702244018	24111
726	15.0	0.37437999999999994	0.9245865025103657	22817
727	16.0	0.35834000000000005	0.9464876502798684	20101
728	13.0	0.35418000000000005	0.9129806144626395	19620
729	16.0	0.35774	0.8571323173782319	18403
730	16.0	0.36292	0.9038517143184394	24431
731	19.0	0.3663	0.8278672956653427	22077
732	10.0	0.36687999999999993	0.9488981906565782	26480
733	20.0	0.35220000000000007	0.9325785376307697	23853
734	14.0	0.36896	0.9510433143118526	30869
735	17.0	0.35686	0.9325299105128598	27827
736	17.0	0.38370000000000004	0.9173692038173034	30074
737	12.0	0.38452000000000003	0.9231582530918137	28901
738	16.0	0.38116000000000005	0.9055807657854048	28234
739	22.0	0.36608	0.9065445545869105	23616
740	16.0	0.36404000000000003	0.9480596766158509	25688
741	14.0	0.38803999999999994	0.9396858717544141	30069
742	19.0	0.36966	0.9609164298013583	26388
743	22.0	0.39614000000000005	0.9885406100992224	28933
744	18.0	0.38216	0.9623809301742244	29069
745	14.0	0.36666000000000004	0.9483580082758758	31361
746	12.0	0.39182	0.9564774759197349	34446
747	17.0	0.4025000000000001	0.9861921353945083	33593
748	19.0	0.37658	0.9530373317961613	28292
749	14.0	0.36282000000000003	0.878909324705031	19826
750	14.0	0.37433999999999995	0.8241544642696343	21596
751	16.0	0.35832	0.8241762992573666	16870
752	20.0	0.36700000000000005	0.7635202873057073	15998
753	13.0	0.37644	0.7411270024830479	16618
754	10.0	0.36477999999999994	0.7490857293887603	16663
755	21.0	0.3711200000000001	0.7346324226365645	15813
756	20.0	0.36304	0.853020110729882	15489
757	14.0	0.37114	0.9508231186543644	16427
758	18.0	0.35137999999999997	0.9239325852800552	17830
759	18.0	0.35574	0.95839985021152	17279
760	20.0	0.37218	0.934360641563875	17052
761	14.0	0.37342	0.9425241938106316	18996
762	14.0	0.37644000000000005	0.9403246122981341	20025
763	15.0	0.37536	0.977965856632389	21832
764	21.0	0.38610000000000005	0.840475653483057	23346
765	16.0	0.38530000000000003	0.8211521914823526	23797
766	12.0	0.40767999999999993	0.9134881668517485	28406
767	20.0	0.39564000000000005	0.8837962022146805	27191
768	19.0	0.38642	0.7430038053127479	23520
769	17.0	0.38464000000000004	0.9374413188292429	27516
770	15.0	0.4041199999999999	0.9322786809700351	31348
771	16.0	0.36244	0.9250657351450199	27583
772	21.0	0.33818	0.9634096252838323	26966
773	18.0	0.38605999999999996	0.9279280117458536	31208
774	14.0	0.39431999999999995	0.9242499160429796	35928
775	20.0	0.37383999999999995	0.9591924850120227	33312
776	14.0	0.41442	0.9622043091841933	31734
777	15.0	0.43056000000000005	0.7341485480191543	36647
778	20.0	0.41776	0.931568847064434	35856
779	16.0	0.42416	0.9386530803509749	33804
780	16.0	0.41436000000000006	0.9613059853888394	30850
781	17.0	0.40212	0.6820050119409953	28018
782	18.0	0.4148800000000001	0.750155553164367	24938
783	14.0	0.40284	0.9440311846614581	25139
784	10.0	0.37335999999999997	0.9206660680826688	26062
785	21.0	0.3751	0.8930434417367666	21847
786	16.0	0.37594	0.9099367834996603	23349
787	11.0	0.3911399999999999	0.9445964464268857	26093
788	18.0	0.40301999999999993	0.9573070120318066	31691
789	18.0	0.38480000000000003	0.9885864193965472	32199
790	16.0	0.37823999999999997	0.8690329515643386	25577
791	15.0	0.3847999999999999	0.8436963788943376	30601
792	15.0	0.40536	0.9539198224312557	32593
793	12.0	0.3936	0.9248250198924811	34675
794	16.0	0.4143	0.8488063225594099	33508
795	13.0	0.40544	0.9856700352155046	35048
796	20.0	0.42450000000000004	0.9160037829476037	35921
797	14.0	0.42113999999999996	0.967784794807867	38972
798	12.0	0.3954599999999999	0.9570426164413891	32849
799	15.0	0.37199999999999994	0.9474577738127287	34104
800	15.0	0.38361999999999996	0.9300724620102562	36648
801	20.0	0.40203999999999995	0.9485091363320404	38536
802	17.0	0.39693999999999996	0.9114925005599606	33502
803	18.0	0.4097	0.9043393785603819	39464
804	15.0	0.41174	0.9005311315759008	42013
805	9.0	0.39907999999999993	0.8767873458994647	39502
806	15.0	0.44350000000000006	0.9180862175294051	43503
807	11.0	0.49967999999999996	0.919165647028296	54595
808	9.0	0.46413999999999994	0.8083332248102254	45738
809	17.0	0.39084	0.8774903597854875	40095
810	15.0	0.4770999999999999	0.9201390409041882	41423
811	8.0	0.5590600000000001	0.9507775417508325	50985
812	9.0	0.52928	0.9522287807087008	54342
813	12.0	0.48776	0.8569509957249623	48799
814	12.0	0.5249999999999999	0.894114766422059	56875
815	6.0	0.49174	0.8803266299798553	49831
816	7.0	0.45531999999999995	0.8584834317673615	47084
817	9.0	0.4428	0.805075632838673	50914
818	18.0	0.40268	0.7876485836468918	43325
819	5.0	0.45362	0.640911670987826	45919
820	9.0	0.4600400000000001	0.7888167015488987	48794
821	12.0	0.5043799999999999	0.8295675155286625	56635
822	5.0	0.49276000000000003	0.8246912296264247	47874
823	8.0	0.5121800000000001	0.7932823249919815	56024
824	8.0	0.55098	0.9347050679452286	49291
825	10.0	0.46098	0.8719927474791237	46393
826	14.0	0.41319999999999996	0.8563356437322911	43756
827	9.0	0.4165	0.8012675351970544	41729
828	3.0	0.46174000000000004	0.649230735685396	51453
829	8.0	0.4385000000000001	0.6996780777514291	46585
830	12.0	0.43918	0.7670028863678284	46474
831	9.0	0.43118	0.7351999900072278	40894
832	16.0	0.44716	0.7210941929004359	47772
833	8.0	0.4699399999999999	0.6460920300094146	48085
834	6.0	0.45915999999999996	0.7079940229379343	52942
835	8.0	0.50746	0.848108740643981	51986
836	7.0	0.5055	0.7741211465864262	54211
837	11.0	0.49948	0.7833959973543347	54869
838	7.0	0.43085999999999997	0.7982001269441146	42850
839	19.0	0.40274	0.8522206672723684	46344
840	14.0	0.39171999999999996	0.8686930361717491	37459
841	15.0	0.4392999999999999	0.8673377205478	54007
842	4.0	0.57202	0.9629435848735665	48605
843	8.0	0.56816	0.9583727106534026	50532
844	13.0	0.47182	0.931401609403125	50959
845	13.0	0.48288	0.9178555347008394	48858
846	22.0	0.48392	0.9434648305566209	48182
847	12.0	0.49310000000000004	0.9241486448247872	49322
848	5.0	0.4802199999999999	0.9163193841931845	45924
849	8.0	0.42522000000000004	0.8882046231389548	45386
850	16.0	0.3938199999999999	0.8200735302671711	38928
851	15.0	0.39641999999999994	0.8011388289984467	45902
852	11.0	0.40564	0.8755587297855522	43110
853	9.0	0.46182	0.883674865554267	48964
854	14.0	0.4231600000000001	0.8837177142907319	40146
855	12.0	0.4258799999999999	0.7952797024398266	48132
856	14.0	0.41975999999999997	0.8057284451814255	50619
857	16.0	0.4323400000000001	0.8087853558153483	51034
858	12.0	0.4112199999999999	0.7897072633297794	51413
859	16.0	0.45194	0.8961002715416254	49354
860	17.0	0.46266000000000007	0.9141631375480682	48266
861	15.0	0.40922000000000003	0.7451521070395507	40214
862	12.0	0.38134000000000007	0.8750966309948267	35777
863	9.0	0.40206000000000003	0.7729674978731478	42386
864	17.0	0.41548	0.801801927427059	46288
865	12.0	0.40274	0.8115094238806324	41472
866	10.0	0.39246	0.785470926449452	37120
867	15.0	0.39808000000000004	0.8130778522831729	39182
868	9.0	0.41262	0.8008127771928961	45165
869	10.0	0.42247999999999997	0.8042591845180393	36692
870	19.0	0.48198	0.9096291843136921	46454
871	13.0	0.46409999999999996	0.8404470900362498	52378
872	8.0	0.42225999999999997	0.9139577120942317	47283
873	17.0	0.42475999999999997	0.8944017845354091	40975
874	20.0	0.41456	0.8793351332185866	42924
875	13.0	0.41548	0.8250722913453175	43525
876	11.0	0.47658	0.8555474097466716	45829
877	16.0	0.46716	0.50017731136145	10420
878	12.0	0.45518000000000003	0.49965220232549173	24246
879	14.0	0.46674000000000004	0.4929860037564913	9344
880	10.0	0.4572800000000001	0.5768394084576167	29933
881	15.0	0.46881999999999996	0.7777618816099514	45139
882	6.0	0.42812000000000006	0.7587059788608262	41315
883	16.0	0.46274	0.8810038219543708	46704
884	10.0	0.44396	0.9164486007578555	43135
885	12.0	0.40956000000000004	0.8018195782825068	40777
886	19.0	0.39548	0.7789928493614384	35605
887	19.0	0.38144	0.9148304169003025	30628
888	18.0	0.3889	0.8452814166138621	36690
889	10.0	0.40678000000000003	0.8696673148444956	36481
890	15.0	0.4137800000000001	0.6671161952325393	38690
891	12.0	0.43006	0.7792910949759396	49671
892	10.0	0.40412	0.8120118415654938	37628
893	9.0	0.40014000000000005	0.7074870516334516	38182
894	13.0	0.42338000000000003	0.7112505956587459	44348
895	15.0	0.39768000000000003	0.8263300481992496	40860
896	12.0	0.41288	0.8157958590058276	41541
897	13.0	0.42766000000000004	0.8057616604219829	41794
898	5.0	0.39902	0.824433156021413	39818
899	12.0	0.42914	0.7650025949342826	49623
900	14.0	0.41512	0.7928986328222907	46316
901	18.0	0.39968	0.7822887637864434	34968
902	12.0	0.45364000000000004	0.5889428516417021	34834
903	21.0	0.4263	0.534077254389079	42288
904	7.0	0.39275999999999994	0.6865297380293848	35248
905	15.0	0.39364	0.6159373920892567	34626
906	21.0	0.44260000000000005	0.5445940164390568	38062
907	12.0	0.48116	0.7370485416729616	44032
908	8.0	0.52984	0.9247509402308164	46946
909	9.0	0.50762	0.9127808634284622	52776
910	9.0	0.42791999999999997	0.780572143183544	42354
911	11.0	0.42812	0.8273247597855543	36863
912	20.0	0.41556	0.8215983465666238	33322
913	20.0	0.4067	0.9321323183067851	38387
914	19.0	0.4396999999999999	0.8628606010204262	41186
915	10.0	0.41312	0.8243569943249002	30754
916	12.0	0.4314	0.8040777609930764	42325
917	13.0	0.41836	0.8242439245621297	41280
918	9.0	0.43654	0.8159489142266992	40666
919	19.0	0.45067999999999997	0.8883163624992991	32563
920	18.0	0.4179399999999999	0.8510930702090583	25972
921	21.0	0.41566000000000003	0.9449970840461258	22488
922	20.0	0.41928000000000004	0.820831690581393	20374
923	11.0	0.4017	0.8743267701919865	19496
924	15.0	0.39292	0.9279512892482769	18925
925	16.0	0.37842	0.9193355447520881	16509
926	12.0	0.36607999999999996	0.9140530033046215	16588
927	19.0	0.3902000000000001	0.8808090666167638	19504
928	16.0	0.37910000000000005	0.869104638950696	16166
929	17.0	0.37189999999999995	0.9247300457988883	19651
930	22.0	0.3702	0.900284352618477	17873
931	19.0	0.39268000000000003	0.9357506716371727	17390
932	18.0	0.37646	0.9355747645993483	18569
933	13.0	0.37418000000000007	0.7574240494875637	13967
934	24.0	0.3791799999999999	0.8593042640079973	12717
935	16.0	0.35902	0.9088373962329046	16311
936	14.0	0.36321999999999993	0.8307723734289245	15977
937	16.0	0.37368	0.9486204751524716	18079
938	17.0	0.3696600000000001	0.9079531363078635	14973
939	18.0	0.3508799999999999	0.9641283148960047	13460
940	21.0	0.36364	0.8176964664206469	13900
941	18.0	0.35345999999999994	0.9335880335426694	14303
942	12.0	0.36218000000000006	0.9267499652073052	13234
943	19.0	0.35452	0.9534265477740238	13930
944	19.0	0.34480000000000005	0.9275484380590916	16630
945	7.0	0.36062	0.7693924937601215	14950
946	13.0	0.35495999999999994	0.8373582683862588	16344
947	11.0	0.35162000000000004	0.5465294939125322	13690
948	17.0	0.36376	0.8513698627824378	13845
949	18.0	0.3782400000000001	0.8588419674601107	15844
950	19.0	0.36524	0.9552468816638439	17664
951	17.0	0.3794600000000001	0.8844945580454463	15511
952	17.0	0.38111999999999996	0.922325636312452	16793
953	10.0	0.40342	0.9611200186695443	16553
954	15.0	0.38508000000000003	0.9828818185877509	18328
955	16.0	0.3827999999999999	0.9832595583345125	16943
956	25.0	0.396	0.9708286243570602	18152
957	23.0	0.38998000000000005	0.9629111620616191	17765
958	19.0	0.3892	0.9855222839334977	18580
959	19.0	0.38454	0.9768031993582618	17858
960	12.0	0.41607999999999995	0.9572694704001738	20553
961	18.0	0.39818	0.966347927936025	20454
962	20.0	0.41129999999999994	0.9553594807604158	19593
963	14.0	0.40158	0.8927840034626995	18526
964	12.0	0.39326	0.9594819778831081	19556
965	15.0	0.40812	0.9747439769078865	21841
966	15.0	0.39925999999999995	0.9287414323360372	20519
967	11.0	0.4192000000000001	0.9677574392647491	21569
968	9.0	0.35734	0.9688975118204365	16836
969	14.0	0.3544	0.9645274073840401	17529
970	15.0	0.39004	0.9147552406148037	21498
971	20.0	0.384	0.9445403462278295	24869
972	11.0	0.406	0.9038423005673909	29281
973	12.0	0.41936	0.9024446878142097	34532
974	20.0	0.39415999999999995	0.9728366872518309	31234
975	21.0	0.38578	0.9605391038190636	30564
976	17.0	0.38576	0.9735188465845768	30198
977	14.0	0.3802399999999999	0.9737585612186132	31877
978	15.0	0.40637999999999996	0.9628722953225521	33617
979	12.0	0.38040000000000007	0.9274513647011998	40738
980	13.0	0.36902000000000007	0.9238608699017249	33667
981	18.0	0.36129999999999995	0.9491537296303356	31914
982	20.0	0.38746	0.9338784883900406	40229
983	18.0	0.396	0.9220775408820159	39780
984	10.0	0.40824000000000005	0.8780445756798058	40959
985	9.0	0.41802	0.8818954772763264	40228
986	18.0	0.37258	0.9264748835120303	37440
987	17.0	0.39942000000000005	0.8468570524240226	35236
988	17.0	0.35788	0.9160022377383831	27934
989	7.0	0.37352	0.8357571807235786	34320
990	20.0	0.37812000000000007	0.9039502892619656	35553
991	19.0	0.39287999999999995	0.8209019057396254	27737
992	23.0	0.3921	0.8383582869958486	29791
993	17.0	0.36674000000000007	0.7401409501529793	24684
994	11.0	0.34206000000000003	0.9708169577367739	25385
995	13.0	0.34694	0.7132002448464141	21708
996	9.0	0.3765	0.8353444875578329	23258
997	22.0	0.36196	0.8633397700866741	28847
998	16.0	0.35883999999999994	0.9449878509745953	28174
999	15.0	0.37718	0.8723396506788478	29308
1000	19.0	0.39252000000000004	0.9111051162852644	30922
1001	19.0	0.36918	0.778096321520038	23311
1002	16.0	0.39415999999999995	0.8260264560450584	22614
1003	19.0	0.38956	0.9666647970519293	31200
1004	16.0	0.37006000000000006	0.9119911217787903	26692
1005	25.0	0.3729	0.8476098439130318	29464
1006	17.0	0.38811999999999997	0.9430408991730977	31520
1007	11.0	0.36588	0.8845718567264844	34992
1008	9.0	0.39488000000000006	0.9115378218444592	46372
1009	11.0	0.42378	0.7979920307554099	46081
1010	17.0	0.43482	0.871806627010586	50834
1011	11.0	0.397	0.8700463790846844	40814
1012	15.0	0.40214	0.8465135227718708	45045
1013	15.0	0.43346	0.7362050088918505	43063
1014	5.0	0.41642	0.7968955994754849	43110
1015	12.0	0.39160000000000006	0.8190537378067069	40967
1016	14.0	0.40832000000000007	0.8231096313021669	41744
1017	15.0	0.37083999999999995	0.8576447487389043	31079
1018	10.0	0.38630000000000003	0.8318214163170726	37127
1019	7.0	0.42056000000000004	0.754000299495606	47147
1020	14.0	0.39936	0.7808322514924669	40041
1021	8.0	0.44596	0.73137178534953	45709
1022	21.0	0.39826	0.8009138839970402	34773
1023	16.0	0.41731999999999997	0.8031262675868073	41010
1024	16.0	0.38766	0.8470473584540725	33627
1025	15.0	0.375	0.842676693459222	38248
1026	11.0	0.41384	0.7707773316312668	38573
1027	15.0	0.4452199999999999	0.9484271353144649	35882
1028	11.0	0.41973999999999995	0.90082594250612	39405
1029	12.0	0.436	0.8671620387805468	38541
1030	18.0	0.42027999999999993	0.9698386392834807	38554
1031	20.0	0.45663999999999993	0.9063543236392886	36805
1032	18.0	0.44481999999999994	0.9568819640246455	41105
1033	14.0	0.45348	0.9504408311141334	46227
1034	17.0	0.39771999999999996	0.7583607021692157	33029
1035	21.0	0.36204000000000003	0.9496624826592096	33892
1036	20.0	0.36096000000000006	0.864091081645995	35015
1037	17.0	0.37851999999999997	0.7084663164703718	34669
1038	11.0	0.40116	0.8466272537635702	42044
1039	22.0	0.39012	0.9495316949254119	41857
1040	12.0	0.42182000000000003	0.91788743454183	45465
1041	14.0	0.4150400000000001	0.8072202859519542	48895
1042	18.0	0.3995	0.9218749883526652	42713
1043	20.0	0.40596000000000004	0.8596984633282603	43107
1044	21.0	0.42504	0.8375374159285248	42162
1045	15.0	0.43900000000000006	0.7530190773458691	46170
1046	11.0	0.43422000000000005	0.7886360202209942	46884
1047	13.0	0.4310399999999999	0.8355448482124617	45937
1048	10.0	0.46007999999999993	0.9039051750247389	45299
1049	13.0	0.4423	0.8235798252617089	46111
1050	21.0	0.4468	0.9091074053349344	41696
1051	18.0	0.46066000000000007	0.9021002350427056	31745
1052	14.0	0.39128	0.927167512273708	28072
1053	27.0	0.39087999999999995	0.9276565935369862	31426
1054	16.0	0.39779999999999993	0.8770129649851731	30943
1055	21.0	0.41145999999999994	0.7498174844231934	33710
1056	10.0	0.4112199999999999	0.8555746432330489	37150
1057	14.0	0.38364	0.9112998991497803	30306
1058	14.0	0.36658	0.9194299483927424	33674
1059	16.0	0.3841200000000001	0.9193976228942001	32769
1060	12.0	0.42228	0.8198313389206279	31135
1061	12.0	0.48047999999999996	0.9729822933925532	22256
1062	14.0	0.40996000000000005	0.7860876023153165	23204
1063	21.0	0.40928000000000003	0.8676590127126482	23318
1064	22.0	0.39940000000000003	0.9381671285619987	16806
1065	19.0	0.39118	0.9264222273883239	19873
1066	14.0	0.38176000000000004	0.8904976521267012	17364
1067	17.0	0.38896000000000003	0.9345036254006414	21598
1068	19.0	0.39469999999999994	0.8138987982007094	17603
1069	14.0	0.39342	0.8453848250428311	20088
1070	21.0	0.39107999999999987	0.9515613404700521	18722
1071	17.0	0.37549999999999994	0.9472131425590804	15374
1072	17.0	0.40268	0.936115268370009	20744
1073	15.0	0.39372	0.9556589305455166	16818
1074	21.0	0.40818000000000004	0.8573318660624337	18538
1075	18.0	0.38921999999999995	0.8898977791527385	15362
1076	14.0	0.36476	0.8750446141660919	13022
1077	22.0	0.35857999999999995	0.9537929657802194	15211
1078	24.0	0.35419999999999996	0.9413494549776059	14978
1079	13.0	0.3771	0.8328755985932413	14510
1080	12.0	0.36910000000000004	0.9485571266362888	15797
1081	7.0	0.38555999999999996	0.8773740543243913	17200
1082	20.0	0.3693	0.9119424112807549	16678
1083	14.0	0.37976	0.8727303623438782	19680
1084	15.0	0.3950599999999999	0.9077590731206443	15819
1085	23.0	0.3632000000000001	0.9577190853170197	14768
1086	19.0	0.37549999999999994	0.9102096258191573	17692
1087	14.0	0.3820599999999999	0.8714583909380603	17906
1088	15.0	0.35266000000000003	0.9275952056678929	14713
1089	17.0	0.34996000000000005	0.8716654373198682	16387
1090	12.0	0.3720000000000001	0.9141753684379861	15993
1091	11.0	0.35008	0.9381313408370813	15271
1092	12.0	0.3467	0.9549086959965467	13690
1093	16.0	0.34646	0.9815380054143918	15450
1094	19.0	0.3617	0.7936115042406581	16713
1095	17.0	0.36006	0.8820635655196994	16241
1096	11.0	0.34937999999999997	0.8921845112380878	14987
1097	23.0	0.38542000000000004	0.9036342096864272	17195
1098	18.0	0.36388	0.9455116045286828	17047
1099	14.0	0.36506	0.8263249868406021	18398
1100	15.0	0.37126	0.8598856420725007	19081
1101	14.0	0.36678	0.8999320233493768	19115
1102	22.0	0.39024000000000003	0.8633785569825205	17837
1103	9.0	0.38544000000000006	0.8071624480891634	20647
1104	17.0	0.3785799999999999	0.7356051297926894	19710
1105	12.0	0.3876800000000001	0.8796027494649348	18769
1106	12.0	0.39096000000000003	0.9446136432030574	25042
1107	10.0	0.38043999999999994	0.7590305953551693	21713
1108	14.0	0.41154	0.7193813777705348	31320
1109	11.0	0.3826	0.9199490629817099	35292
1110	19.0	0.39161999999999997	0.9079567589643665	43953
1111	9.0	0.43794000000000005	0.7648118553979538	39849
1112	11.0	0.40739999999999993	0.769321701693074	38016
1113	15.0	0.40314	0.8319376877373507	42420
1114	12.0	0.44214	0.6512775149565067	37591
1115	15.0	0.41367999999999994	0.692965475836302	35949
1116	13.0	0.3995	0.8126858164103328	34298
1117	13.0	0.40196	0.817310625421617	26861
1118	15.0	0.3895	0.8709550097204528	30546
1119	10.0	0.37564	0.9167825326119521	30041
1120	16.0	0.40986000000000006	0.8566681065904924	31531
1121	13.0	0.44799999999999995	0.7953572974806618	38524
1122	10.0	0.4048	0.856156033014775	34086
1123	18.0	0.36943999999999994	0.8698620977961586	30368
1124	14.0	0.38615999999999995	0.7834985662642012	32624
1125	9.0	0.39813999999999994	0.8284002142744482	33856
1126	12.0	0.41285999999999995	0.8497480820530283	38429
1127	11.0	0.381	0.8312374818332159	31563
1128	14.0	0.39299999999999996	0.6516989943122675	28177
1129	18.0	0.36118	0.9474738153787597	32943
1130	16.0	0.37436	0.92921322938759	29086
1131	18.0	0.36991999999999997	0.8388922132188688	29627
1132	17.0	0.37427999999999995	0.8101192950477726	25271
1133	16.0	0.36502	0.8263918193324813	29353
1134	14.0	0.3508800000000001	0.8638266933348143	28946
1135	20.0	0.39858000000000005	0.9073236915462406	34950
1136	13.0	0.3843	0.787727051704621	32947
1137	17.0	0.37205999999999995	0.7664308891646858	29483
1138	15.0	0.35082	0.9368615812953566	31558
1139	11.0	0.34019999999999995	0.9184091242946814	28282
1140	20.0	0.37538	0.9003736068770295	36246
1141	19.0	0.39332	0.8792633034925627	38770
1142	9.0	0.3918000000000001	0.9310150252970174	34242
1143	16.0	0.38648000000000005	0.8510278841740094	35934
1144	18.0	0.38299999999999995	0.8958982025862763	35594
1145	10.0	0.36410000000000003	0.9141853790886691	32694
1146	12.0	0.37778	0.9307098543260229	38306
1147	20.0	0.3629800000000001	0.9405736242197086	32683
1148	27.0	0.36961999999999995	0.9506465408733222	41688
1149	15.0	0.37485999999999997	0.9089695629097687	38848
1150	17.0	0.3605799999999999	0.9320020205941598	36946
1151	25.0	0.4150000000000001	0.8947157246219276	47980
1152	10.0	0.49113999999999997	0.901272884225446	54760
1153	19.0	0.44476	0.8853790404206552	39560
1154	11.0	0.42196	0.9346314124745306	40323
1155	15.0	0.43137999999999993	0.9485389007009286	36902
1156	12.0	0.46546	0.9695730427133592	46637
1157	18.0	0.44634	0.9661299983657666	40862
1158	13.0	0.42404000000000003	0.9617008688914872	37205
1159	14.0	0.3916800000000001	0.9464569729378063	36014
1160	12.0	0.4225399999999999	0.9094009918589644	39932
1161	10.0	0.41717999999999994	0.9683766278346366	35653
1162	13.0	0.40220000000000006	0.8836123688881187	36864
1163	22.0	0.40678000000000003	0.9255701689101954	38889
1164	17.0	0.43184	0.9281315101880129	39882
1165	14.0	0.39206	0.9161483757026635	39131
1166	16.0	0.37249999999999994	0.8814122029885424	40972
1167	15.0	0.37877999999999995	0.9490995876966989	46645
1168	20.0	0.3978400000000001	0.8268719032869527	41702
1169	14.0	0.40838	0.8561607806366504	51010
1170	25.0	0.43364	0.902466870026024	46446
1171	25.0	0.41164	0.9532952242467241	43016
1172	16.0	0.40776	0.8930274606846174	45666
1173	19.0	0.42772	0.8780883358527117	50736
1174	17.0	0.44076	0.9199669234816955	47930
1175	20.0	0.46316	0.9623467952016623	47413
1176	12.0	0.46122	0.9611920353672071	56619
1177	16.0	0.39818000000000003	0.9168911783638972	40444
1178	14.0	0.36372	0.8913847345014466	37196
1179	13.0	0.37323999999999996	0.9189717889237654	35868
1180	12.0	0.39873999999999993	0.8843428635535996	42705
1181	10.0	0.41048	0.8157902226390049	40873
1182	8.0	0.39736000000000005	0.7755359310192802	44863
1183	15.0	0.4077200000000001	0.8612180391028377	39069
1184	11.0	0.39958	0.8354264472505945	41119
1185	15.0	0.40496000000000004	0.8211008952620724	44072
1186	17.0	0.38038000000000005	0.8615362446929824	37961
1187	21.0	0.38917999999999997	0.9006920251977111	38122
1188	23.0	0.44538000000000005	0.8182785120478417	45564
1189	17.0	0.44617999999999997	0.9077961272110845	40979
1190	19.0	0.41796	0.8928494984088496	37524
1191	10.0	0.42926000000000003	0.9168207943157588	38876
1192	11.0	0.42591999999999997	0.8772343874214454	36178
1193	11.0	0.4449	0.841684759573646	38418
1194	10.0	0.43716	0.8613577454226703	35459
1195	16.0	0.4039600000000001	0.769039151359914	36267
1196	7.0	0.4402999999999999	0.8401439156941533	41085
1197	13.0	0.42321999999999993	0.8314803423743352	39084
1198	16.0	0.42272000000000004	0.8583854478084956	39156
1199	10.0	0.3868000000000001	0.868621242929777	36271
1200	12.0	0.41894	0.8688703389984379	35960
1201	12.0	0.40181999999999995	0.7537289294000082	30292
1202	19.0	0.40564000000000006	0.8998448538669801	33896
1203	11.0	0.42121999999999993	0.9056952036345427	31234
1204	13.0	0.39712	0.9178045446931584	28897
1205	17.0	0.41244	0.940455216050208	29442
1206	12.0	0.39980000000000004	0.9244362488994152	30154
1207	12.0	0.41981999999999997	0.9372197205145435	32698
1208	15.0	0.39366	0.9280623556426192	29718
1209	10.0	0.3903400000000001	0.9399971693349913	26639
1210	16.0	0.39898000000000006	0.86460827113242	29613
1211	21.0	0.40974000000000005	0.8737464175958893	36050
1212	18.0	0.42778	0.8497866035329017	37700
1213	18.0	0.44032	0.8795076888649225	35188
1214	21.0	0.38618	0.861368412845235	38466
1215	9.0	0.37566000000000005	0.9341578242121747	39238
1216	21.0	0.40484000000000003	0.9655402332589627	32782
1217	13.0	0.39899999999999997	0.9450984055698675	30702
1218	13.0	0.41954	0.9611014204462578	29501
1219	25.0	0.40495999999999993	0.9453587177853865	29133
1220	8.0	0.41912	0.9584307457082674	28125
1221	20.0	0.42303999999999997	0.9758099044900412	29399
1222	15.0	0.43245999999999996	0.9436319891023326	26479
1223	15.0	0.42223999999999995	0.9632166248600057	28149
1224	22.0	0.4356999999999999	0.8472264383884613	27551
1225	19.0	0.41194000000000003	0.950079787505469	25945
1226	21.0	0.41104000000000007	0.9627021389101231	25901
1227	15.0	0.43048000000000003	0.9517822658678542	26874
1228	16.0	0.40472	0.9730828641465689	25860
1229	18.0	0.42330000000000007	0.9631152716722202	30277
1230	12.0	0.41098	0.9364132335731681	25795
1231	8.0	0.38077999999999995	0.8928624103633505	22605
1232	10.0	0.40259999999999996	0.9287459615322772	23520
1233	19.0	0.4051400000000001	0.8950863510117247	26833
1234	11.0	0.39176	0.8969626218298961	23477
1235	11.0	0.40204000000000006	0.9643132202384427	25356
1236	20.0	0.41989999999999994	0.9607382118560663	24742
1237	22.0	0.3962199999999999	0.9255547157675668	23662
1238	18.0	0.4051200000000001	0.9639945267779872	29406
1239	17.0	0.38874000000000003	0.9691195554282379	28311
1240	23.0	0.40976	0.9479204466003152	27843
1241	15.0	0.40165999999999996	0.9451485916675689	29423
1242	10.0	0.42856	0.9650951651946684	30173
1243	12.0	0.3489	0.8510353909830336	25860
1244	16.0	0.34898	0.9081252848740546	25310
1245	16.0	0.3486200000000001	0.8458786197420161	26440
1246	15.0	0.34556000000000003	0.8116814119241654	23370
1247	22.0	0.41755999999999993	0.8867704007086163	37260
1248	15.0	0.41700000000000004	0.8971903036568796	36508
1249	15.0	0.40754000000000007	0.9229700375678502	29757
1250	12.0	0.46874000000000005	0.85833224583533	30590
1251	13.0	0.41454	0.8228685491298189	29097
1252	12.0	0.4367600000000001	0.8279391674309728	35927
1253	13.0	0.4359	0.8779944179911173	34019
1254	20.0	0.45303999999999994	0.9103762366403537	35305
1255	17.0	0.4504600000000001	0.8928651396756986	32826
1256	16.0	0.42060000000000003	0.9170635719825512	33388
1257	12.0	0.42972	0.9097404052383291	28742
1258	20.0	0.42086000000000007	0.9503180611867148	31885
1259	14.0	0.41316	0.9249854843123727	32852
1260	15.0	0.42547999999999997	0.9582253190232461	32805
1261	14.0	0.4598	0.9486462319113569	37569
1262	10.0	0.45435999999999993	0.9592776047617226	37932
1263	12.0	0.4368599999999999	0.9096325611042495	33804
1264	9.0	0.44054000000000004	0.8961732259171353	35700
1265	12.0	0.44828	0.9452963660020541	39324
1266	14.0	0.46077999999999997	0.961786190450968	45520
1267	11.0	0.44793999999999995	0.8576037353488201	48251
1268	17.0	0.4171600000000001	0.8605182235979049	45424
1269	13.0	0.43168000000000006	0.8789656301358376	49150
1270	17.0	0.39902	0.881247300530531	46017
1271	14.0	0.40896	0.8984313374152652	44639
1272	16.0	0.4610799999999999	0.918382368992908	53002
1273	14.0	0.46396	0.9001839440890823	56773
1274	21.0	0.45077999999999996	0.8995373293303655	53430
1275	9.0	0.46862000000000004	0.8881673522787925	52786
1276	19.0	0.37002	0.9296330987545546	40636
1277	18.0	0.42732	0.9264965156175705	39545
1278	18.0	0.40553999999999996	0.8219672200854922	36602
1279	21.0	0.38051999999999997	0.914618942761602	34904
1280	14.0	0.3766399999999999	0.9023865840370896	41619
1281	18.0	0.39422	0.8511271245869073	38662
1282	8.0	0.4078	0.8436162719385263	49370
1283	15.0	0.48022000000000004	0.8952198872644195	54737
1284	15.0	0.47432	0.8780161362504552	56212
1285	12.0	0.46540000000000004	0.8151403459322605	54530
1286	7.0	0.47186000000000006	0.9249011849213014	54780
1287	12.0	0.42776	0.8305717756954023	52559
1288	13.0	0.4672	0.8777202824451691	47760
1289	14.0	0.43764000000000003	0.8528801328899756	50056
1290	14.0	0.39641999999999994	0.8667519059485805	43382
1291	11.0	0.3857200000000001	0.8176967106077225	41726
1292	15.0	0.41066	0.6904930075398955	37216
1293	5.0	0.43052	0.7322665578526999	49216
1294	9.0	0.41766	0.7859647299091574	51984
1295	6.0	0.43742	0.8208628401776427	49856
1296	10.0	0.41480000000000006	0.817569006318745	48096
1297	10.0	0.41507999999999995	0.7962313072533375	45489
1298	8.0	0.42530000000000007	0.7945117830301657	51783
1299	11.0	0.4640800000000001	0.8557829116297891	48179
1300	9.0	0.50558	0.7643600336713796	60055
1301	11.0	0.50822	0.7276040578358166	50345
1302	8.0	0.52078	0.8261144619708761	56118
1303	1.0	0.5053	0.8426496724834692	56143
1304	17.0	0.46909999999999996	0.8739555688818634	46326
1305	17.0	0.43332	0.8031602946520183	46970
1306	11.0	0.43992	0.8677528253916019	50891
1307	14.0	0.5222	0.9069716231924382	46207
1308	21.0	0.43478	0.7746618864039352	43337
1309	8.0	0.44205999999999995	0.8132472042937499	49753
1310	9.0	0.47806	0.808282516910537	50949
1311	9.0	0.46552	0.8491155325616814	53910
1312	7.0	0.51308	0.7971049750452768	54954
1313	10.0	0.51484	0.9088472895840385	46459
1314	19.0	0.46281999999999995	0.8472505006033995	50353
1315	11.0	0.41722000000000004	0.7526142292079372	46305
1316	12.0	0.43412	0.8055063129156701	49975
1317	19.0	0.40706	0.8691155107324453	42041
1318	16.0	0.45436	0.8777769385984359	54894
1319	13.0	0.36202	0.907894162585042	36280
1320	17.0	0.3708000000000001	0.8558895556709418	40507
1321	16.0	0.39311999999999997	0.8464818142025076	40422
1322	12.0	0.42668	0.7476482710336879	47629
1323	15.0	0.40816	0.8931034089603015	44781
1324	17.0	0.4970800000000001	0.9462848307175974	47215
1325	8.0	0.48986	0.931335449348699	49387
1326	10.0	0.49102	0.9317907053533442	44121
1327	12.0	0.48864	0.9288341903091634	42617
1328	15.0	0.5077599999999999	0.9765563452506841	52555
1329	8.0	0.47978000000000004	0.9292719619084002	49911
1330	12.0	0.49226	0.9369539465754838	45827
1331	17.0	0.43886000000000003	0.8721954911168822	46500
1332	9.0	0.42959999999999987	0.7914264753000707	51472
1333	7.0	0.44421999999999995	0.7493771817635151	51943
1334	15.0	0.43926000000000004	0.8203028104866308	42765
1335	12.0	0.45498	0.8290419983163438	52016
1336	9.0	0.40088	0.8213267245829857	40612
1337	8.0	0.498	0.8447335674981806	57715
1338	7.0	0.5114800000000002	0.9055450648623442	50008
1339	13.0	0.49752	0.9046806623930319	52435
1340	11.0	0.49695999999999996	0.9508409401914152	50610
1341	11.0	0.49498	0.9345867453057561	58314
1342	15.0	0.49634	0.8639789587247045	59215
1343	13.0	0.46214	0.8746289813250058	53720
1344	12.0	0.47686000000000006	0.9480398966659201	57234
1345	7.0	0.44252	0.800357446392238	56380
1346	16.0	0.46867999999999993	0.8533489885217708	53179
1347	18.0	0.48102000000000006	0.9303924707768063	62778
1348	17.0	0.46775999999999995	0.9380969922239124	46623
1349	9.0	0.48090000000000005	0.9502384612576904	47548
1350	10.0	0.39602	0.8993484423629962	42243
1351	18.0	0.37238	0.8921360503082039	43033
1352	11.0	0.36776000000000003	0.916877739600715	41105
1353	15.0	0.38402000000000003	0.934887930212737	43971
1354	18.0	0.41344000000000003	0.7224258639619541	43610
1355	14.0	0.4188799999999999	0.8921757540169566	50399
1356	16.0	0.40979999999999994	0.8704052077316552	44892
1357	19.0	0.38928000000000007	0.8950887728827902	36814
1358	11.0	0.38228	0.8671400472240635	40546
1359	13.0	0.3729199999999999	0.9010270926546328	38461
1360	23.0	0.39393999999999996	0.9277349959547352	42196
1361	18.0	0.4317600000000001	0.9748668999233043	41304
1362	11.0	0.52022	0.9309120872517728	43797
1363	8.0	0.43099999999999994	0.8801090506831287	48203
1364	13.0	0.43584	0.8790236214453193	47259
1365	12.0	0.42623999999999995	0.8862503204495678	47139
1366	10.0	0.4364	0.8917344315447182	48011
1367	16.0	0.3685400000000001	0.9120954976741971	36885
1368	15.0	0.3785	0.8801623497679327	32852
1369	14.0	0.42046	0.9185280747043553	37890
1370	8.0	0.47063999999999995	0.8143010126639334	40460
1371	17.0	0.41546000000000005	0.9292764230811207	39256
1372	11.0	0.5163399999999999	0.9673453533786013	43057
1373	11.0	0.45930000000000004	0.9380654469660833	39556
1374	16.0	0.46032000000000006	0.969778705948192	39526
1375	21.0	0.45687999999999995	0.9562279185941751	34733
1376	13.0	0.43568000000000007	0.9376439559759168	39025
1377	4.0	0.5087	0.9621115396752412	40981
1378	10.0	0.48930000000000007	0.9409337169666449	43804
1379	17.0	0.48192000000000007	0.87920701438823	42040
1380	11.0	0.4708	0.8514874217463605	39014
1381	17.0	0.4604	0.9086954919145548	37337
1382	15.0	0.43117999999999995	0.9101398986616138	39558
1383	7.0	0.41516	0.8513367344132018	38609
1384	9.0	0.38086	0.8680686107529774	31942
1385	17.0	0.42754	0.8492836773249829	44466
1386	20.0	0.4557	0.9347771451640293	46145
1387	20.0	0.47164	0.9557188831163633	47113
1388	15.0	0.44618	0.9520506127815195	44438
1389	15.0	0.37879999999999997	0.9281873930711741	34623
1390	19.0	0.36205999999999994	0.9258126263620544	30498
1391	12.0	0.45336	0.9326917783273347	40057
1392	15.0	0.45805999999999997	0.8397035480382784	41809
1393	17.0	0.47150000000000003	0.8989125342302611	41622
1394	12.0	0.41012	0.9047700349194476	37947
1395	18.0	0.4635199999999999	0.8943996715771304	40084
1396	13.0	0.46092000000000005	0.9394597702028704	34472
1397	23.0	0.48276	0.9399630764114938	36068
1398	16.0	0.4412	0.830820775887298	32419
1399	11.0	0.47896000000000005	0.9441073789521467	31311
1400	15.0	0.46001999999999993	0.9469032030690904	36067
1401	14.0	0.44346	0.8670393619862203	34419
1402	15.0	0.48830000000000007	0.9708029928091614	28837
1403	15.0	0.46891999999999995	0.9569944357467091	36806
1404	6.0	0.44724	0.9584664580243919	33865
1405	12.0	0.46708	0.9407255897916775	31973
1406	15.0	0.49922	0.9791339994731353	40599
1407	16.0	0.51418	0.9935271218524975	42609
1408	14.0	0.47961999999999994	0.9427204970599883	46582
1409	16.0	0.49151999999999996	0.968861319512155	39713
1410	16.0	0.48495999999999995	0.9646098163935694	41548
1411	13.0	0.48223999999999995	0.96599380779558	31618
1412	12.0	0.46157999999999993	0.9503825393596327	36624
1413	20.0	0.45588000000000006	0.8691729660074676	35073
1414	14.0	0.48339999999999994	0.9619407597187096	43757
1415	8.0	0.5112599999999999	0.9680552452427137	42443
1416	12.0	0.45572	0.9388360699687479	39276
1417	16.0	0.46765999999999996	0.8985612723991887	35792
1418	14.0	0.42097999999999997	0.8726167659165621	27241
1419	19.0	0.35608000000000006	0.9113414956392283	23717
1420	13.0	0.38732	0.7741966006768738	23737
1421	13.0	0.43682000000000004	0.8471896822406718	31091
1422	15.0	0.44594	0.8595909492646587	30318
1423	14.0	0.39902	0.9037545024020105	23161
1424	17.0	0.36750000000000005	0.918655385380355	18910
1425	15.0	0.3721800000000001	0.7225689615121476	19095
1426	16.0	0.37246000000000007	0.801606874671505	22593
1427	16.0	0.40269999999999995	0.9085263518928878	23262
1428	14.0	0.45348	0.9438841061595801	31741
1429	9.0	0.42014	0.8050362231988221	22371
1430	13.0	0.4442799999999999	0.9448931903207777	28965
1431	17.0	0.42334000000000005	0.848298901949312	26559
1432	18.0	0.44103999999999993	0.927964044881985	24160
1433	22.0	0.41644	0.8270881944412305	25713
1434	8.0	0.41417999999999994	0.8958705670147679	27703
1435	14.0	0.41724000000000006	0.9315140032968671	29198
1436	10.0	0.41314	0.9352928432189919	28608
1437	19.0	0.41198	0.8939672159516002	27600
1438	17.0	0.41869999999999996	0.9257296990421715	32081
1439	15.0	0.41198	0.863338511776947	28540
1440	11.0	0.43812000000000006	0.9255251218173403	28462
1441	16.0	0.45386000000000004	0.7778277210955263	33258
1442	15.0	0.4189599999999999	0.9269194736945539	33528
1443	23.0	0.35752	0.903047032490421	26235
1444	14.0	0.35684000000000005	0.9163688622619899	26693
1445	15.0	0.37348000000000003	0.8909526955519582	31792
1446	16.0	0.3890799999999999	0.8744357423397257	35340
1447	17.0	0.4101600000000001	0.8142224519271033	34217
1448	7.0	0.4145400000000001	0.8479649167783893	38465
1449	12.0	0.49872	0.880801547431102	41392
1450	14.0	0.4561599999999999	0.8721648007891186	48165
1451	10.0	0.46484000000000003	0.9028430184090835	51511
1452	15.0	0.45814	0.8600568600669383	45470
1453	8.0	0.43492	0.832237064219434	47113
1454	9.0	0.39434	0.7082517168871776	32712
1455	23.0	0.40513999999999994	0.8656440853583075	43368
1456	15.0	0.38064	0.8783466487739088	37706
1457	11.0	0.39415999999999995	0.9055884305912143	37306
1458	12.0	0.49664	0.43992076241575895	23862
1459	10.0	0.4348	0.6539915260076681	33809
1460	13.0	0.4156799999999999	0.8736482909693908	40265
1461	14.0	0.43504	0.8829668383768033	43265
1462	13.0	0.45646000000000003	0.9116695349155294	42127
1463	15.0	0.42721999999999993	0.9290559091571977	35244
1464	9.0	0.40959999999999996	0.9259836462486277	28698
1465	13.0	0.41735999999999995	0.9278659755604749	32605
1466	15.0	0.43141999999999997	0.9316938521243023	31177
1467	19.0	0.3715	0.9297267768852905	27794
1468	30.0	0.3779999999999999	0.9410254671071742	27702
1469	14.0	0.36721999999999994	0.9227032147412328	26022
1470	16.0	0.39205999999999996	0.7630237912129915	29005
1471	20.0	0.4230799999999999	0.9112706776689162	32850
1472	12.0	0.51936	0.9596507389839749	40391
1473	15.0	0.50278	0.9066860063343968	35993
1474	21.0	0.41394000000000003	0.8215511483676865	32552
1475	17.0	0.37636	0.8966313364536518	32640
1476	19.0	0.38670000000000004	0.7240392021329279	28351
1477	17.0	0.42412000000000005	0.9310738170280249	40473
1478	12.0	0.40299999999999997	0.8921636976835075	39973
1479	17.0	0.47840000000000005	0.9047527984704484	39094
1480	8.0	0.5312399999999999	0.9380911813886524	43030
1481	13.0	0.5052	0.9566792636224155	45121
1482	11.0	0.4922000000000001	0.9552256612648674	40451
1483	13.0	0.48668	0.9562631542625769	38791
1484	16.0	0.5282800000000001	0.9586478839261361	41639
1485	11.0	0.4732400000000001	0.8607030939414131	47869
1486	13.0	0.4889	0.8772730111537087	42567
1487	13.0	0.5035999999999999	0.3189541152744384	17397
1488	7.0	0.47436000000000006	0.81724380068573	44106
1489	16.0	0.5316000000000001	0.9445489570226193	44117
1490	12.0	0.53306	0.9352889950869161	47160
1491	13.0	0.52728	0.9480836724625715	49819
1492	13.0	0.5262600000000001	0.8747118889437813	51947
1493	13.0	0.5261399999999999	0.8831173626008062	60657
1494	8.0	0.5397000000000001	0.9473714269668375	60540
1495	14.0	0.45166000000000006	0.7476457444354363	55557
1496	17.0	0.44942	0.7620754990709057	58130
1497	8.0	0.49333999999999995	0.8825760262888964	54804
1498	10.0	0.51432	0.9440329808294969	57810
1499	4.0	0.41874	0.7988669076518975	45606
1500	10.0	0.47314000000000006	0.8110483689497864	53395
1501	10.0	0.54596	0.8665067152362183	52418
1502	11.0	0.55362	0.8987543102508332	58238
1503	7.0	0.50128	0.7818322711659693	55012
1504	10.0	0.47802	0.730488619764778	56138
1505	8.0	0.4756	0.7566107690010384	50491
1506	7.0	0.50746	0.9027532855480068	52523
1507	9.0	0.45398000000000005	0.7245604929517332	45403
1508	16.0	0.47418	0.7795070815910881	52795
1509	9.0	0.5172199999999999	0.8650703874515843	50708
1510	12.0	0.5265599999999999	0.7494200519074204	46020
1511	12.0	0.48635999999999996	0.24569354090152234	12733
1512	6.0	0.5034000000000001	0.6957717932281847	53309
1513	15.0	0.4596200000000001	0.8633544457234298	50999
1514	16.0	0.45446	0.8124443563868832	48835
1515	15.0	0.46991999999999995	0.717836610833776	47218
1516	8.0	0.43213999999999997	0.7554631248108818	52164
1517	8.0	0.46534	0.6975913802843418	53597
1518	9.0	0.50144	0.7849322487355651	60153
1519	5.0	0.58042	0.8084097362252493	48290
1520	4.0	0.52774	0.6991989361235847	46297
1521	11.0	0.48044	0.5795219813597451	45130
1522	20.0	0.42547999999999997	0.8694699022712831	49633
1523	25.0	0.38742000000000004	0.8593699824889632	42564
1524	22.0	0.38558	0.8670484749694359	40170
1525	19.0	0.37599999999999995	0.8301803930578188	36877
1526	20.0	0.38778000000000007	0.7846111560164108	33797
1527	10.0	0.4475	0.7776874680520555	39843
1528	11.0	0.468	0.8777542669605387	44483
1529	9.0	0.54084	0.9395907288971338	52868
1530	16.0	0.4060599999999999	0.8878170488101225	33410
1531	17.0	0.40806	0.8359197928855816	42131
1532	7.0	0.47146	0.9193860245369799	45691
1533	9.0	0.41462	0.901399172624262	41338
1534	17.0	0.38524	0.8080606320699069	25530
1535	20.0	0.3674	0.913166144427633	21562
1536	11.0	0.37490000000000007	0.8458039348605927	18737
1537	13.0	0.37614	0.7220711445707755	17435
1538	21.0	0.3804	0.8055658197575278	22069
1539	15.0	0.35456	0.8960156638435909	29254
1540	14.0	0.36287999999999987	0.7894503204739411	33115
1541	18.0	0.35926	0.8527015730598998	34032
1542	8.0	0.38544000000000006	0.824399849736095	39143
1543	12.0	0.39126000000000005	0.791932576554549	36521
1544	15.0	0.39643999999999996	0.8928745374730968	43036
1545	15.0	0.47973999999999994	0.9049727263011014	43283
1546	16.0	0.5250400000000001	0.9643544973384214	41861
1547	16.0	0.44414000000000003	0.8891872939027878	43072
1548	16.0	0.40623999999999993	0.8069209498021787	39863
1549	12.0	0.38386000000000003	0.8726186634267729	35184
1550	12.0	0.36446000000000006	0.8918788919535258	36606
1551	11.0	0.37672000000000005	0.7086944302530214	34514
1552	20.0	0.3684199999999999	0.8491910660476802	35971
1553	17.0	0.36946000000000007	0.9032013028960579	38111
1554	11.0	0.3892	0.9223531779043717	37345
1555	13.0	0.41858000000000006	0.932519075749621	46904
1556	14.0	0.5172599999999999	0.9427070246595004	53708
1557	8.0	0.53192	0.9623061413971159	49871
1558	6.0	0.56184	0.9882744914750878	50072
1559	11.0	0.5362600000000001	0.9935320444644544	45545
1560	11.0	0.54376	0.9670939482256969	36954
1561	10.0	0.53992	0.9625550804169354	41344
1562	8.0	0.51966	0.9384686186250217	42651
1563	10.0	0.58124	0.6767444961284772	33296
1564	10.0	0.50644	0.41777870998583033	37361
1565	8.0	0.53816	0.6849570278414749	40169
1566	7.0	0.44476	0.929045987162461	38613
1567	9.0	0.48269999999999996	0.907916561113757	51070
1568	15.0	0.48028000000000004	0.8827861073616341	54254
1569	8.0	0.47186	0.8296037925976474	45830
1570	6.0	0.48361999999999994	0.8673710003289193	49266
1571	20.0	0.45484	0.950899598661335	46653
1572	8.0	0.5026	0.9007523033434208	55854
1573	9.0	0.4702200000000001	0.8072365702932226	46678
1574	12.0	0.43392000000000003	0.8919253581751266	47271
1575	12.0	0.39348	0.8863992031665184	38348
1576	9.0	0.42949999999999994	0.8353961578996562	46671
1577	14.0	0.42144	0.8524436993005557	42767
1578	6.0	0.489	0.7880931398266233	44717
1579	15.0	0.4653400000000001	0.8370251893137711	41957
1580	11.0	0.48449999999999993	0.5151493400606871	30568
1581	10.0	0.5620400000000001	0.6020564200612245	37719
1582	8.0	0.49084000000000005	0.7864304187102177	47535
1583	12.0	0.41388	0.8109594281688388	39746
1584	5.0	0.4982599999999999	0.8708752856844021	46628
1585	12.0	0.49779999999999996	0.9156121922855582	51394
1586	16.0	0.49507999999999996	0.9354945714465868	44057
1587	12.0	0.49005999999999994	0.9727127221409819	40068
1588	14.0	0.42371999999999993	0.9359834627517407	35395
1589	15.0	0.46714	0.9667712179054075	43562
1590	23.0	0.43573999999999996	0.9431373228627299	35444
1591	21.0	0.39542	0.9069223011204116	31436
1592	19.0	0.43019999999999997	0.9177776814364638	41483
1593	12.0	0.4185600000000001	0.8934440117628132	36147
1594	21.0	0.44166000000000005	0.9589310780400633	32237
1595	15.0	0.42284	0.8397266341986229	30519
1596	11.0	0.4283199999999999	0.9492885343549977	39456
1597	14.0	0.40447999999999995	0.9384515260487062	27161
1598	15.0	0.40751999999999994	0.878897586318674	33024
1599	13.0	0.3978999999999999	0.9225921986856006	34043
1600	16.0	0.4188	0.7142915005178111	30493
1601	16.0	0.42873999999999995	0.8691563850605551	33352
1602	7.0	0.42847999999999997	0.949636811721162	35923
1603	14.0	0.39988	0.8758861545553117	38530
1604	15.0	0.43501999999999996	0.8015413599837193	42730
1605	11.0	0.42756	0.7886190053109648	43326
1606	14.0	0.4478399999999999	0.7866180995315591	44180
1607	12.0	0.3880599999999999	0.8886978677927652	33278
1608	22.0	0.40065999999999996	0.8914535827627218	40037
1609	11.0	0.47212000000000004	0.9289961420817906	43914
1610	7.0	0.4271200000000001	0.9233497425464349	37892
1611	14.0	0.44218	0.8974897508009706	35460
1612	15.0	0.4102199999999999	0.9612784403505065	30028
1613	13.0	0.43123999999999996	0.9105323565645572	32244
1614	8.0	0.44778	0.9770036840806349	38847
1615	14.0	0.46798	0.9667648913622742	35462
1616	14.0	0.40846	0.923206489437603	30453
1617	13.0	0.47996	0.9668455008527596	37984
1618	7.0	0.44183999999999996	0.8934204846586371	38231
1619	21.0	0.43784	0.9209838655316763	35340
1620	10.0	0.42306000000000005	0.9382488181390712	34257
1621	11.0	0.43878000000000006	0.9369267984959448	38238
1622	5.0	0.4684	0.9496545236419989	41774
1623	13.0	0.47196	0.9465960633035619	43457
1624	5.0	0.48590000000000005	0.9573404637611233	48261
1625	8.0	0.45031999999999994	0.846023139979853	46897
1626	18.0	0.4216	0.9195031554365843	46403
1627	7.0	0.43168	0.871906116945651	50506
1628	12.0	0.39947999999999995	0.8805498547313911	39431
1629	8.0	0.45302	0.8647452866145854	43340
1630	15.0	0.39361999999999997	0.9307955445225745	36324
1631	12.0	0.46065999999999996	0.9719908179533552	44844
1632	16.0	0.45787999999999995	0.9509501195752937	44363
1633	12.0	0.3977200000000001	0.9361385683198238	37293
1634	17.0	0.37414000000000003	0.9346031608971087	29114
1635	21.0	0.38799999999999996	0.9433022594957081	32966
1636	12.0	0.37595999999999996	0.9348167926302446	30488
1637	16.0	0.38005999999999995	0.8649808976986726	28930
1638	11.0	0.38380000000000003	0.8688981795645939	28341
1639	9.0	0.38686	0.6088930299570221	23099
1640	14.0	0.39984	0.775606714598666	29389
1641	18.0	0.4207599999999999	0.8238022545406392	34958
1642	9.0	0.39552	0.9000433787941936	37812
1643	12.0	0.41383999999999993	0.8171701752122703	30768
1644	14.0	0.42138	0.8955372248791201	40227
1645	23.0	0.39124000000000003	0.7926754320937079	35400
1646	13.0	0.45536	0.927704640135237	45800
1647	11.0	0.46708000000000005	0.8855275452135052	49285
1648	13.0	0.42344000000000004	0.926535928024879	43181
1649	22.0	0.37588	0.8410673826888668	29019
1650	14.0	0.37744000000000005	0.7027184609174985	28375
1651	10.0	0.42529999999999996	0.6183677374823812	22651
1652	12.0	0.53942	0.2362181564963577	582
1653	23.0	0.3927199999999999	0.2631930800106422	1029
1654	12.0	0.43096	0.1703413635559384	175
1655	12.0	0.4835400000000001	0.17219658737738788	169
1656	9.0	0.28892	0.17447364869505408	273
1657	3.0	0.20021999999999998	0.16287271702477474	693
1658	11.0	0.53932	0.22128066379706943	1397
1659	12.0	0.48186	0.158564681153443	2156
1660	17.0	0.44858000000000003	0.18229879620241896	2259
1661	20.0	0.38738	0.25143317681183663	853
1662	7.0	0.5105200000000001	0.13747295499626958	69
1663	19.0	0.42794	0.19041527971190178	1027
1664	14.0	0.46497999999999995	0.7806783266289331	33492
1665	20.0	0.39953999999999995	0.8445876131376093	40305
1666	12.0	0.47904	0.9102884471734511	46122
1667	10.0	0.47214	0.7364967155786196	43013
1668	11.0	0.43515999999999994	0.8247501254646951	42636
1669	11.0	0.4247600000000001	0.766921637217351	37186
1670	12.0	0.45144000000000006	0.9207053923138684	42149
1671	10.0	0.44876000000000005	0.7904119556571443	37448
1672	12.0	0.4656	0.8554287061089563	46241
1673	16.0	0.4293599999999999	0.7980981363575692	42084
1674	11.0	0.40858000000000005	0.8535967116758826	40241
1675	17.0	0.45336000000000004	0.8856970452606137	45599
1676	10.0	0.38618	0.8928687881674454	38776
1677	15.0	0.38276	0.8322649847384225	33044
1678	18.0	0.4084399999999999	0.8718637321101201	33538
1679	14.0	0.4333600000000001	0.8969260815058876	30508
1680	17.0	0.44049999999999995	0.8877121233373424	30179
1681	18.0	0.43333999999999995	0.7528812235280515	33324
1682	13.0	0.41864000000000007	0.8035875759057455	26856
1683	15.0	0.4125400000000001	0.9140588336174837	35452
1684	17.0	0.3973	0.9391929439390868	35199
1685	17.0	0.41448	0.8837763531888617	32996
1686	15.0	0.41538	0.8992769041009389	28966
1687	15.0	0.4011799999999999	0.9092995426558506	26023
1688	14.0	0.39618000000000003	0.8808471228791168	22990
1689	13.0	0.39399999999999996	0.8134225748203026	24799
1690	12.0	0.3953	0.8379025227234688	24304
1691	16.0	0.39336	0.9266985666598376	26243
1692	17.0	0.39732	0.8291517487848377	26329
1693	19.0	0.40364000000000005	0.9250488115036902	29388
1694	16.0	0.3905200000000001	0.676355527476618	27315
1695	12.0	0.37703999999999993	0.7051542196873746	25946
1696	10.0	0.43572000000000005	0.41153521604706783	16859
1697	10.0	0.4923	0.1734795223502375	9966
1698	18.0	0.4407600000000001	0.19705788509125677	14009
1699	5.0	0.35156	0.14550381679943977	7874
1700	2.0	0.14702	0.04052644604733648	1068
1701	17.0	0.39844	0.26960958664889734	21657
1702	11.0	0.44266	0.6364194808367767	41983
1703	9.0	0.48082	0.8117464135396085	54619
1704	12.0	0.42902	0.8072482827093078	44462
1705	5.0	0.45437999999999995	0.801220849271516	50278
1706	11.0	0.4563399999999999	0.8691755415179547	48293
1707	19.0	0.46824000000000005	0.9129950870925023	47101
1708	4.0	0.4977	0.8965589973539116	49228
1709	4.0	0.48128	0.8675599092952581	52908
1710	8.0	0.4506	0.9140967052301439	42112
1711	14.0	0.3991	0.8156815551958211	40976
1712	11.0	0.4235999999999999	0.9186309705233934	36773
1713	14.0	0.4247000000000001	0.9064123717938909	42951
1714	10.0	0.4746599999999999	0.4969091196352675	24241
1715	12.0	0.46842	0.16948029985459118	5751
1716	12.0	0.48868	0.6335173051344292	31193
1717	11.0	0.43477999999999994	0.7693102784307685	36936
1718	16.0	0.42022	0.8519063122722714	32695
1719	21.0	0.39226	0.7838545303506236	27851
1720	17.0	0.39524000000000004	0.8576542665396282	30770
1721	12.0	0.39604	0.928938746431015	25133
1722	20.0	0.40098	0.907044556782621	33965
1723	14.0	0.39391999999999994	0.9112580600939603	27201
1724	15.0	0.39183999999999997	0.8923968896154589	29824
1725	6.0	0.44382	0.9325359636558745	32065
1726	10.0	0.52064	0.8847873572015906	33212
1727	17.0	0.45067999999999997	0.8066285642596314	35564
1728	15.0	0.45061999999999997	0.8712745792893662	28606
1729	13.0	0.44257999999999986	0.92876914897775	24583
1730	14.0	0.43152	0.9059866091798288	23400
1731	9.0	0.43518	0.9178480745842416	20663
1732	15.0	0.4162200000000001	0.9322986759065975	20622
1733	18.0	0.4103	0.8417226211054369	21353
1734	14.0	0.38588	0.9151749005722082	18865
1735	25.0	0.4202199999999999	0.8686725359130981	21565
1736	15.0	0.39382	0.9598472262747123	18412
1737	20.0	0.3940599999999999	0.9392027727089007	19835
1738	13.0	0.3870600000000001	0.9623569809213236	16698
1739	24.0	0.39464000000000005	0.9015021804022266	18478
1740	23.0	0.3814	0.808440339143426	18641
1741	14.0	0.38354000000000005	0.8474968845981192	16743
1742	19.0	0.4024399999999999	0.8204284220061885	19640
1743	16.0	0.39062	0.959381164907367	18386
1744	8.0	0.3700199999999999	0.9198537792681113	16225
1745	13.0	0.3958400000000001	0.8420434266025891	18455
1746	10.0	0.38194	0.9418714871948527	16417
1747	18.0	0.39354	0.9255555082476578	17891
1748	22.0	0.3913	0.9353205690768044	18298
1749	5.0	0.40049999999999997	0.9412908292270442	18410
1750	11.0	0.36745999999999995	0.7687947598416017	19077
1751	17.0	0.37548000000000004	0.8353343727623634	16798
1752	16.0	0.37563999999999986	0.954880371904657	16932
1753	18.0	0.36884	0.9599774373495846	18713
1754	16.0	0.3869200000000001	0.9537074572353341	19748
1755	15.0	0.39596000000000003	0.7625041553111274	24139
1756	16.0	0.37018	0.7913119821199613	21258
1757	17.0	0.3794600000000001	0.8592735730328352	21766
1758	16.0	0.3845199999999999	0.8436425765466724	24520
1759	15.0	0.3644200000000001	0.9443306432797046	24858
1760	12.0	0.3785	0.8492377898201301	23865
1761	15.0	0.39104	0.782204140329646	24624
1762	22.0	0.40440000000000004	0.9280133128487813	33753
1763	21.0	0.41169999999999995	0.9539441001786034	36596
1764	11.0	0.4026600000000001	0.8934630536892546	35602
1765	11.0	0.41736000000000006	0.964265607469383	38276
1766	11.0	0.41774	0.8930945737238986	35460
1767	11.0	0.41452	0.7857482333514543	25094
1768	16.0	0.40436000000000005	0.9597433792997508	23383
1769	11.0	0.45105999999999996	0.974320446802273	33547
1770	20.0	0.43484	0.9717644571234263	33706
1771	18.0	0.44116	0.965660964944481	34942
1772	15.0	0.4587799999999999	0.9238588151453095	30485
1773	15.0	0.45698	0.9577627373384352	36285
1774	13.0	0.47598	0.9654696935003648	38379
1775	13.0	0.4985199999999999	0.9831334646584264	35979
1776	11.0	0.49162	0.9682070551415456	32731
1777	10.0	0.44206	0.9505559326676912	38241
1778	14.0	0.46897999999999995	0.8391765748887493	35671
1779	17.0	0.42513999999999996	0.9377712727775348	37380
1780	9.0	0.45705999999999997	0.950119982879265	47116
1781	7.0	0.44409999999999994	0.6942926817884227	38102
1782	11.0	0.4307600000000001	0.7927051885060193	37903
1783	9.0	0.49445999999999996	0.9195625667641212	48467
1784	18.0	0.45902	0.8988581424420049	43120
1785	10.0	0.45476	0.8980709542672832	39072
1786	15.0	0.45394000000000007	0.9248888812961489	40106
1787	10.0	0.49656	0.9238940207958461	42370
1788	8.0	0.52534	0.9084024748479674	48603
1789	6.0	0.46940000000000004	0.7473687576064514	47348
1790	15.0	0.44754	0.8003635063256263	49916
1791	13.0	0.44595999999999997	0.7136940125182976	47007
1792	19.0	0.44882000000000005	0.8837862804082696	54376
1793	20.0	0.42827999999999994	0.914017719850436	47566
1794	12.0	0.45064	0.9134433659685142	53866
1795	13.0	0.45216	0.7929558465774753	46942
1796	12.0	0.39712000000000003	0.8675166782567861	41679
1797	10.0	0.4891400000000001	0.9184593584412162	44028
1798	10.0	0.53866	0.9961632586594588	37643
1799	9.0	0.5100199999999999	0.958653456972826	49212
1800	7.0	0.5076800000000001	0.9317985544249242	47459
1801	7.0	0.42762	0.8350374890259314	36569
1802	9.0	0.4190400000000001	0.8302363627988849	39754
1803	11.0	0.48716000000000004	0.7915487803683786	40091
1804	10.0	0.4537199999999999	0.8925708589825728	46153
1805	14.0	0.46796	0.87190748805982	46045
1806	13.0	0.5196200000000001	0.8711202872958865	49612
1807	6.0	0.4978600000000001	0.8191239937704307	47437
1808	11.0	0.44222	0.8084290696011379	45281
1809	7.0	0.45142000000000004	0.7964741733324244	47561
1810	12.0	0.47024	0.8000192619535027	49940
1811	15.0	0.4869	0.8803820385206009	52458
1812	13.0	0.53144	0.8778770974733284	51619
1813	9.0	0.4660199999999999	0.6999786960929185	52233
1814	7.0	0.49523999999999996	0.7884648723180074	54898
1815	11.0	0.51502	0.8316604622781598	54021
1816	16.0	0.45527999999999996	0.7303740361934636	51075
1817	8.0	0.44538000000000005	0.7689308900313816	49786
1818	20.0	0.4359	0.8226074622640641	50228
1819	13.0	0.39581999999999995	0.8606174474713164	40351
1820	17.0	0.41910000000000003	0.8763077399729942	43047
1821	10.0	0.44114000000000003	0.8045610629469968	52823
1822	11.0	0.4315	0.8624477614616219	49926
1823	8.0	0.47492000000000006	0.857642448409539	45958
1824	11.0	0.46116000000000007	0.8190261823672993	57088
1825	10.0	0.40643999999999997	0.8357301471456473	43757
1826	12.0	0.40625999999999995	0.8343213229591123	42461
1827	7.0	0.5086400000000001	0.7815157650801211	58090
1828	3.0	0.54954	0.9064338684911556	60048
1829	12.0	0.52866	0.864089265102375	60486
1830	20.0	0.46572	0.8571881851768162	49608
1831	9.0	0.46372	0.796430551540138	54080
1832	15.0	0.4099799999999999	0.8282475507836159	34238
1833	25.0	0.4392600000000001	0.9168904937343832	37716
1834	11.0	0.4062200000000001	0.7967394326465579	30829
1835	12.0	0.42346000000000006	0.9458598406402239	41069
1836	20.0	0.42698	0.9435442934796875	39035
1837	13.0	0.40279999999999994	0.923930792698039	32148
1838	10.0	0.38134	0.8912315967492571	31757
1839	13.0	0.3868200000000001	0.870459000579137	31460
1840	12.0	0.3965600000000001	0.8288671483801475	31980
1841	21.0	0.40842	0.964740328397936	32474
1842	22.0	0.39398000000000005	0.8763544249586842	32850
1843	12.0	0.413	0.9032995986257397	28231
1844	11.0	0.40528	0.9711404380255995	31530
1845	13.0	0.42038	0.9422127037267177	28306
1846	18.0	0.42038	0.9100434093288664	31035
1847	16.0	0.41898	0.955308322992528	31064
1848	19.0	0.4317000000000001	0.9584092163500375	31887
1849	16.0	0.46176	0.9415580908455778	33424
1850	12.0	0.43624	0.9337419776544719	28752
1851	11.0	0.44548000000000004	0.9387832033907066	31756
1852	14.0	0.47290000000000004	0.94617689436297	41021
1853	8.0	0.45364000000000004	0.9063766435303862	32853
1854	13.0	0.43472	0.94537885805829	27969
1855	12.0	0.396	0.8008863253629566	26902
1856	11.0	0.41491999999999996	0.858455404224013	31708
1857	14.0	0.44725999999999994	0.9478471102364794	34126
1858	10.0	0.45380000000000004	0.9574302273632267	35457
1859	12.0	0.46974000000000005	0.9608733591106937	38178
1860	19.0	0.45094	0.9221639561333088	33878
1861	8.0	0.4156	0.8461995862423678	32898
1862	15.0	0.46108000000000005	0.954515254278913	35689
1863	14.0	0.47458	0.9181895654980534	40763
1864	20.0	0.4325	0.8725406845223588	41984
1865	9.0	0.43742	0.7566271783122209	42463
1866	20.0	0.45077999999999996	0.6558329229263432	48851
1867	14.0	0.4490199999999999	0.7741963096706845	48333
1868	7.0	0.40958	0.8579525962317668	41656
1869	18.0	0.39699999999999996	0.9097448125374206	34882
1870	9.0	0.38484	0.9123330994959078	34571
1871	5.0	0.50408	0.9289415840454673	40158
1872	15.0	0.49192	0.9163424026864717	38803
1873	15.0	0.46352	0.8724171859893147	38095
1874	12.0	0.44898000000000005	0.8668921763533678	33480
1875	9.0	0.44079999999999997	0.8908829601237491	31540
1876	17.0	0.44921999999999995	0.8695704926355993	31381
1877	12.0	0.45321999999999996	0.8676059738513214	28782
1878	14.0	0.43514	0.7470905812954347	25337
1879	6.0	0.42976	0.9114408397338422	23635
1880	12.0	0.43864000000000003	0.8875485113623676	25497
1881	17.0	0.38598	0.9115968261259104	16842
1882	21.0	0.3926400000000001	0.9245122938026628	16814
1883	13.0	0.39556	0.8566292260771491	17536
1884	15.0	0.39148000000000005	0.8294466470704661	15175
1885	22.0	0.38806000000000007	0.8075724549005312	17096
1886	13.0	0.40950000000000003	0.8238981044366046	16906
1887	15.0	0.39886000000000005	0.911603349904023	16811
1888	17.0	0.38862	0.9573542178144234	15881
1889	16.0	0.3765800000000001	0.9272784095817124	14257
1890	13.0	0.37973999999999997	0.9547789845652567	17732
1891	17.0	0.40168	0.9140831159460294	19252
1892	25.0	0.40508000000000005	0.9488075835856424	19775
1893	15.0	0.37294000000000005	0.853494213402134	19982
1894	13.0	0.38794000000000006	0.8957720465575255	18964
1895	12.0	0.37984	0.8412449065444374	17057
1896	11.0	0.38526000000000005	0.9432723011474703	17573
1897	16.0	0.39199999999999996	0.9501796824562558	18762
1898	17.0	0.38616	0.9630888903620318	17522
1899	21.0	0.36782	0.9635570198101759	17809
1900	14.0	0.38079999999999997	0.9318127756549771	16571
1901	13.0	0.3756399999999999	0.970286269835849	18342
1902	13.0	0.41042	0.9790481246587778	23516
1903	11.0	0.39809999999999995	0.9401721721983701	26073
1904	14.0	0.41156	0.9535826382227357	26924
1905	13.0	0.41600000000000004	0.8537111995188893	29154
1906	22.0	0.3747200000000001	0.9015019715906932	27712
1907	14.0	0.40844	0.9130319163301707	33519
1908	17.0	0.37588	0.9485749342367581	32260
1909	20.0	0.36622	0.940972978267731	32068
1910	14.0	0.37472	0.9332842422622208	35281
1911	19.0	0.37153999999999987	0.9172058011555363	31071
1912	15.0	0.38732	0.9158983531138664	28402
1913	13.0	0.37766000000000005	0.9292204994194323	25278
1914	15.0	0.3816800000000001	0.917641861501549	26712
1915	8.0	0.37374000000000007	0.9304145485853897	25670
1916	13.0	0.39626	0.9656078879831491	35300
1917	17.0	0.3918999999999999	0.9216196126934585	23980
1918	13.0	0.36936	0.9519425185874684	25950
1919	19.0	0.37648	0.9458590474174433	30847
1920	19.0	0.36782000000000004	0.9753631948662144	28732
1921	17.0	0.39025999999999994	0.9258068200967611	35599
1922	14.0	0.37077999999999994	0.9773960709550938	28235
1923	18.0	0.3864	0.9609954942911615	32306
1924	16.0	0.37536	0.933717619226807	31305
1925	17.0	0.37017999999999995	0.9755407626974917	30066
1926	11.0	0.35652	0.9062752949834674	28132
1927	10.0	0.37776	0.9467805796616734	35879
1928	16.0	0.38998	0.9579759672408648	36676
1929	16.0	0.39568	0.9602847859954715	36434
1930	15.0	0.39759999999999995	0.9684979789424794	36951
1931	18.0	0.39561999999999997	0.9611741927168354	35326
1932	15.0	0.38996000000000003	0.9353927172993145	36428
1933	17.0	0.40423999999999993	0.9291503395262742	40206
1934	8.0	0.39986000000000005	0.9166672513174474	38244
1935	17.0	0.40818	0.9292312456832771	36761
1936	14.0	0.40684000000000003	0.9298450989874009	43233
1937	12.0	0.46578	0.998268742204	35104
1938	15.0	0.44792000000000004	0.9159574078947068	36798
1939	14.0	0.41411999999999993	0.9286183169868081	37130
1940	13.0	0.4044	0.9264331664414965	33276
1941	16.0	0.38338	0.9557427147738677	30092
1942	12.0	0.38692	0.9796301580468587	24242
1943	18.0	0.38274	0.9460628977688622	24403
1944	15.0	0.37658	0.8820168337741494	23116
1945	18.0	0.38996000000000003	0.9475597440785455	20202
1946	16.0	0.42632000000000003	0.9704436648694069	26383
1947	11.0	0.38499999999999995	0.9268530310623713	22868
1948	20.0	0.40294000000000013	0.8284877152690984	22623
1949	14.0	0.3659000000000001	0.9339931354904223	18513
1950	18.0	0.3888799999999999	0.9322132108401582	18444
1951	13.0	0.3681399999999999	0.9549434872994288	17581
1952	15.0	0.39176	0.9304666504587189	17705
1953	11.0	0.37970000000000004	0.9221395219718622	17894
1954	14.0	0.3679399999999999	0.9710932177021462	16227
1955	20.0	0.35754	0.9204424664834215	19328
1956	11.0	0.37134	0.69409026191396	13665
1957	13.0	0.3730200000000001	0.9645778095167632	17457
1958	18.0	0.38234	0.7925672322366011	14571
1959	16.0	0.38109999999999994	0.7407554971142029	12563
1960	20.0	0.3543	0.959612689655491	14778
1961	20.0	0.3696	0.9341375476568081	17038
1962	16.0	0.37934000000000007	0.897933305737135	16577
1963	9.0	0.3631599999999999	0.8947249911088464	18305
1964	15.0	0.39724000000000004	0.9457023854729503	20348
1965	19.0	0.37868000000000007	0.9725756722682559	26646
1966	13.0	0.4010999999999999	0.9469834849790287	23940
1967	16.0	0.38288000000000005	0.9605112283937387	25710
1968	19.0	0.42188	0.9544199658691149	30105
1969	12.0	0.38384	0.9276320645666416	24147
1970	19.0	0.42412000000000005	0.9302849208470949	31401
1971	14.0	0.39824	0.932003413283267	28283
1972	11.0	0.42152	0.7720319767707836	23904
1973	13.0	0.43232	0.9157187062436224	29059
1974	21.0	0.41764	0.9497851307972969	24181
1975	22.0	0.41136	0.9337591001881694	20588
1976	7.0	0.4427	0.9077443926960953	26259
1977	16.0	0.42457999999999996	0.9123837688198543	25520
1978	11.0	0.43604	0.9347569502807785	27118
1979	13.0	0.48210000000000003	0.9037480367111385	32684
1980	17.0	0.41468000000000005	0.8531978495982737	25432
1981	9.0	0.45566	0.841733043956213	32541
1982	17.0	0.4348	0.8583657355244487	31603
1983	17.0	0.43436	0.8924408163492797	32735
1984	18.0	0.45002	0.9267814520420946	34748
1985	21.0	0.4419600000000001	0.9515131831899922	34649
1986	18.0	0.4271000000000001	0.9481351679615672	28480
1987	23.0	0.43722	0.9440605137951367	29967
1988	21.0	0.43094	0.9475462874165269	34670
1989	20.0	0.4735599999999999	0.9667837687628166	37081
1990	14.0	0.45202	0.7805431555384349	36050
1991	13.0	0.45378	0.8218298715065776	35559
1992	20.0	0.47322	0.8859849555283148	39730
1993	13.0	0.47064000000000006	0.9443722193932388	35866
1994	19.0	0.41859999999999997	0.887984936644331	30080
1995	17.0	0.3990800000000001	0.8856197400952495	33756
1996	20.0	0.3829199999999999	0.8730961720654095	28439
1997	16.0	0.36872000000000005	0.9528761108406476	25308
1998	19.0	0.4109	0.8331022499027032	29998
1999	10.0	0.5131	0.8658077132811972	37156
2000	12.0	0.47034	0.9259302618637377	38018
2001	14.0	0.39864000000000005	0.9030876279226046	37405
2002	14.0	0.38220000000000004	0.9349470927487532	29762
2003	18.0	0.35814000000000007	0.9429804207053052	28288
2004	16.0	0.369	0.8982488544553295	30132
2005	13.0	0.45836000000000005	0.923440536775324	35332
2006	15.0	0.41422	0.6166331919595136	21957
2007	20.0	0.36068000000000006	0.6554158327792493	24177
2008	14.0	0.37344	0.7793116068638115	20817
2009	14.0	0.45513999999999993	0.8920979435262221	29551
2010	10.0	0.50874	0.9020868801631685	35550
2011	8.0	0.45014000000000004	0.8936543516828318	30603
2012	16.0	0.44634	0.7091672528539492	29379
2013	17.0	0.46776	0.9188589872703455	30012
2014	12.0	0.46503999999999995	0.9526891480278302	26859
2015	13.0	0.4758199999999999	0.9260006362390518	36521
2016	15.0	0.44815999999999995	0.9403266287321941	24695
2017	21.0	0.46221999999999996	0.9215884853669571	32848
2018	14.0	0.41196	0.7479010850764835	21322
2019	12.0	0.41008	0.6714309188797971	21991
2020	16.0	0.39087999999999995	0.9470775677013471	27212
2021	14.0	0.4505800000000001	0.7856306904547631	27568
2022	15.0	0.39771999999999996	0.829097551427675	32257
2023	15.0	0.41478000000000004	0.9267727733036041	33713
2024	17.0	0.45358	0.8286688732849397	31986
2025	9.0	0.4453399999999999	0.9168454609467184	33355
2026	15.0	0.48602000000000006	0.9034350713728054	32843
2027	14.0	0.4284200000000001	0.9242699796437716	34216
2028	11.0	0.4959800000000001	0.9586833479249653	37948
2029	11.0	0.4433400000000001	0.923751637901166	36849
2030	14.0	0.43281999999999987	0.9421507769690878	32677
2031	9.0	0.48156	0.9564320690958529	45152
2032	12.0	0.5236	0.8127378217345335	47252
2033	11.0	0.51566	0.922871576760071	44053
2034	14.0	0.45346000000000003	0.9293839093651599	50164
2035	21.0	0.43746	0.9175945506229147	43178
2036	16.0	0.46556	0.8942128508202423	49944
2037	13.0	0.48841999999999997	0.9198870419258888	37117
2038	15.0	0.49300000000000005	0.9062198384180079	39547
2039	11.0	0.47218	0.9402883803878158	40887
2040	7.0	0.4907	0.9612799217538667	42473
2041	8.0	0.4746	0.9410078096411744	36191
2042	13.0	0.42956000000000005	0.8877603723000363	35117
2043	12.0	0.44576	0.8233198843908262	38070
2044	16.0	0.40222	0.9090419739640943	32975
2045	9.0	0.4522	0.6150634639368897	27199
2046	17.0	0.4454	0.6156436977704028	22751
2047	15.0	0.3611	0.9427118384848127	30514
2048	15.0	0.38022000000000006	0.15097124156127617	13159
2049	14.0	0.38372	0.2632131926869693	11328
2050	5.0	0.36528125	0.0779830374370643	4598
