1	11.0	0.31160000000000004	0.7064585586333445	22420
2	10.0	0.3711	0.7839435325733504	22598
3	6.0	0.40282	0.7456611274459323	27340
4	18.0	0.4078	0.8582259330130205	30649
5	4.0	0.47822	0.869919147670214	38645
6	9.0	0.5088000000000001	0.8388940307312499	41965
7	7.0	0.49364	0.8366483492835269	44763
8	6.0	0.48448	0.843340829530114	34823
9	11.0	0.41374	0.8779214369225947	36067
10	11.0	0.4453800000000001	0.8754597331055878	38470
11	8.0	0.48397999999999997	0.8753604595342996	39997
12	6.0	0.51016	0.9263732994021345	40489
13	12.0	0.4978	0.9313715525621288	40102
14	10.0	0.49012	0.8411238839213375	43390
15	10.0	0.43998	0.7227131910338358	34038
16	8.0	0.49585999999999997	0.9018964663064739	40830
17	11.0	0.5074000000000001	0.9156432503480079	36893
18	7.0	0.4805400000000001	0.9137784145576218	34874
19	12.0	0.49391999999999997	0.9461288931547781	35353
20	16.0	0.45292	0.9487474539584089	35134
21	11.0	0.43264	0.9065394696261714	34650
22	16.0	0.42160000000000003	0.9247457380429616	35759
23	14.0	0.47832	0.8957753297333143	45107
24	14.0	0.38974000000000003	0.8277424101960373	32136
25	14.0	0.50188	0.9485218330734804	38229
26	6.0	0.44750000000000006	0.9086041901133738	37911
27	13.0	0.44448	0.9131207337321295	33993
28	17.0	0.44286000000000003	0.9562902422454855	37063
29	13.0	0.43079999999999996	0.9409211244310027	31472
30	18.0	0.40628	0.8767380279263084	26192
31	13.0	0.4369799999999999	0.8089491409359391	8363
32	12.0	0.43699999999999994	0.8805530068924843	27102
33	12.0	0.42338000000000003	0.9016553981339565	29126
34	15.0	0.40564000000000006	0.8000072953523326	27429
35	10.0	0.46032000000000006	0.9557459024460074	30445
36	19.0	0.48396	0.968068139111847	29018
37	8.0	0.51946	0.9573034160543409	28391
38	6.0	0.47922	0.946332332883369	30309
39	11.0	0.45086000000000004	0.9541052623983379	31368
40	13.0	0.43192	0.9296037199114927	26929
41	13.0	0.4354799999999999	0.9025455754601	32338
42	13.0	0.48430000000000006	0.9424908286610011	34063
43	10.0	0.44888	0.8969910941766612	26857
44	13.0	0.44023999999999996	0.790005605414207	30443
45	20.0	0.45308	0.882155023146575	33747
46	12.0	0.44094	0.9299360034330328	30714
47	5.0	0.46416	0.9290554788363188	30560
48	14.0	0.42166	0.8793368713169768	31640
49	19.0	0.4328	0.8107635857811549	33306
50	19.0	0.45109999999999995	0.887716783596184	32318
51	15.0	0.42025999999999997	0.8689147270978572	31146
52	6.0	0.46	0.8669101543820006	36663
53	8.0	0.49510000000000004	0.8549040376273774	32701
54	12.0	0.48074000000000006	0.9274555890926206	30198
55	8.0	0.48674	0.85496520094613	40558
56	6.0	0.49610000000000004	0.8168785496666655	32211
57	11.0	0.41606000000000004	0.8481622462087252	37354
58	14.0	0.40897999999999995	0.850300225710267	32837
59	7.0	0.43088	0.8573825174007628	36944
60	7.0	0.49886	0.803979695453594	40358
61	8.0	0.5217999999999999	0.8141052499464356	36862
62	9.0	0.47964	0.813455240189104	37351
63	8.0	0.50352	0.7785699237538478	41055
64	6.0	0.5357000000000001	0.854875377848607	38722
65	14.0	0.45462	0.8391551172439744	35077
66	11.0	0.41776	0.8542826200732012	32442
67	11.0	0.42230000000000006	0.8533404251140484	36850
68	7.0	0.44049999999999995	0.8161514016840431	37172
69	12.0	0.40303999999999995	0.7542439152104898	28957
70	18.0	0.3943000000000001	0.8100405443497496	27095
71	10.0	0.4040000000000001	0.8979172286527156	30321
72	13.0	0.46604	0.9291812617537372	32708
73	7.0	0.55662	0.9183868093632728	36763
74	11.0	0.54452	0.9040112544680696	34446
75	7.0	0.5268400000000001	0.845377020542759	38624
76	7.0	0.50932	0.7408481719813157	38776
77	4.0	0.45587999999999995	0.7792166157610977	40474
78	15.0	0.42347999999999997	0.8574216870734843	35551
79	9.0	0.4063000000000001	0.8451213023571519	33750
80	7.0	0.47154	0.8247071164370079	41388
81	5.0	0.45461999999999997	0.8715660850606682	43046
82	9.0	0.48972	0.8386116645145701	37838
83	8.0	0.48892	0.8629093516008856	43299
84	14.0	0.49439999999999995	0.9192277141007603	36445
85	15.0	0.43150000000000005	0.7793658138840357	29138
86	17.0	0.4329800000000001	0.9304675973257664	28298
87	16.0	0.41009999999999996	0.8565869291205842	25909
88	5.0	0.40592	0.9134368603843716	24883
89	11.0	0.4133	0.8705563798903836	23727
90	16.0	0.3830800000000001	0.951343755904372	25454
91	9.0	0.43032	0.8945634775950168	31992
92	21.0	0.42256	0.7736508277073182	31787
93	11.0	0.44748	0.9167412333644664	35639
94	11.0	0.4475999999999999	0.8554049792158264	30710
95	7.0	0.4688400000000001	0.929121192351398	33307
96	10.0	0.46514000000000005	0.909061111757474	29718
97	21.0	0.45094000000000006	0.9307369345742984	31044
98	13.0	0.43689999999999996	0.8661513355772986	33001
99	9.0	0.45779999999999993	0.7675880626276709	35413
100	15.0	0.46180000000000004	0.7257142466543168	36638
101	9.0	0.44455999999999996	0.7900612070021161	38872
102	14.0	0.44255999999999995	0.870919499675634	33124
103	14.0	0.45711999999999997	0.8917819795594506	32894
104	12.0	0.39730000000000004	0.7966253698962201	24087
105	19.0	0.44193999999999994	0.7406741455800331	22724
106	20.0	0.40622	0.9295989713786171	21930
107	18.0	0.41334000000000004	0.8699893101927728	22125
108	16.0	0.4328999999999999	0.7608218113142151	27370
109	9.0	0.4697	0.764778918682427	28152
110	15.0	0.41262	0.8744454815586965	33464
111	15.0	0.40787999999999996	0.8327552223082505	32025
112	9.0	0.46570000000000006	0.731974449524229	38597
113	12.0	0.45280000000000004	0.7837999624421813	38983
114	13.0	0.44811999999999996	0.7613702183279616	40416
115	11.0	0.43526	0.8053605447659573	39102
116	21.0	0.42333999999999994	0.8987395464507717	33679
117	15.0	0.42117999999999994	0.8938809680135466	26620
118	18.0	0.41548	0.9247487567176726	31421
119	15.0	0.40019999999999994	0.9095821113371902	28584
120	10.0	0.44360000000000005	0.8988713207148049	31667
121	17.0	0.42952000000000007	0.8637028901534384	27942
122	10.0	0.42353999999999997	0.9091084154342997	22797
123	14.0	0.39257999999999993	0.8538822325017328	16874
124	22.0	0.39629999999999993	0.9238201649321289	16603
125	18.0	0.38454	0.907696667550343	15123
126	16.0	0.37967999999999996	0.8038794446378938	15493
127	17.0	0.39030000000000004	0.9530479978844875	16334
128	13.0	0.36616	0.9184106855354754	12903
129	22.0	0.39061999999999997	0.959410579927321	13850
130	22.0	0.36064	0.9755883161977857	13324
131	7.0	0.39233999999999997	0.9652210710953028	14909
132	18.0	0.39872	0.9654886251111877	14202
133	21.0	0.41	0.9552880896670779	15574
134	13.0	0.40748000000000006	0.9625928484357251	15170
135	13.0	0.39093999999999995	0.9364466438882789	14333
136	13.0	0.38764000000000004	0.949678100450728	14936
137	20.0	0.40001999999999993	0.9225076538850134	14587
138	18.0	0.37634	0.9252571104186382	13595
139	19.0	0.3645600000000001	0.8812373217540564	12639
140	10.0	0.36335999999999996	0.9343946218841389	13516
141	21.0	0.36434000000000005	0.8829568578116614	12209
142	20.0	0.37827999999999995	0.8889405063554566	10797
143	21.0	0.37886	0.941595339805764	12879
144	14.0	0.3668	0.9368140136917031	12059
145	18.0	0.3664799999999999	0.9114219538466695	11678
146	13.0	0.37178	0.9212775402144372	12311
147	12.0	0.3658600000000001	0.9452184267890655	11351
148	11.0	0.34513999999999995	0.9541335614965114	12445
149	18.0	0.37788000000000005	0.9476307289813256	13758
150	10.0	0.35182	0.9355674963373248	11846
151	17.0	0.35912	0.9344526156018315	12321
152	20.0	0.37556000000000006	0.9377114649792253	11965
153	11.0	0.3656800000000001	0.9408259232257383	11557
154	12.0	0.36621999999999993	0.9618848060518294	13408
155	17.0	0.37628	0.8288346826187613	13604
156	20.0	0.3841800000000001	0.9404081827510598	12887
157	13.0	0.3793000000000001	0.9359000254012615	15343
158	13.0	0.38216	0.8280399838776077	15508
159	24.0	0.379	0.9628980955767307	19338
160	24.0	0.36977999999999994	0.9530101310368065	17109
161	16.0	0.3629	0.8644669427698168	15650
162	25.0	0.39322	0.9471608676282296	15434
163	20.0	0.36754	0.927656047953763	13955
164	14.0	0.37670000000000003	0.9625236027860895	13173
165	16.0	0.3716999999999999	0.9749046696649389	12693
166	18.0	0.37811999999999996	0.9691503744949894	12639
167	22.0	0.37382	0.8841238360418994	14473
168	11.0	0.38483999999999996	0.8981772722506399	11118
169	21.0	0.37573999999999996	0.9370192581690895	12850
170	17.0	0.37046	0.913257611585481	10986
171	12.0	0.38314	0.841414792142114	11341
172	17.0	0.3765	0.9345833674064606	12923
173	17.0	0.39404000000000006	0.9206421179373786	14425
174	19.0	0.37128	0.921694853032066	16124
175	23.0	0.3972800000000001	0.9292465061738371	16929
176	12.0	0.39582	0.9279931326285721	18147
177	14.0	0.3799	0.9621852383953979	16540
178	16.0	0.41686	0.9476325612616364	21074
179	16.0	0.38758000000000004	0.9256372198040795	17106
180	10.0	0.41884	0.8854162016893312	21460
181	18.0	0.37296	0.9597595529038376	16197
182	16.0	0.39364000000000005	0.9570933870323913	20097
183	17.0	0.39337999999999995	0.9165261786741362	19968
184	17.0	0.38772000000000006	0.9707966218396368	17837
185	18.0	0.3852799999999999	0.9452462101007065	17516
186	17.0	0.40532	0.9433677570912837	20977
187	13.0	0.39658	0.937226001065998	17501
188	11.0	0.3965000000000001	0.8465351033838582	17880
189	11.0	0.41656	0.9724090125715693	17167
190	17.0	0.40616	0.9702283800064896	17487
191	13.0	0.41069999999999995	0.9528292469392808	17848
192	15.0	0.40125999999999995	0.9332679550035967	15671
193	17.0	0.39047999999999994	0.8912574583930499	13467
194	13.0	0.37321999999999994	0.9130364653882995	12306
195	8.0	0.38001999999999997	0.9476257402955378	12725
196	10.0	0.38642000000000004	0.8946059437253462	12026
197	12.0	0.37828	0.9351362356248374	14960
198	19.0	0.3774	0.9128402029606673	24291
199	22.0	0.36882	0.9334325906341218	14871
200	12.0	0.38078	0.9406032903104125	15877
201	21.0	0.39604	0.93201556456145	15519
202	22.0	0.4078	0.8358655274771266	14349
203	18.0	0.40566	0.976019840046801	14507
204	21.0	0.41803999999999997	0.9675700392702419	20810
205	22.0	0.3998999999999999	0.9495903076589339	16419
206	18.0	0.4065	0.9214657838198246	22606
207	12.0	0.38342000000000004	0.8683082344911963	19929
208	11.0	0.39893999999999996	0.8964535370117567	29216
209	14.0	0.39812	0.944976146272812	25007
210	13.0	0.4135600000000001	0.9490011327891228	24955
211	17.0	0.40176	0.9386800879161469	25542
212	15.0	0.4547	0.9864941389971583	25111
213	15.0	0.42442	0.9516454683633089	18335
214	24.0	0.40540000000000015	0.9509823983388902	17733
215	24.0	0.40991999999999995	0.9627567423526155	17211
216	15.0	0.39649999999999996	0.9255168884187913	14959
217	21.0	0.39082	0.9452706953348227	15121
218	12.0	0.39352	0.9218234118926989	13701
219	16.0	0.39566	0.9782219983666242	12851
220	17.0	0.37216	0.9774230814376682	12475
221	17.0	0.37067999999999995	0.9259304659590483	12868
222	17.0	0.38744	0.8879187099261341	12221
223	21.0	0.37466	0.9796794282721456	12504
224	18.0	0.4003000000000001	0.9588438132718003	13379
225	21.0	0.37459999999999993	0.9744894488493647	12014
226	20.0	0.38181999999999994	0.923232687866308	12781
227	14.0	0.37070000000000003	0.9388150370374454	12807
228	14.0	0.3765599999999999	0.9213110740428927	11907
229	10.0	0.3791	0.9165315140357277	11759
230	19.0	0.38614000000000004	0.9335892288821921	13527
231	16.0	0.37768	0.9245585940657943	10825
232	15.0	0.38101999999999997	0.8476949673136253	12248
233	20.0	0.39465999999999996	0.9447882498349441	15013
234	16.0	0.3729800000000001	0.8918307517447387	12159
235	11.0	0.38976000000000005	0.9521248234767481	12897
236	17.0	0.3875	0.9352245273976488	13471
237	9.0	0.38698	0.9418927575597533	16481
238	18.0	0.41944000000000004	0.9857254569360167	16041
239	16.0	0.4068	0.9448749777307905	14028
240	15.0	0.42096000000000006	0.9342242569028364	14759
241	13.0	0.39025999999999994	0.9681216863906957	13323
242	14.0	0.37116	0.8171253767560657	10775
243	16.0	0.36796	0.9617780467647012	9255
244	19.0	0.39698	0.9569777075162623	13830
245	20.0	0.38942	0.9293759134533719	14732
246	15.0	0.37158	0.7877461161218404	9852
247	13.0	0.3999599999999999	0.9411978466569261	13221
248	20.0	0.38049999999999995	0.7762617714337532	10618
249	18.0	0.3791999999999999	0.7753970666651518	13508
250	20.0	0.36147999999999997	0.9109725428421608	10891
251	16.0	0.38622	0.8546079349013704	10624
252	12.0	0.38698	0.8128195810786119	11041
253	20.0	0.38566	0.9685581461585211	12301
254	11.0	0.40354	0.8445539424693553	12469
255	19.0	0.39126000000000005	0.8009567194331211	11355
256	16.0	0.38495999999999997	0.963273501994382	12235
257	12.0	0.40180000000000005	0.9644075085125616	14418
258	18.0	0.3904599999999999	0.9059948093344914	13452
259	17.0	0.3829	0.9478983021113642	13095
260	18.0	0.38732000000000005	0.918940765531709	15608
261	23.0	0.39751999999999993	0.9633109753980672	15565
262	22.0	0.41338	0.9408256688548506	17608
263	12.0	0.37978	0.9528492466749963	14009
264	11.0	0.44116000000000005	0.9212108659119745	16931
265	21.0	0.42791999999999997	0.9509557146114596	24106
266	18.0	0.4131	0.8640679927978148	21656
267	20.0	0.38870000000000005	0.843415983582786	19485
268	25.0	0.37612	0.9178221938508034	20877
269	11.0	0.36345999999999995	0.8682765310183248	20294
270	21.0	0.36998000000000003	0.9044688152306999	20584
271	17.0	0.37234	0.7796629635245765	23200
272	15.0	0.40934000000000004	0.7787419349237684	27414
273	5.0	0.40602000000000005	0.843315693717892	26647
274	13.0	0.3853599999999999	0.874558206843168	23718
275	16.0	0.38854	0.9276846262310731	25296
276	16.0	0.4297000000000001	0.9102697304929734	21898
277	9.0	0.4058800000000001	0.8495674877394157	23224
278	17.0	0.40375999999999995	0.8625754060428854	16494
279	10.0	0.38758000000000004	0.891608821739098	15248
280	19.0	0.37973999999999997	0.8278186466490837	15793
281	17.0	0.36711999999999995	0.8879030323945799	14400
282	13.0	0.365	0.9076845699119817	12401
283	17.0	0.37404	0.8479545746839058	12638
284	21.0	0.3712	0.849569484139705	11713
285	21.0	0.37332	0.8296543402303559	10984
286	16.0	0.36251999999999995	0.9309021804761034	12534
287	25.0	0.35938000000000003	0.9383647429131285	11522
288	14.0	0.37386	0.7831653300301527	12529
289	19.0	0.35997999999999997	0.9174539541746016	9673
290	13.0	0.37006000000000006	0.9604154366592558	11821
291	17.0	0.3571599999999999	0.9631004468295115	10443
292	11.0	0.3747	0.9482954432839668	12777
293	12.0	0.37438000000000005	0.9169467738709389	13046
294	21.0	0.3705399999999999	0.938012067111274	11930
295	17.0	0.3768600000000001	0.8730086940438363	10407
296	15.0	0.37337999999999993	0.9455786815252419	9607
297	14.0	0.38417999999999997	0.9259141298630434	12207
298	15.0	0.38304000000000005	0.9392522396089384	11248
299	17.0	0.39942	0.9067298224683369	11721
300	20.0	0.40126000000000006	0.9349015077513286	12129
301	23.0	0.3720800000000001	0.959829766365931	10143
302	16.0	0.37041999999999997	0.7847384134352078	8315
303	6.0	0.38482	0.9362186271836945	10362
304	13.0	0.37144000000000005	0.9608699616705444	11329
305	16.0	0.37803999999999993	0.9543168799068111	11783
306	10.0	0.37032000000000004	0.913663071812616	10306
307	20.0	0.38431999999999994	0.9704475562467979	11154
308	19.0	0.3911	0.9573185592667678	11254
309	13.0	0.40301999999999993	0.9762634074408788	12067
310	19.0	0.38998	0.9539918006652353	11835
311	12.0	0.4041400000000001	0.9226092309914384	12279
312	21.0	0.40052	0.9520704875277081	11964
313	20.0	0.39698	0.8712984320766874	13303
314	21.0	0.37170000000000003	0.9259478327298664	9953
315	19.0	0.37694000000000005	0.9070441299629657	11928
316	21.0	0.38602	0.9866213915305114	11842
317	18.0	0.39289999999999997	0.9504999174074932	12367
318	12.0	0.3875	0.9492121513917421	12492
319	10.0	0.3807399999999999	0.8889295250596607	10664
320	16.0	0.40049999999999997	0.9616412192504781	12962
321	14.0	0.389	0.9391887634277667	13733
322	12.0	0.39062	0.9621221274455789	14678
323	11.0	0.42786	0.9619072818287779	19493
324	9.0	0.44848	0.9030783141961257	19904
325	17.0	0.40674	0.9579675654679107	17487
326	20.0	0.40228	0.966354117205004	18083
327	13.0	0.41513999999999995	0.9704559842099411	21204
328	17.0	0.38482000000000005	0.9611572096654383	18985
329	18.0	0.39822	0.9519062369491522	21569
330	16.0	0.43189999999999995	0.8196113151549089	23948
331	6.0	0.42438	0.9353443166305644	21985
332	15.0	0.42664	0.890100417259374	20640
333	13.0	0.41775999999999996	0.912847574430445	20135
334	22.0	0.4053	0.9574283166962778	23139
335	17.0	0.3965600000000001	0.8291060774624552	18788
336	14.0	0.37300000000000005	0.9052662869387776	13008
337	16.0	0.39782000000000006	0.7861264371148402	13997
338	15.0	0.3989400000000001	0.8782931590341269	13943
339	19.0	0.39798	0.9167982524933921	12425
340	13.0	0.40432	0.9459936739424455	13019
341	17.0	0.39080000000000004	0.832312204446666	14952
342	18.0	0.39124	0.8655594197829302	12056
343	13.0	0.3886	0.9332960495610464	13974
344	5.0	0.39516000000000007	0.9584509527244107	14548
345	19.0	0.3897	0.9267925857722635	14290
346	22.0	0.41925999999999997	0.942927172855178	17672
347	18.0	0.41484000000000004	0.8673723625479458	19917
348	16.0	0.43879999999999997	0.9487700570166809	21959
349	9.0	0.4613999999999999	0.934625126390723	25897
350	13.0	0.4335	0.8928288029985308	27698
351	16.0	0.4365	0.9366422436220155	24688
352	8.0	0.52704	0.970952083385349	29375
353	7.0	0.47644000000000003	0.9365130292410124	29645
354	12.0	0.47046	0.9259877131551658	27100
355	15.0	0.4798199999999999	0.9175776225446055	25452
356	9.0	0.47834	0.9159618580960627	31379
357	12.0	0.46634	0.8789025038919855	33129
358	12.0	0.45122	0.9241600446026915	34994
359	11.0	0.45144000000000006	0.7794130070768158	29577
360	13.0	0.47619999999999996	0.8511805390296946	31380
361	12.0	0.44004	0.7836783294724824	26750
362	13.0	0.4142	0.8042392780042348	27934
363	13.0	0.4416399999999999	0.8043034888483557	25172
364	15.0	0.4181	0.7931894644749711	24039
365	12.0	0.40730000000000005	0.9538794473502683	24390
366	16.0	0.38708000000000004	0.8082079174428927	21045
367	14.0	0.42772000000000004	0.8634302864807112	24554
368	11.0	0.41064	0.883269276710769	25802
369	12.0	0.4153	0.8101645734734028	26453
370	15.0	0.43105999999999994	0.8235016171960355	26750
371	15.0	0.42446	0.769264835842427	27142
372	18.0	0.43358	0.8987583072765204	26011
373	15.0	0.4305	0.941792805889358	25316
374	8.0	0.44150000000000006	0.8473888363257471	23670
375	10.0	0.4282	0.91332716682015	24277
376	16.0	0.42988	0.8234886227634942	22433
377	14.0	0.40263999999999994	0.8497213508130026	19738
378	10.0	0.40862000000000004	0.7144971831717011	17459
379	8.0	0.4548	0.9638181857751035	17006
380	7.0	0.42424	0.8023628427351753	16316
381	12.0	0.43677999999999995	0.8955981049236913	15525
382	13.0	0.39238	0.8484925691818254	15391
383	8.0	0.38812	0.9091782619321788	15835
384	18.0	0.42263999999999996	0.9670040270525363	18255
385	24.0	0.4505599999999999	0.9246119514021266	19962
386	20.0	0.43226	0.9565245362634488	16910
387	18.0	0.40316	0.9839571285035106	18282
388	15.0	0.4411	0.9354258095249415	18472
389	17.0	0.45360000000000006	0.985491064988161	22865
390	15.0	0.43454	0.9478105425667609	18907
391	23.0	0.4587199999999999	0.9740177397216296	23303
392	12.0	0.42969999999999997	0.9321185857758468	21766
393	13.0	0.45283999999999996	0.9410341508059751	18753
394	10.0	0.45150000000000007	0.8414560023116348	18528
395	19.0	0.42708000000000007	0.912843556778219	20444
396	16.0	0.4236000000000001	0.8402961388332663	21616
397	14.0	0.44962	0.8934530284425334	20716
398	12.0	0.46056	0.8861661482175855	23725
399	14.0	0.44352	0.9095050168884471	23142
400	15.0	0.3906	0.9375208005747493	18951
401	15.0	0.40381999999999996	0.9167728599109064	20036
402	17.0	0.39352	0.8119570428690357	16348
403	9.0	0.41338	0.9417174502752559	18241
404	16.0	0.42417999999999995	0.9456897562079555	18041
405	14.0	0.4249400000000001	0.9073776328110855	17443
406	14.0	0.45589999999999997	0.8783084435346187	17782
407	23.0	0.46018000000000003	0.9664253017477216	22354
408	7.0	0.41884	0.9857206766706056	19069
409	13.0	0.3974599999999999	0.9658041431325638	20270
410	13.0	0.3898	0.9252910720488297	18011
411	13.0	0.37856	0.9717751464981659	17846
412	13.0	0.3901199999999999	0.9421655961637682	17978
413	20.0	0.41938000000000003	0.9133273631668443	23615
414	11.0	0.42336000000000007	0.9125955841737055	23847
415	6.0	0.4428	0.9002961515244223	20983
416	17.0	0.46074000000000004	0.8977879604949057	26113
417	16.0	0.4237	0.9486856251469223	19238
418	14.0	0.42442	0.9474491221501552	23279
419	16.0	0.42248	0.9439237512710131	23482
420	14.0	0.42024000000000006	0.9087122813472671	20582
421	10.0	0.42983999999999994	0.9583873323816506	22488
422	13.0	0.40554	0.9088466021459763	23243
423	18.0	0.40521999999999997	0.893786531846045	23329
424	10.0	0.43178	0.8727921352765272	20044
425	10.0	0.42574000000000006	0.8212845560564863	25093
426	17.0	0.36646	0.9444040003282586	23449
427	23.0	0.38423999999999997	0.8730307591012522	17389
428	9.0	0.39792	0.8719490932369618	19803
429	12.0	0.46244	0.8864591405565484	20850
430	13.0	0.4376	0.9386959816871328	20101
431	21.0	0.42654000000000003	0.9584725905337761	20976
432	12.0	0.4121	0.8421634017485551	20567
433	12.0	0.4696	0.9704141534727383	20076
434	19.0	0.39393999999999996	0.80954834947219	16464
435	9.0	0.42241999999999996	0.95079439195625	14988
436	18.0	0.4032200000000001	0.8575354083802634	14706
437	15.0	0.41122	0.7059587962794833	12026
438	19.0	0.37688000000000005	0.8835455144460118	12367
439	13.0	0.39586000000000005	0.8206092005242388	14320
440	19.0	0.39698000000000006	0.8102599168736945	13032
441	21.0	0.3769199999999999	0.8366041343768047	11977
442	19.0	0.37856	0.8724043804323118	13566
443	13.0	0.36504	0.7494823294813245	14247
444	19.0	0.41644	0.9682324202673445	18719
445	11.0	0.41419999999999996	0.9009653779575019	21935
446	17.0	0.39808	0.9638959790272468	24976
447	11.0	0.4026799999999999	0.9684632874254255	30792
448	12.0	0.4139600000000001	0.9853259668132899	28713
449	13.0	0.42182000000000003	0.9330315097496996	22070
450	6.0	0.43764	0.9339573209050647	25549
451	17.0	0.45914	0.9792466771853068	23378
452	14.0	0.40753999999999996	0.9357833964896509	21506
453	20.0	0.43186	0.942770518496769	25169
454	18.0	0.44516	0.8381527456682072	25074
455	13.0	0.43443999999999994	0.979525261417888	25362
456	16.0	0.4219999999999999	0.8667772421573121	26571
457	14.0	0.4098200000000001	0.808780499707692	26706
458	12.0	0.41275999999999996	0.947390879165061	29028
459	13.0	0.42973999999999996	0.8139432789839074	26978
460	20.0	0.4692	0.9816587290332628	31549
461	14.0	0.4835999999999999	0.9662748244869518	30183
462	12.0	0.49326000000000003	0.9596863196263764	34645
463	17.0	0.42826000000000003	0.8714804942197788	35194
464	17.0	0.45492000000000005	0.8752198276319085	28561
465	14.0	0.47062000000000004	0.9210697312842216	30497
466	11.0	0.4791599999999999	0.9448080495260855	37496
467	13.0	0.40307999999999994	0.9207227008102369	26379
468	8.0	0.44906	0.7975591962592052	22130
469	12.0	0.43916000000000005	0.8515247081595333	20266
470	13.0	0.44108	0.922439330083183	22021
471	15.0	0.42506	0.7600975476056764	21101
472	11.0	0.4664000000000001	0.8751470573714981	27743
473	21.0	0.43676000000000004	0.6998489029385203	23529
474	24.0	0.44176000000000004	0.6147081530623295	21003
475	11.0	0.4325	0.5846968609528215	19676
476	26.0	0.44329999999999997	0.6854531603848537	18877
477	17.0	0.44582	0.7874732445288962	21619
478	16.0	0.42632	0.9493967957098473	19897
479	17.0	0.48938000000000004	0.6861020440680867	21672
480	21.0	0.42924000000000007	0.9555376534916636	18024
481	12.0	0.4360000000000001	0.9532431989319217	19289
482	17.0	0.45408000000000004	0.9868386450588814	20660
483	17.0	0.39918	0.9500437421662001	15712
484	14.0	0.40330000000000005	0.9251174749103286	16773
485	11.0	0.4171	0.9547227962668018	19190
486	13.0	0.42475999999999997	0.9612032677227372	17933
487	14.0	0.42856	0.875589288141785	17705
488	13.0	0.4622999999999999	0.9834216616729221	17945
489	15.0	0.47300000000000003	0.8636147146076303	20343
490	11.0	0.42963999999999997	0.8438086430015704	17404
491	19.0	0.4704	0.9550977069094692	17789
492	13.0	0.47653999999999996	0.9378258512991563	20326
493	12.0	0.4691	0.9290828078573536	18882
494	8.0	0.469	0.9654354795824798	19599
495	7.0	0.52142	0.9717095040862965	21077
496	14.0	0.4582800000000001	0.8981518422621559	19890
497	16.0	0.4631	0.8432515272861357	20860
498	11.0	0.48863999999999996	0.7035567696781058	24674
499	15.0	0.46968000000000004	0.9481233927750282	28214
500	11.0	0.5099199999999999	0.9602812239223392	28120
501	15.0	0.45448000000000005	0.8083909419029501	23662
502	11.0	0.4458	0.8886821246685906	24664
503	18.0	0.45762	0.7827034062153968	28108
504	14.0	0.48812	0.8064291912206433	28729
505	5.0	0.5572	0.9222476111447647	30938
506	12.0	0.4439	0.755560857473016	25825
507	12.0	0.45632000000000006	0.7967611529363532	29585
508	11.0	0.44787999999999994	0.8238144332527634	25582
509	13.0	0.5157599999999999	0.9119378314832224	24220
510	14.0	0.45808000000000004	0.8541070800421432	22632
511	6.0	0.46049999999999996	0.8124040574407756	25825
512	13.0	0.4129400000000001	0.8072057221980475	23581
513	15.0	0.40840000000000004	0.6648590512722435	22372
514	14.0	0.41508	0.7058323452862031	17422
515	16.0	0.4609	0.2901588112130132	3085
516	13.0	0.48978	0.3604932380492029	21137
517	12.0	0.37227999999999994	0.3692899342268458	17543
518	13.0	0.35800000000000004	0.3775154510565686	18151
519	13.0	0.44838	0.38969712552981045	15407
520	13.0	0.44936	0.23882729294380672	612
521	15.0	0.43476	0.37585095360426524	12667
522	16.0	0.36924	0.5526366928654528	19109
523	21.0	0.3532599999999999	0.6507103922204209	12568
524	13.0	0.37770000000000004	0.46995632534420706	26788
525	7.0	0.38473999999999997	0.5078326611483672	18812
526	3.0	0.14122	0.22397592530060417	10521
588	4.0	0.21278	0.2366284561023303	9142
589	11.0	0.35851999999999995	0.3637492283769567	13281
590	9.0	0.46658	0.34050002247782374	26959
591	14.0	0.43089999999999995	0.3444061390247489	36982
592	19.0	0.38344	0.4591743688775865	39107
593	0.0	0.03262	0.06365928826240014	10670
596	4.0	0.36054	0.8635068941218372	17592
597	18.0	0.3968999999999999	0.80806164692296	20242
598	21.0	0.38964	0.8063952618919521	22573
599	7.0	0.42622	0.8651685243495691	33448
600	9.0	0.42847999999999997	0.8091599788848491	34623
601	11.0	0.49023999999999995	0.7740431960864175	42382
602	11.0	0.48796000000000006	0.8148406964426571	53233
603	7.0	0.5197799999999999	0.7729741238321659	53736
604	9.0	0.48884000000000005	0.697891682592449	57021
605	9.0	0.47804	0.8478776252684006	64595
606	14.0	0.45095999999999997	0.7978915807228717	54552
607	11.0	0.42108000000000007	0.8293568032844789	45605
608	10.0	0.5377000000000001	0.9525928066109566	51136
609	6.0	0.46336000000000005	0.8600559026942699	50058
610	10.0	0.48016	0.9014556718740635	44316
611	11.0	0.50898	0.897718278700261	56011
612	7.0	0.4782599999999999	0.8771352662105488	51780
613	9.0	0.47342000000000006	0.8627767241358523	51872
614	12.0	0.47090000000000004	0.8524257604984758	49724
615	10.0	0.49440000000000006	0.832042338117835	52839
616	7.0	0.47473999999999994	0.8000316545463949	59654
617	15.0	0.4459	0.7830777887262022	50633
618	11.0	0.44551999999999997	0.8325813882319147	49727
619	10.0	0.40844	0.820985194907278	45157
620	11.0	0.48727999999999994	0.9332676952494431	47362
621	12.0	0.53114	0.9057728414160392	48343
622	8.0	0.5287	0.9038369556415441	61903
623	2.0	0.56164	0.9412096091316341	60328
624	10.0	0.51922	0.8745509919728794	66766
625	7.0	0.4914	0.7544961077394318	60536
626	5.0	0.48128	0.6694269811929602	58010
627	20.0	0.49582	0.8900764571915555	54021
628	12.0	0.44534	0.8239770710956626	52678
629	9.0	0.51538	0.8292919559549917	55426
630	15.0	0.4266600000000001	0.871932209300314	41372
631	5.0	0.5146200000000001	0.9162980749722831	52147
632	4.0	0.5208200000000001	0.9528212546182239	45667
633	11.0	0.5011800000000001	0.9498370016850124	40517
634	13.0	0.4624999999999999	0.8437577850360224	43565
635	11.0	0.46922	0.8681357860095466	43969
636	15.0	0.46009999999999995	0.9188317409968821	49762
637	7.0	0.4996400000000001	0.9159856711719639	54722
638	9.0	0.49849999999999994	0.8678735990791774	64925
639	11.0	0.45530000000000004	0.7969439643904782	47135
640	6.0	0.49729999999999996	0.689027318433599	60372
641	9.0	0.4732	0.7152778466000371	51987
642	10.0	0.42168	0.794514316597281	47491
643	11.0	0.40654	0.8434551550727852	43307
644	1.0	0.46537999999999996	0.8911189386105339	49242
645	8.0	0.54814	0.8377768611160569	50529
646	7.0	0.49628	0.7566695745675351	57223
647	19.0	0.47828000000000004	0.7851471710618808	55687
648	16.0	0.46812	0.912000417712191	56467
649	9.0	0.48950000000000005	0.85337701648249	57932
650	6.0	0.46198	0.8446256484906017	52102
651	13.0	0.44872000000000006	0.8884454839609786	47180
652	22.0	0.44088	0.9054740626335046	53000
653	17.0	0.45608	0.9142624988233934	54226
654	10.0	0.44274	0.663084548519151	49435
655	17.0	0.42983999999999994	0.8037641031876266	46384
656	9.0	0.447	0.689522458685897	41920
657	3.0	0.49426000000000003	0.8016894326614956	56675
658	8.0	0.4677	0.7086421108500202	56479
659	9.0	0.42542	0.7955053983875687	47679
660	11.0	0.39757999999999993	0.8435477400504778	43264
661	13.0	0.39504000000000006	0.810197530580137	41217
662	16.0	0.49906	0.8694183681410201	54475
663	10.0	0.4474600000000001	0.8474281249332969	45965
664	10.0	0.43145999999999995	0.7714963434220934	43274
665	11.0	0.4807	0.7823181472391916	50013
666	12.0	0.4267199999999999	0.8862214620932987	49863
667	11.0	0.40581999999999996	0.8038561237871271	47174
668	14.0	0.45303999999999994	0.8399150965027572	51196
669	9.0	0.45352000000000003	0.8147120990682414	54247
670	9.0	0.46982	0.8920581079091336	58111
671	4.0	0.54626	0.9375458626837302	52082
672	13.0	0.42068	0.895967294962377	42742
673	11.0	0.4132400000000001	0.7432398839437339	46184
674	9.0	0.4614400000000001	0.7623716607735388	52306
675	15.0	0.42856	0.7262747948112515	45752
676	10.0	0.46222	0.830070791797937	51021
677	5.0	0.53662	0.9017970913718232	54888
678	17.0	0.42843999999999993	0.8924731940912068	52343
679	10.0	0.41722000000000004	0.8187115403979202	38871
680	8.0	0.47035999999999994	0.7920490447768233	49589
681	12.0	0.48036	0.8737045263370932	47675
682	2.0	0.4949	0.8450979894058703	53126
683	10.0	0.49004000000000003	0.8050461074312582	55588
684	16.0	0.45272000000000007	0.8749707582555841	50851
685	9.0	0.4461	0.7802112847306354	48255
686	12.0	0.42472	0.8004933450237454	49667
687	7.0	0.46148000000000006	0.7047891060679807	52582
688	11.0	0.4347000000000001	0.7923940873657643	48972
689	9.0	0.42738	0.7917870043376695	51946
690	18.0	0.44921999999999995	0.8343457979744143	51590
691	10.0	0.45818	0.7921836895137513	55554
692	7.0	0.45818	0.7401254148467166	52621
693	12.0	0.48928000000000005	0.8044001009949695	54362
694	13.0	0.49660000000000004	0.8974342055000823	54948
695	12.0	0.50418	0.9134076802499029	59640
696	8.0	0.47074000000000005	0.9292828850750121	49800
697	7.0	0.4562	0.8638013343822224	42285
698	0.0	0.03478	0.053778914477714	2197
699	13.0	0.51414	0.8880346044344324	43928
700	6.0	0.5046600000000001	0.898963735254175	51635
701	5.0	0.5214	0.8430130624563652	60644
702	9.0	0.48403999999999997	0.8473043503509459	49472
703	5.0	0.5074799999999999	0.8020791244378994	54904
704	11.0	0.5037999999999999	0.7812218328946241	56609
705	16.0	0.47522000000000003	0.800293758557271	52926
706	13.0	0.44278	0.7169041910085449	50309
707	19.0	0.45287999999999995	0.7696541283679561	46436
708	6.0	0.50426	0.8456729229052123	54477
709	8.0	0.53064	0.8299504931729372	52985
710	7.0	0.46424	0.7858521999082141	55550
711	5.0	0.44877999999999996	0.7142879532754612	49730
712	7.0	0.46886000000000005	0.6277946586653085	42947
713	6.0	0.41595999999999994	0.7478677437835021	45038
714	8.0	0.4399	0.7802299664548835	53088
715	17.0	0.45464	0.7519363260413501	49794
716	9.0	0.44126	0.8483337993474929	54494
717	11.0	0.47484000000000004	0.8931855499500905	62625
718	16.0	0.47403999999999996	0.8728745888868379	60459
719	12.0	0.51542	0.9105112672463791	59172
720	6.0	0.54988	0.9370942499621933	47007
721	6.0	0.50278	0.9405101460105021	39054
722	17.0	0.47162	0.9467727917678775	50043
723	9.0	0.4643399999999999	0.8455094349440604	56096
724	8.0	0.47444	0.8778710244294707	47940
725	12.0	0.46226	0.9039630339681671	48667
726	17.0	0.4391400000000001	0.8786159726564511	41092
727	19.0	0.4050399999999999	0.9512871525983566	41416
728	17.0	0.40120000000000006	0.9502891027426645	43851
729	14.0	0.45246000000000003	0.9650160472830547	45823
730	15.0	0.5383	0.9404196414542588	45959
731	6.0	0.4782599999999999	0.8430536351849238	46037
732	13.0	0.44838	0.9438350036773019	49545
733	14.0	0.41494	0.9262158226596214	46999
734	12.0	0.42906000000000005	0.8907519673383276	51404
735	12.0	0.51546	0.9507881068284213	62678
736	15.0	0.4833	0.9328068063444711	51305
737	13.0	0.48662	0.9070434790634496	47759
738	14.0	0.47752	0.9060121266248283	49361
739	12.0	0.47448	0.8956747370028244	53830
740	14.0	0.45584	0.8241177445600102	52733
741	10.0	0.4808799999999999	0.8258538331032655	56970
742	19.0	0.40264000000000005	0.8717168762462922	43602
743	19.0	0.38946000000000003	0.9402156380250692	43553
744	15.0	0.47042	0.8485392532923978	45356
745	13.0	0.4921000000000001	0.9002349008132489	55742
746	9.0	0.4772200000000001	0.9186597880385431	56888
747	18.0	0.47779999999999995	0.9135531095378391	55023
748	7.0	0.46304	0.8427030102281213	48378
749	11.0	0.45616	0.9167827053212877	54962
750	9.0	0.49048	0.8970735882299967	52470
751	11.0	0.45704	0.8771621542035626	55300
752	21.0	0.40112000000000003	0.9220082618613904	47276
753	16.0	0.47003999999999996	0.9034888544059605	47976
754	16.0	0.47586	0.9464529813851623	42059
755	19.0	0.4578	0.9464609541759144	37241
756	14.0	0.42519999999999997	0.9460573645347444	35935
757	14.0	0.44667999999999997	0.9519328588632615	28686
758	13.0	0.43732	0.9484287696051575	26820
759	21.0	0.39326	0.8904847941982074	25121
760	11.0	0.39449999999999996	0.9290693001597463	20954
761	17.0	0.39466	0.9362302253202527	23678
762	17.0	0.4023	0.8622225782376374	18518
763	12.0	0.40303999999999995	0.948821878661582	21949
764	17.0	0.39592000000000005	0.9114091098834805	19536
765	16.0	0.41894	0.9612933914260525	20060
766	16.0	0.39586	0.9625156967755345	19874
767	15.0	0.38278	0.8386562068106582	17123
768	23.0	0.39158000000000004	0.8567338456040859	15213
769	9.0	0.41516000000000003	0.9734682621118278	18633
770	15.0	0.39783999999999997	0.9281809110762914	21321
771	13.0	0.39189999999999997	0.911405130369473	18262
772	10.0	0.3737	0.8841325583222243	18379
773	26.0	0.36597999999999997	0.9403985296010289	18192
774	12.0	0.40413999999999994	0.8601115982734394	19414
775	16.0	0.39388000000000006	0.9646845852038858	21883
776	10.0	0.37844	0.966692507453271	17583
777	10.0	0.40602	0.915767822844845	20552
778	7.0	0.41040000000000004	0.9071142315348975	22603
779	18.0	0.40251999999999993	0.9509207116821435	23530
780	16.0	0.38736	0.9455181745354491	24450
781	15.0	0.43424	0.9434982545563787	29035
782	15.0	0.4318399999999999	0.939798794510995	26244
783	12.0	0.44040000000000007	0.9373966556576837	27932
784	17.0	0.41281999999999996	0.9223479919698964	29163
785	22.0	0.46452	0.8885109750598761	27897
786	15.0	0.48344000000000004	0.9899384631151338	39055
787	18.0	0.44264000000000003	0.9692316682686632	33342
788	18.0	0.45612	0.9716214724888932	41688
789	24.0	0.4655	0.9911773594647894	37381
790	12.0	0.45399999999999996	0.8727226656201686	38608
791	9.0	0.45803999999999995	0.9007642545394634	44374
792	15.0	0.4407400000000001	0.8265697916540375	51932
793	26.0	0.41338	0.9123838792391087	49850
794	9.0	0.39597999999999994	0.927173862681679	49955
795	11.0	0.5096999999999999	0.9236615337462036	52818
796	17.0	0.43119999999999997	0.8454144065683107	44410
797	14.0	0.4043399999999999	0.8664882579979872	36815
798	18.0	0.41766	0.9176053097800908	40645
799	9.0	0.52498	0.8798258683962635	52829
800	12.0	0.4766	0.9030439394721128	44693
801	12.0	0.42463999999999996	0.9425778290919683	46261
802	16.0	0.39106	0.9396614299337779	43891
803	22.0	0.40503999999999996	0.9009799454997992	37144
804	19.0	0.41438	0.8611582309615052	41762
805	11.0	0.425	0.9064553630444289	47331
806	12.0	0.4354799999999999	0.8283607498445152	51704
807	8.0	0.4249	0.834731800999411	35455
808	19.0	0.4317	0.810488803579944	33492
809	8.0	0.40102	0.9290959695267056	30679
810	15.0	0.41376000000000007	0.9440000389483048	32689
811	26.0	0.4258199999999999	0.9127647836738968	32711
812	15.0	0.42384	0.9287507673532478	29966
813	14.0	0.4354799999999999	0.9798133553383225	31672
814	19.0	0.4689800000000001	0.9720746537628885	32072
815	22.0	0.43867999999999996	0.9657487615454065	28428
816	15.0	0.41416000000000003	0.8492941104410698	29748
817	14.0	0.43744	0.9702273064076395	28195
818	12.0	0.39477999999999996	0.9462621961527331	25147
819	18.0	0.42262000000000005	0.9292616577497912	24171
820	19.0	0.40206	0.9298853248888647	23513
821	20.0	0.40528	0.9374141238287874	24312
822	14.0	0.38148	0.9471706386653521	23572
823	9.0	0.40238	0.9523353990494661	24540
824	11.0	0.4364	0.8128699518150136	20346
825	21.0	0.4147	0.9237433207011247	23385
826	18.0	0.41988	0.9342179060883978	25378
827	15.0	0.44858	0.9610105897829362	36625
828	14.0	0.42208	0.9495123308565416	26237
829	15.0	0.41839999999999994	0.9049065243585562	28266
830	15.0	0.42556000000000005	0.8943073198246955	27290
831	20.0	0.44144	0.9664654090027106	28024
832	14.0	0.4171999999999999	0.9590140427673841	26556
833	12.0	0.4350800000000001	0.9522487825537412	28199
834	13.0	0.42760000000000004	0.9278670329038629	31483
835	15.0	0.42847999999999997	0.9308440987046491	32000
836	14.0	0.4617000000000001	0.9450326134765429	35341
837	14.0	0.45308	0.9304471414326616	37306
838	13.0	0.4441399999999999	0.9263789414709818	33445
839	11.0	0.46412	0.8086616412155004	38764
840	7.0	0.43395999999999996	0.7870592617324347	36015
841	11.0	0.4624600000000001	0.8340521495704146	49974
842	9.0	0.45558	0.8143780213488563	46951
843	13.0	0.49064	0.8988881097993761	51553
844	11.0	0.45706	0.7600118807017858	48881
845	13.0	0.47098	0.7435248564874483	50804
846	3.0	0.49694000000000005	0.8095055639394917	52736
847	8.0	0.4735599999999999	0.8597604602471974	46042
848	19.0	0.42534	0.7621708866564856	38070
849	12.0	0.45252000000000003	0.8937567369626208	42462
850	15.0	0.43636	0.8308321806474216	34233
851	13.0	0.4917600000000001	0.9532001794378686	45820
852	8.0	0.45946	0.9378284107162038	47333
853	9.0	0.47034	0.8950465514581557	41814
854	13.0	0.47784000000000004	0.922220799353728	42480
855	10.0	0.47134	0.91342619146714	41965
856	13.0	0.44730000000000003	0.9204121583966784	45795
857	7.0	0.48353999999999997	0.867390120356002	43296
858	5.0	0.46520000000000006	0.8182949712496839	47200
859	4.0	0.4773200000000001	0.8202388544018056	41977
860	10.0	0.48744	0.8929751850640534	52218
861	12.0	0.4668	0.8552170441217732	50302
862	8.0	0.44322	0.8539268058955515	47192
863	15.0	0.42548	0.8239559937748234	48295
864	9.0	0.46172	0.9111403584771623	44276
865	15.0	0.50968	0.8461814807522776	54505
866	10.0	0.48444000000000004	0.83295455249858	46708
867	8.0	0.5068800000000001	0.9476525249191944	41736
868	6.0	0.48274	0.943888317651594	43200
869	12.0	0.42455999999999994	0.8702447803104274	46830
870	18.0	0.43024000000000007	0.8703263820624996	43163
871	23.0	0.46543999999999996	0.8985915559494302	53314
872	12.0	0.3791000000000001	0.8946029898011625	41667
873	11.0	0.37828	0.9078770785122053	41889
874	20.0	0.45805999999999997	0.9459919019855064	49127
875	15.0	0.40218	0.8932475475720157	39869
876	8.0	0.40349999999999997	0.894550133110173	35930
877	8.0	0.40092000000000005	0.9544641901591597	40461
878	18.0	0.4925	0.9001728828399652	46988
879	12.0	0.48035999999999995	0.9037351100812913	52262
880	11.0	0.45630000000000004	0.896295843770428	46987
881	7.0	0.45478	0.896025657577796	49040
882	18.0	0.4374	0.8257253319467109	48177
883	9.0	0.4198000000000001	0.928317261686035	44836
884	18.0	0.39632000000000006	0.847772017112332	34086
885	17.0	0.41009999999999996	0.6499292489217494	37610
886	23.0	0.4069	0.7470651448402942	34554
887	11.0	0.41688	0.7255626843527397	39471
888	11.0	0.47314	0.8134742325501761	57381
889	3.0	0.49622	0.8055745849526235	60766
890	11.0	0.5116	0.8365861602145295	63317
891	9.0	0.5251399999999999	0.8688471456154953	55943
892	7.0	0.4911800000000001	0.8565375108835543	54057
893	8.0	0.51388	0.9823478289712795	52526
894	9.0	0.43744	0.9263784161926227	48836
895	13.0	0.50134	0.932309533997622	52673
896	15.0	0.5237999999999999	0.9483757915198544	45142
897	13.0	0.50302	0.971603271276288	49870
898	8.0	0.51064	0.9715770265007441	44410
899	5.0	0.52152	0.9674577198194654	52588
900	13.0	0.4499	0.8665913765584171	47802
901	14.0	0.4186000000000001	0.9250046513307665	41275
902	19.0	0.39744000000000007	0.9506793382968162	37286
903	12.0	0.45806	0.9528038808863115	46714
904	13.0	0.44728	0.960895222770918	42741
905	13.0	0.43916	0.946631653625764	43908
906	14.0	0.46381999999999995	0.9106631493168138	56593
907	13.0	0.4697	0.9435524430564868	47871
908	11.0	0.46668	0.922261766837763	41268
909	7.0	0.41247999999999996	0.9159124448822068	38344
910	8.0	0.4307999999999999	0.9364440783169237	34946
911	16.0	0.4590000000000001	0.9496087127482468	44000
912	11.0	0.44660000000000005	0.9356052801412802	43525
913	11.0	0.45066	0.9260182102134815	45912
914	13.0	0.44878000000000007	0.8922794536288183	44189
915	16.0	0.45775999999999994	0.8559675947857244	52842
916	9.0	0.48140000000000005	0.8453153499128724	56422
917	9.0	0.46631999999999996	0.8499656269759089	49075
918	10.0	0.45281999999999994	0.8559424133194995	54021
919	14.0	0.4783799999999999	0.8103702277692388	65138
920	5.0	0.47870000000000007	0.7042727130560785	62531
921	5.0	0.45736000000000004	0.7289230920421834	55827
922	11.0	0.44620000000000004	0.7440934578579986	51691
923	13.0	0.42546	0.7536089236956712	48424
924	16.0	0.39734	0.8542660216064752	46882
925	16.0	0.43278000000000005	0.9144556795060546	41172
926	13.0	0.50458	0.9140901698257764	50377
927	7.0	0.50042	0.8922346485753673	50690
928	13.0	0.49696000000000007	0.8631334348597447	40475
929	10.0	0.49485999999999997	0.6771469997034886	33274
930	17.0	0.4991	0.6811735172507238	42757
931	7.0	0.47185999999999995	0.934133165977328	37489
932	18.0	0.46820000000000006	0.8812026713228335	37253
933	17.0	0.44398	0.8984129428786002	37977
934	18.0	0.45586	0.8794556085221058	43101
935	15.0	0.48480000000000006	0.9138323162287058	47984
936	13.0	0.5035000000000001	0.9460996641455612	41124
937	16.0	0.46571999999999997	0.9413609063304491	36437
938	22.0	0.44916000000000006	0.9393831673536519	40267
939	14.0	0.46707999999999994	0.8950212782669643	33581
940	14.0	0.48351999999999995	0.9400577401844205	36077
941	8.0	0.46878	0.8893877342772857	39283
942	13.0	0.49748	0.7381928043157799	48752
943	9.0	0.49026	0.9057756371716602	40630
944	5.0	0.5087600000000001	0.8628240489981901	48018
945	8.0	0.5246000000000001	0.9331602596571206	48343
946	13.0	0.4936	0.9572836565179752	51766
947	13.0	0.49380000000000007	0.9429442057500529	41368
948	5.0	0.49636	0.9541075435766081	51149
949	13.0	0.45268	0.8526997859383536	56712
950	7.0	0.46641999999999995	0.8462241056730572	59246
951	5.0	0.43922000000000005	0.7532761539843595	44778
952	9.0	0.42492	0.8499915845711672	41353
953	12.0	0.42612	0.8123326301914061	48371
954	15.0	0.43158	0.8532146484769907	48740
955	17.0	0.42593999999999993	0.7940931123215503	46680
956	11.0	0.47322000000000003	0.7197672088920147	49229
957	18.0	0.46306	0.8439429333331405	48101
958	15.0	0.46252000000000004	0.8442747364681639	54728
959	10.0	0.47352000000000005	0.9016403040870672	50845
960	14.0	0.47956	0.9348499680067998	57862
961	13.0	0.4873599999999999	0.9361552523762287	49390
962	8.0	0.46404	0.8922935311608542	43297
963	9.0	0.46824000000000005	0.8919828743927617	46150
964	6.0	0.49854	0.8617932341117186	55684
965	26.0	0.42279999999999995	0.9037836791259589	44952
966	8.0	0.4355000000000001	0.8288656808315972	51530
967	4.0	0.46824	0.7841687523919316	57428
968	12.0	0.45400000000000007	0.8230572512033336	53042
969	14.0	0.44162	0.8790332456277551	50351
970	8.0	0.50196	0.8327317300374957	49342
971	5.0	0.48129999999999995	0.7907158361888695	54937
972	9.0	0.51936	0.8085329177825917	56438
973	6.0	0.5285599999999999	0.8079702906534246	58346
974	12.0	0.46424	0.8825211632480778	54690
975	8.0	0.51214	0.7850110926040634	61671
976	4.0	0.52368	0.90582936669809	52604
977	9.0	0.5268600000000001	0.945399739095057	57883
978	16.0	0.5113399999999999	0.9550942244161261	54323
979	10.0	0.5010800000000001	0.8620790701716335	62498
980	8.0	0.5035000000000001	0.8242261511067035	58911
981	7.0	0.4698000000000001	0.7882067519535206	62420
982	19.0	0.44671999999999995	0.8540862628607231	59350
983	17.0	0.43978000000000006	0.9403647808579203	46820
984	7.0	0.53192	0.8495593973846521	50489
985	6.0	0.49992	0.7891319349551422	58660
986	16.0	0.48506	0.813749635688184	59620
987	16.0	0.43448	0.7659322718222527	47555
988	12.0	0.48919999999999997	0.7880642281685623	61265
989	2.0	0.52264	0.8483822868740903	58517
990	21.0	0.4250200000000001	0.9182200210663553	42859
991	8.0	0.43568000000000007	0.8606886909070451	45984
992	14.0	0.5021800000000001	0.8968447593930841	52429
993	12.0	0.45236000000000004	0.8873233468082249	50749
994	19.0	0.46413999999999994	0.929998031490695	43827
995	10.0	0.43408	0.9266189217426721	42288
996	8.0	0.44730000000000003	0.9372154294764384	39547
997	20.0	0.46699999999999997	0.9266169024078902	39240
998	14.0	0.4721000000000001	0.9370046845188463	44672
999	5.0	0.49022	0.9271557959462446	55457
1000	17.0	0.4781	0.9561683518643574	45332
1001	15.0	0.47426	0.908838484286889	51040
1002	13.0	0.48326	0.9257092413185308	49264
1003	9.0	0.48266	0.9275943711024698	46191
1004	11.0	0.47373999999999994	0.8814018749919704	49128
1005	11.0	0.4610400000000001	0.8294595028686064	45510
1006	11.0	0.45410000000000006	0.7834201714739814	42239
1007	4.0	0.4774399999999999	0.7557603534198388	38419
1008	12.0	0.4699999999999999	0.7948156258445637	41646
1009	9.0	0.46012000000000003	0.7314943406835686	43005
1010	10.0	0.44816	0.7636249997652501	40329
1011	13.0	0.43528000000000006	0.749957330718155	49567
1012	6.0	0.43306	0.791927948117378	39758
1013	11.0	0.43660000000000004	0.8007165649988114	38757
1014	13.0	0.45566	0.8179100568420825	42532
1015	12.0	0.42872	0.8371000100263182	37490
1016	9.0	0.42552	0.8509817060250875	36171
1017	15.0	0.41556	0.9121454198715555	33219
1018	20.0	0.41098	0.9466729982648446	29272
1019	18.0	0.39996000000000004	0.9501967646763295	32065
1020	13.0	0.40854	0.8984842062975312	29881
1021	15.0	0.4121	0.9415065098344142	25978
1022	23.0	0.38647999999999993	0.9178571102912685	21911
1023	10.0	0.39816	0.8233939995818605	25770
1024	14.0	0.40622	0.9188596547047512	26811
1025	18.0	0.40663999999999995	0.9626306908894965	27526
1026	17.0	0.40148000000000006	0.9306266048720522	25183
1027	22.0	0.3911800000000001	0.9665705204424336	25214
1028	21.0	0.39446	0.9777392944770177	24457
1029	16.0	0.40277999999999997	0.9537536357214932	22828
1030	16.0	0.39478	0.9381753499031099	25522
1031	19.0	0.41269999999999996	0.9636372271177661	29623
1032	33.0	0.4044600000000001	0.954705810930713	28772
1033	16.0	0.4107800000000001	0.9560527736515969	35471
1034	13.0	0.41598	0.9519171737849401	34111
1035	22.0	0.4128	0.9424227853848121	48220
1036	17.0	0.42118	0.9420225834304916	38519
1037	14.0	0.4266	0.9602604013669507	38292
1038	20.0	0.42626	0.9223617205757494	41266
1039	16.0	0.42796	0.9221580423727458	39625
1040	6.0	0.43561999999999995	0.8675537019947331	39437
1041	18.0	0.43085999999999997	0.6659233281546988	32111
1042	18.0	0.43140000000000006	0.7389350920610726	33340
1043	6.0	0.4470400000000001	0.7981468837475679	50075
1044	23.0	0.44142000000000003	0.6857248340461718	47455
1045	13.0	0.44266	0.7487391793602712	50547
1046	3.0	0.45986	0.7300999511647501	51387
1047	11.0	0.44020000000000004	0.801590779459526	52777
1048	6.0	0.42788	0.824843351991062	47992
1049	15.0	0.4282600000000001	0.8252211252559506	40257
1050	13.0	0.43718	0.864186658304192	42319
1051	19.0	0.40896	0.9415746889902974	36167
1052	14.0	0.39938	0.9510707500169023	28627
1053	14.0	0.41797999999999996	0.8927392549061818	39798
1054	16.0	0.42332000000000003	0.9342052431863676	35184
1055	17.0	0.42002	0.9405006919465113	35428
1056	15.0	0.42058	0.9334464193171346	35453
1057	15.0	0.39327999999999996	0.8157944656659587	24926
1058	12.0	0.38101999999999997	0.9498069034572731	18059
1059	12.0	0.3740599999999999	0.9029181343631304	17514
1060	15.0	0.37054000000000004	0.9367672277813385	19660
1061	9.0	0.40465999999999996	0.9121602732698226	18590
1062	17.0	0.39309999999999995	0.9135658313420268	18062
1063	10.0	0.38478	0.9140637256155953	17728
1064	15.0	0.4061199999999999	0.9094683599508097	23013
1065	12.0	0.42298	0.9051363862873454	27229
1066	15.0	0.38791999999999993	0.9120420232587513	18902
1067	19.0	0.38032	0.8535959164499062	16414
1068	15.0	0.3857	0.760667565873599	17637
1069	11.0	0.3819600000000001	0.9116123740604809	16640
1070	17.0	0.37729999999999997	0.8157040901746759	17014
1071	13.0	0.3795200000000001	0.9169856838383048	16791
1072	18.0	0.37235999999999997	0.9459507408182419	21445
1073	12.0	0.38018	0.8661003365139512	19478
1074	12.0	0.37831999999999993	0.9219689373290335	25922
1075	13.0	0.37692	0.9373701338159077	17501
1076	15.0	0.36266	0.8291597958764471	15953
1077	19.0	0.37784000000000006	0.8407057713237835	16103
1078	25.0	0.37071999999999994	0.9133359366728028	15287
1079	9.0	0.3708200000000001	0.870336047036924	14340
1080	16.0	0.37559999999999993	0.941460187299391	17489
1081	20.0	0.36957999999999996	0.9499621024732864	16166
1082	19.0	0.38130000000000003	0.8297068313245712	15031
1083	16.0	0.3691600000000001	0.930125544645933	16305
1084	19.0	0.38891999999999993	0.9471424101359901	16987
1085	15.0	0.3907	0.9202598754461929	16146
1086	10.0	0.38182000000000005	0.9374066374548512	17923
1087	7.0	0.38644	0.8741424425757611	15428
1088	22.0	0.373	0.789616362227988	14037
1089	16.0	0.39424	0.8160564917657402	18398
1090	25.0	0.40698	0.8923611357934366	19600
1091	14.0	0.4261000000000001	0.9229597191356994	19293
1092	16.0	0.3842999999999999	0.8472985028879638	19793
1093	16.0	0.39643999999999996	0.8636769560686981	19443
1094	11.0	0.42135999999999996	0.9478474612309724	22509
1095	7.0	0.43157999999999996	0.898722079592128	27375
1096	11.0	0.43276000000000003	0.9193042532914079	24212
1097	14.0	0.40784000000000004	0.8655766228073486	25279
1098	17.0	0.45242	0.792075692421062	43928
1099	14.0	0.43113999999999997	0.8673040376028385	52217
1100	13.0	0.45095999999999997	0.8813320109564593	47540
1101	16.0	0.44426000000000004	0.8833677738571244	42123
1102	13.0	0.46948	0.7270835327063874	46106
1103	5.0	0.47257999999999994	0.7466835206763993	44082
1104	7.0	0.49695999999999996	0.8191211510179804	39034
1105	12.0	0.49272000000000005	0.8323576665428012	39767
1106	8.0	0.46506000000000003	0.8614995457037047	36535
1107	14.0	0.47664	0.8885838277985721	35837
1108	18.0	0.48249999999999993	0.9464632345660413	41337
1109	8.0	0.46568000000000004	0.84343900807286	36355
1110	9.0	0.46758000000000005	0.9098773455834844	40288
1111	14.0	0.47642	0.9287777301198826	54325
1112	14.0	0.47281999999999996	0.9553584929244555	41246
1113	11.0	0.50568	0.9519880722213722	47944
1114	10.0	0.48788000000000004	0.9523733103253207	41959
1115	11.0	0.5093	0.9567456548616693	38060
1116	8.0	0.4935600000000001	0.91492769363991	41640
1117	10.0	0.48122	0.8971707562010278	44959
1118	22.0	0.42234	0.9164329065427003	41156
1119	11.0	0.55232	0.9461480914239916	52822
1120	8.0	0.53846	0.9424712386749232	57874
1121	12.0	0.4503400000000001	0.8724823871824132	49297
1122	9.0	0.48014	0.9649663859350537	48755
1123	9.0	0.53484	0.9601314782536009	56404
1124	13.0	0.49024	0.945000779961066	38993
1125	7.0	0.53098	0.9856777709503959	36176
1126	11.0	0.47595999999999994	0.9340186349056693	38481
1127	18.0	0.4881999999999999	0.9599654994776732	38272
1128	5.0	0.47379999999999994	0.9554256368685192	30093
1129	9.0	0.48642	0.9615667421416821	32592
1130	14.0	0.48906	0.966250241190355	37892
1131	15.0	0.48554	0.971934764656991	30649
1132	12.0	0.45270000000000005	0.9606999525985804	35979
1133	24.0	0.4397	0.9398440500487479	35110
1134	10.0	0.47546000000000005	0.9615222956196429	40466
1135	10.0	0.50626	0.9157575118302683	46160
1136	17.0	0.42532000000000003	0.9731986790825418	39617
1137	15.0	0.4289	0.8839054185056089	45055
1138	19.0	0.41315999999999997	0.9151085814040782	42284
1139	14.0	0.43213999999999997	0.8879752796025898	45546
1140	13.0	0.46408	0.9357876973985425	42641
1141	14.0	0.4711600000000001	0.9633521735953606	39703
1142	10.0	0.45602000000000004	0.942846368899254	41892
1143	12.0	0.5112599999999999	0.9721576143451002	40111
1144	20.0	0.46409999999999996	0.9583268207394342	40445
1145	9.0	0.52476	0.9427472384287379	37120
1146	13.0	0.4362	0.9236254044706318	38687
1147	6.0	0.5183599999999999	0.9654760981397565	37461
1148	16.0	0.47806	0.9419165325455339	39099
1149	6.0	0.4461	0.9497571118837828	37214
1150	12.0	0.41614000000000007	0.8266865360915584	38860
1151	13.0	0.5122599999999999	0.9010812324726957	53199
1152	12.0	0.40786	0.9144208323243499	41313
1153	12.0	0.4239799999999999	0.9389311588105894	35596
1154	13.0	0.45938	0.9352942124663826	38221
1155	14.0	0.46803999999999996	0.9483298648731407	34587
1156	15.0	0.41296	0.967171804577796	29850
1157	20.0	0.4787200000000001	0.9678785588859241	39698
1158	14.0	0.4835199999999999	0.9441184748530983	36773
1159	12.0	0.49245999999999995	0.9712121068469677	33929
1160	13.0	0.48628000000000005	0.9483308838193784	34463
1161	16.0	0.44020000000000004	0.8721077080635055	35976
1162	15.0	0.43595999999999996	0.7580834573859455	30282
1163	10.0	0.5052800000000001	0.9825432758804528	35983
1164	13.0	0.4577400000000001	0.9501654067050559	24457
1165	15.0	0.4466399999999999	0.9502867804871729	33372
1166	14.0	0.51254	0.976227450833619	31823
1167	20.0	0.47296	0.9650834245811253	32060
1168	19.0	0.39848	0.9395885310859645	22475
1169	20.0	0.32774000000000003	0.9372896965631037	22618
1170	26.0	0.41157999999999995	0.9266259798305669	28637
1171	15.0	0.42755999999999994	0.9587897947422974	27444
1172	11.0	0.45724000000000004	0.9430298995493367	32538
1173	16.0	0.46486000000000005	0.9573114453416466	29370
1174	10.0	0.41003999999999996	0.9635375469343984	24278
1175	11.0	0.4328	0.9240515516297425	27652
1176	12.0	0.44906000000000007	0.9636436651021681	25440
1177	10.0	0.45836	0.9231442677375242	26371
1178	13.0	0.44754	0.9237485677588605	27522
1179	13.0	0.40416	0.9219505773272757	22735
1180	20.0	0.4161000000000001	0.9663843091635764	23563
1181	14.0	0.42597999999999997	0.9349115001179904	24100
1182	9.0	0.41652	0.9395871383546387	23094
1183	15.0	0.41367999999999994	0.8949597206479692	21448
1184	7.0	0.4432399999999999	0.9652135177806499	22591
1185	9.0	0.40086	0.9175086494684068	25422
1186	23.0	0.41784000000000004	0.9687427862241046	20144
1187	16.0	0.44476000000000004	0.9616352553761823	26236
1188	15.0	0.4194	0.9359772878347109	21257
1189	15.0	0.42434	0.9360680830162362	23590
1190	18.0	0.45208	0.9649562649369777	24278
1191	13.0	0.44976	0.9284098088787891	24745
1192	7.0	0.47658	0.951213206859502	28869
1193	10.0	0.47351999999999994	0.9513009808951931	29740
1194	15.0	0.46503999999999995	0.9360955502609142	26217
1195	14.0	0.4382	0.952731959649563	25592
1196	14.0	0.50436	0.9275273878546418	24080
1197	8.0	0.51548	0.938931396364944	30048
1198	12.0	0.49622	0.9351495541328718	32527
1199	12.0	0.49376	0.9146347830312678	32837
1200	14.0	0.45399999999999996	0.9457629595608772	31274
1201	12.0	0.49072000000000005	0.9617246206333638	35129
1202	13.0	0.5143000000000001	0.9404454673825645	35458
1203	10.0	0.5139	0.9723311416477303	30295
1204	8.0	0.53622	0.9485717256032937	35211
1205	8.0	0.53288	0.9469776369142119	35314
1206	7.0	0.5270199999999999	0.952129255379724	29119
1207	7.0	0.53422	0.9391952424177233	32288
1208	11.0	0.54538	0.9620698117050968	35076
1209	12.0	0.5596799999999998	0.9635799039324257	42799
1210	5.0	0.56198	0.8278971471406879	31761
1211	7.0	0.5243199999999999	0.9084970439670954	37452
1212	9.0	0.52362	0.883598399508008	40167
1213	7.0	0.51902	0.8270764414909851	49140
1214	6.0	0.55294	0.9161458764891794	47128
1215	9.0	0.55126	0.8940557181825848	42716
1216	3.0	0.5430800000000001	0.909593757190209	48122
1217	10.0	0.5760000000000001	0.9243838027583127	33307
1218	6.0	0.61164	0.9291169683818289	30754
1219	5.0	0.6035	0.9326936630487426	43151
1220	4.0	0.59624	0.9769990118621548	37676
1221	1.0	0.5058	0.7951241068397736	30354
1222	3.0	0.10886000000000001	0.16852191775990802	5775
1223	13.0	0.5802999999999999	0.9787670687439485	39221
1224	1.0	0.14576	0.2557296404260184	11206
1225	5.0	0.43337999999999993	0.7223179097033953	23862
1226	6.0	0.5705399999999998	0.9696393982337328	44186
1227	14.0	0.55034	0.9389204362970671	48040
1228	6.0	0.59552	0.9549047312774891	40723
1229	10.0	0.5423	0.8672303118266511	39663
1230	9.0	0.4980399999999999	0.9277458170616627	41298
1231	9.0	0.53508	0.932936726915852	37661
1232	8.0	0.57554	0.9283345942563295	33322
1233	7.0	0.55804	0.9311232514039468	35859
1234	7.0	0.54594	0.957835464329064	37106
1235	7.0	0.5478	0.9448289776078281	34536
1236	9.0	0.5580200000000001	0.9283259026204256	37944
1237	8.0	0.5954399999999999	0.928043810983817	42218
1238	10.0	0.59346	0.9499803101101596	30524
1239	2.0	0.6000800000000001	0.9591230686596487	27253
1240	6.0	0.59938	0.9583276720699746	26595
1241	7.0	0.61164	0.9198662145960664	31550
1242	5.0	0.5842200000000001	0.8942530858880681	36076
1243	7.0	0.62896	0.9241493956326902	37386
1244	9.0	0.54978	0.7942217828138304	39142
1245	3.0	0.56678	0.785788404009313	42506
1246	10.0	0.5811000000000001	0.8633533384962959	41028
1247	6.0	0.5468599999999999	0.8501013780945007	37508
1248	4.0	0.5424	0.757481130120564	42552
1249	9.0	0.5785800000000001	0.8223527243416174	42601
1250	10.0	0.5230800000000001	0.7735914225724707	46627
1251	11.0	0.5907399999999999	0.8541106537214186	38405
1252	5.0	0.5171600000000001	0.7723640765959235	44309
1253	5.0	0.6000000000000001	0.9192129404495435	42533
1254	7.0	0.6119	0.9143399198363603	45498
1255	10.0	0.5238	0.830677083598155	29561
1256	11.0	0.53412	0.8713293103542509	37898
1257	7.0	0.5126599999999999	0.9356492598944629	40703
1258	14.0	0.43805999999999995	0.3889809289819228	19424
1259	6.0	0.14400000000000002	0.14568408307788797	8308
1260	1.0	0.0	0.0	0
