chrom	start	end	binNum	observed	expected	log2.copyRatio
chr1	0	47349999	947	1141.02	947	0.33518714670192
chr1	47350000	227199999	3597	3190.85	3597	-0.106553971626086
chr2	0	238899999	4778	4532.47	4778	-0.0098099849793718
chr3	0	194999999	3900	3693.11	3900	-0.0123384919596337
chr4	0	10499999	210	306.274	210	0.610732969802527
chr4	10500000	188049999	3551	3264.24	3551	-0.0551788285477656
chr5	0	177999999	3560	3393.11	3560	-0.00296964230016518
chr6	0	43949999	879	1025.2	879	0.288269711111389
chr6	43950000	167899999	2479	2149.36	2479	-0.139551731055476
chr7	0	156099999	3122	2950.51	3122	-0.0152067914440636
chr8	0	143299999	2866	2718.27	2866	-0.0100504486566299
chr9	0	104549999	2091	1982.95	2091	-0.0102453635172574
chr9	104550000	122149999	352	468.595	352	0.479065529418526
chr10	0	132099999	2642	2522.7	2642	-0.000362417781409177
chr11	0	131549999	2631	2448.72	2631	-0.0372840329085685
chr12	0	55299999	1106	1138.59	1106	0.108196346300193
chr12	55300000	105099999	996	738.475	996	-0.365297262903183
chr12	105100000	130849999	515	567.036	515	0.205167297506893
chr13	0	95899999	1918	1861.55	1918	0.0232010440625429
chr14	0	88349999	1767	1730.84	1767	0.0364697251644571
chr15	0	82099999	1642	1665.48	1642	0.086783300194026
chr16	0	79149999	1583	1526.4	1583	0.0137712188574697
chr17	0	78149999	1563	1471.67	1563	-0.0205641755961507
chr18	0	74949999	1499	1422.03	1499	-0.00974908416630201
chr19	0	56049999	1121	1069.49	1121	-0.001563887260044
chr20	0	59849999	1197	1128.41	1197	-0.01883239810617
chr21	0	35549999	711	740.028	711	0.124029696190668
chr22	0	35099999	702	796.569	702	0.248627702893087
chrX	0	69899999	1398	1441.45	1398	0.110455831667085
chrX	69900000	96849999	539	331.289	539	-0.635895573525747
chrX	96850000	152199999	1107	1071.91	1107	0.0198279546822579
