chrom	start	end	binNum	observed	expected	log2.copyRatio
chr1	0	227199999	4544	24740	24981	0.00600999588444959
chr2	0	238899999	4778	15925.3	16182.1	-0.00308256729077512
chr3	0	194999999	3900	5710.05	5921.68	-0.032507427272261
chr4	0	188049999	3761	15968.9	16163.8	0.0024942572806847
chr5	0	177999999	3560	8538.91	8714.67	-0.00939838902036518
chr6	0	167899999	3358	17531.1	17725.7	0.00406964551660594
chr7	0	156099999	3122	18026.3	18209.6	0.00539979941130429
chr8	0	143299999	2866	7535.68	7696.24	-0.0104203608156403
chr9	0	122149999	2443	9351.27	9343.06	0.0212629039193485
chr10	0	132099999	2642	9419.68	9554.71	-0.00053831025311812
chr11	0	131549999	2631	4664.44	4848.75	-0.0359132599628979
chr12	0	130849999	2617	4067.13	4238.75	-0.0396320486581851
chr13	0	95899999	1918	3429.57	3495.15	-0.00733094473121557
chr14	0	88349999	1767	2581.88	2617.46	0.000250184262350073
chr15	0	82099999	1642	10331.4	10331.8	0.0199398697345173
chr16	0	79149999	1583	6745.32	6814.74	0.00522399652254486
chr17	0	78149999	1563	6665.16	6771.04	-0.00274220841067832
chr18	0	74949999	1499	2276.65	2354.18	-0.0283163910201993
chr19	0	56049999	1121	2126.28	2180.04	-0.0160272896301961
chr20	0	59849999	1197	1915.54	1989.69	-0.0347967942509975
chr21	0	35549999	711	2689.21	2663.51	0.0338494473808691
chr22	0	35099999	702	2886.95	2803.1	0.0625186335288147
chrX	0	152199999	3044	8307	8504.69	-0.013935370132938
