chrom	start	end	binNum	observed	expected	log2.copyRatio
chr1	0	227199999	4544	6309.18	4544	0.215724067350125
chr2	0	238899999	4778	5704.16	4778	-0.00215801332674476
chr3	0	194999999	3900	3760.71	3900	-0.310234673014043
chr4	0	188049999	3761	4911.2	3761	0.127193659513479
chr5	0	177999999	3560	4068.47	3560	-0.0651564976145244
chr6	0	167899999	3358	5022.96	3358	0.323169946901582
chr7	0	156099999	3122	4183.2	3122	0.164370828917571
chr8	0	143299999	2866	3582.35	2866	0.0641020786331487
chr9	0	122149999	2443	2642.07	2443	-0.144750782245288
chr10	0	132099999	2642	2782.19	2642	-0.183175128529413
chr11	0	131549999	2631	2717.17	2631	-0.211272026799412
chr12	0	130849999	2617	2582.79	2617	-0.276749187003509
chr13	0	95899999	1918	2168.95	1918	-0.0803715339203723
chr14	0	88349999	1767	1699.18	1767	-0.314228958630237
chr15	0	82099999	1642	2616.95	1642	0.414666624015924
chr16	0	79149999	1583	2337.73	1583	0.304681448487843
chr17	0	78149999	1563	1986.37	1563	0.0880509904791172
chr18	0	74949999	1499	1548.01	1499	-0.211351201130114
chr19	0	56049999	1121	1335.14	1121	-0.00556085935154133
chr20	0	59849999	1197	1291.06	1197	-0.148632712114183
chr21	0	35549999	711	982.604	711	0.208994943134847
chr22	0	35099999	702	1032.78	702	0.299224423221949
chrX	0	152199999	3044	2911.21	3044	-0.322115055907232
